time,received_at,cloud_event_id,TRACKS.MUNIC.GPS_SPEED (km/h),TRACKS.MUNIC.MDI_CC_DASHBOARD_FUEL_LEVEL_PERCENT (%),TRACKS.MUNIC.MDI_DASHBOARD_FUEL_LEVEL (%),TRACKS.MUNIC.MDI_OBD_FUEL (ml),TRACKS.MUNIC.MDI_OBD_SPEED (km/h)
2025-07-01 06:18:23.000,2025-07-01 06:19:16,2051210768468148460,,,81.0,,
2025-07-02 06:19:27.000,2025-07-02 06:20:23,2051573436983017708,,,81.0,,
2025-07-02 06:20:26.000,2025-07-03 06:21:23,2051936074892050668,,,81.0,,
2025-07-03 06:20:33.000,2025-07-03 06:21:24,2051936081410031852,,,81.0,,
2025-07-03 06:21:34.000,2025-07-03 16:30:30,2052089364883718380,,,81.0,,
2025-07-03 16:29:40.000,2025-07-03 16:30:32,2052089371678474476,,,81.0,,
2025-07-03 16:30:21.000,2025-07-03 16:30:22,2052089329072734444,,80.0,,,
2025-07-03 16:30:21.000,2025-07-03 16:30:44,2052089422358380780,,,,,6.0
2025-07-03 16:30:32.000,2025-07-03 16:33:48,2052090193544003820,,,,,0.0
2025-07-03 16:30:41.000,2025-07-03 16:33:48,2052090193544282348,,,81.0,472360.0,
2025-07-03 16:30:42.000,2025-07-03 16:33:48,2052090193544298732,,,,,11.0
2025-07-03 16:30:47.000,2025-07-03 16:33:48,2052090193544364268,16.910616284022794,,,,
2025-07-03 16:30:52.000,2025-07-03 16:33:48,2052090193544380652,,,,,22.0
2025-07-03 16:31:02.000,2025-07-03 16:33:48,2052090193544397036,,,,,30.000000000000004
2025-07-03 16:31:13.000,2025-07-03 16:33:48,2052090193544429804,,,,,17.0
2025-07-03 16:31:15.000,2025-07-03 16:33:48,2052090193544446188,15.590139949502118,,,,
2025-07-03 16:31:23.000,2025-07-03 16:31:24,2052089589199274220,,63.0,,,
2025-07-03 16:31:23.000,2025-07-03 16:33:48,2052090193544462572,,,,,22.0
2025-07-03 16:31:31.000,2025-07-03 16:33:48,2052090193544495340,30.428367708519826,,,,
2025-07-03 16:31:33.000,2025-07-03 16:33:48,2052090193544511724,,,,,29.0
2025-07-03 16:31:41.000,2025-07-03 16:33:48,2052090193544544492,,,80.0,472440.0,
2025-07-03 16:31:44.000,2025-07-03 16:33:48,2052090193544577260,,,,,18.0
2025-07-03 16:31:50.000,2025-07-03 16:33:48,2052090193544610028,12.775099236358473,,,,
2025-07-03 16:31:54.000,2025-07-03 16:33:48,2052090193544626412,,,,,20.0
2025-07-03 16:32:04.000,2025-07-03 16:33:48,2052090193544659180,15.686443973899141,,,,18.0
2025-07-03 16:32:15.000,2025-07-03 16:33:48,2052090193544708332,,,,,37.0
2025-07-03 16:32:23.000,2025-07-03 16:33:48,2052090193544741100,30.283911671924294,,,,
2025-07-03 16:32:24.000,2025-07-03 16:33:09,2052090031723512044,,78.0,,,
2025-07-03 16:32:25.000,2025-07-03 16:33:48,2052090193544773868,,,,,30.000000000000004
2025-07-03 16:32:35.000,2025-07-03 16:33:48,2052090193544806636,,,,,34.0
2025-07-03 16:32:41.000,2025-07-03 16:33:48,2052090193544823020,31.51363998345546,,,,
2025-07-03 16:32:42.000,2025-07-03 16:33:48,2052090193544839404,,,80.0,472500.0,
2025-07-03 16:32:46.000,2025-07-03 16:33:48,2052090193544872172,,,,,27.0
2025-07-03 16:32:56.000,2025-07-03 16:33:48,2052090193544921324,,,,,40.0
2025-07-03 16:33:06.000,2025-07-03 16:33:48,2052090193544970476,19.34414490051671,,,,21.0
2025-07-03 16:33:17.000,2025-07-03 16:33:48,2052090193545036012,,,,,18.0
2025-07-03 16:33:22.000,2025-07-03 16:33:48,2052090193545052396,38.29010970016113,,,,
2025-07-03 16:33:25.000,2025-07-03 16:33:26,2052090104154947820,,73.0,,,
2025-07-03 16:33:27.000,2025-07-03 16:34:48,2052090445093208300,,,,,46.0
2025-07-03 16:33:37.000,2025-07-03 16:34:48,2052090445093257452,,,,,44.0
2025-07-03 16:33:43.000,2025-07-03 16:34:48,2052090445093290220,,,80.0,472550.0,
2025-07-03 16:33:48.000,2025-07-03 16:34:48,2052090445093322988,,,,,20.0
2025-07-03 16:33:50.000,2025-07-03 16:34:48,2052090445093339372,17.773648502657622,,,,
2025-07-03 16:33:58.000,2025-07-03 16:34:48,2052090445093355756,,,,,47.0
2025-07-03 16:34:09.000,2025-07-03 16:34:48,2052090445093372140,,,,,52.0
2025-07-03 16:34:19.000,2025-07-03 16:34:48,2052090445093404908,,,,,45.0
2025-07-03 16:34:27.000,2025-07-03 16:34:28,2052090362930921708,,95.0,,,
2025-07-03 16:34:29.000,2025-07-03 16:35:49,2052090702975811820,,,,,1.0
2025-07-03 16:34:32.000,2025-07-03 16:35:49,2052090702975828204,12.765839234012606,,,,
2025-07-03 16:34:40.000,2025-07-03 16:35:49,2052090702975860972,,,,,35.0
2025-07-03 16:34:43.000,2025-07-03 16:35:49,2052090702975893740,,,80.0,472580.0,
2025-07-03 16:34:50.000,2025-07-03 16:35:49,2052090702975926508,,,,,40.0
2025-07-03 16:35:00.000,2025-07-03 16:35:49,2052090702975959276,,,,,48.0
2025-07-03 16:35:11.000,2025-07-03 16:35:49,2052090702975975660,,,,,67.0
2025-07-03 16:35:21.000,2025-07-03 16:35:49,2052090702976073964,,,,,70.0
2025-07-03 16:35:28.000,2025-07-03 16:35:33,2052090634193338604,,78.0,,,
2025-07-03 16:35:31.000,2025-07-03 16:36:50,2052090960145301740,,,,,56.0
2025-07-03 16:35:42.000,2025-07-03 16:36:50,2052090960145334508,17.275460376449963,,,,17.0
2025-07-03 16:35:44.000,2025-07-03 16:36:50,2052090960145350892,,,80.0,472660.0,
2025-07-03 16:35:52.000,2025-07-03 16:36:50,2052090960145383660,,,,,51.0
2025-07-03 16:36:00.000,2025-07-03 16:36:50,2052090960145416428,34.28238068486977,,,,
2025-07-03 16:36:02.000,2025-07-03 16:36:50,2052090960145449196,,,,,36.0
2025-07-03 16:36:07.000,2025-07-03 16:36:50,2052090960145465580,39.09017390284406,,,,
2025-07-03 16:36:13.000,2025-07-03 16:36:50,2052090960145481964,35.56581701000698,,,,38.0
2025-07-03 16:36:18.000,2025-07-03 16:36:50,2052090960145514732,37.9641576175866,,,,
2025-07-03 16:36:23.000,2025-07-03 16:36:50,2052090960145531116,,,,,55.0
2025-07-03 16:36:28.000,2025-07-03 16:36:30,2052090873432244460,,77.0,,,
2025-07-03 16:36:34.000,2025-07-03 16:37:49,2052091206770409708,,,,,57.0
2025-07-03 16:36:43.000,2025-07-03 16:37:49,2052091206770458860,60.64375536308469,,,,
2025-07-03 16:36:44.000,2025-07-03 16:37:49,2052091206770475244,,,80.0,472710.0,60.99999999999999
2025-07-03 16:36:55.000,2025-07-03 16:37:49,2052091206770508012,,,,,69.0
2025-07-03 16:37:05.000,2025-07-03 16:37:49,2052091206770524396,,,,,76.0
2025-07-03 16:37:15.000,2025-07-03 16:37:49,2052091206770540780,,,,,71.0
2025-07-03 16:37:26.000,2025-07-03 16:37:49,2052091206770573548,,,,,78.0
2025-07-03 16:37:29.000,2025-07-03 16:37:32,2052091135270076652,,79.0,,,
2025-07-03 16:37:36.000,2025-07-03 16:38:50,2052091462316785900,,,,,75.0
2025-07-03 16:37:45.000,2025-07-03 16:38:50,2052091462316802284,,,79.0,472880.0,
2025-07-03 16:37:47.000,2025-07-03 16:38:50,2052091462316818668,,,,,87.0
2025-07-03 16:37:57.000,2025-07-03 16:38:50,2052091462316851436,,,,,88.0
2025-07-03 16:38:07.000,2025-07-03 16:38:50,2052091462316867820,,,,,90.0
2025-07-03 16:38:15.000,2025-07-03 16:38:50,2052091462316884204,90.97026304579997,,,,
2025-07-03 16:38:18.000,2025-07-03 16:38:50,2052091462316900588,,,,,92.0
2025-07-03 16:38:28.000,2025-07-03 16:38:50,2052091462316916972,,,,,91.0
2025-07-03 16:38:30.000,2025-07-03 16:38:31,2052091383728046316,,77.0,,,
2025-07-03 16:38:39.000,2025-07-03 16:39:51,2052091717640831212,,,,,92.0
2025-07-03 16:38:45.000,2025-07-03 16:39:51,2052091717640847596,,,79.0,473040.0,
2025-07-03 16:38:49.000,2025-07-03 16:39:51,2052091717640880364,,,,,95.0
2025-07-03 16:38:59.000,2025-07-03 16:39:51,2052091717640896748,,,,,94.0
2025-07-03 16:39:20.000,2025-07-03 16:39:51,2052091717640945900,,,,,96.0
2025-07-03 16:39:31.000,2025-07-03 16:39:33,2052091641119916268,,76.0,,,
2025-07-03 16:39:31.000,2025-07-03 16:40:53,2052091975993131244,,,,,91.0
2025-07-03 16:39:41.000,2025-07-03 16:40:53,2052091976043512044,,,,,83.0
2025-07-03 16:39:45.000,2025-07-03 16:40:53,2052091976043528428,84.54011741682976,,79.0,473180.0,
2025-07-03 16:39:51.000,2025-07-03 16:40:53,2052091976043561196,,,,,88.0
2025-07-03 16:40:02.000,2025-07-03 16:40:53,2052091976043577580,,,,,87.0
2025-07-03 16:40:12.000,2025-07-03 16:40:53,2052091976043593964,,,,,89.0
2025-07-03 16:40:23.000,2025-07-03 16:40:53,2052091976043643116,,,,,90.0
2025-07-03 16:40:32.000,2025-07-03 16:40:34,2052091898574684396,,81.0,,,
2025-07-03 16:40:43.000,2025-07-03 16:41:52,2052092227081011436,,,,,88.0
2025-07-03 16:40:45.000,2025-07-03 16:41:52,2052092227081027820,,,79.0,473290.0,
2025-07-03 16:40:54.000,2025-07-03 16:41:52,2052092227081060588,,,,,85.0
2025-07-03 16:40:58.000,2025-07-03 16:41:52,2052092227081076972,83.20112107761734,,,,
2025-07-03 16:41:04.000,2025-07-03 16:41:52,2052092227081093356,,,,,92.0
2025-07-03 16:41:15.000,2025-07-03 16:41:52,2052092227081109740,,,,,94.0
2025-07-03 16:41:33.000,2025-07-03 16:41:35,2052092153936478444,,75.0,,,
2025-07-03 16:41:35.000,2025-07-03 16:42:54,2052092483495559404,,,,,86.0
2025-07-03 16:41:46.000,2025-07-03 16:42:54,2052092483495592172,,,79.0,473410.0,89.0
2025-07-03 16:41:56.000,2025-07-03 16:42:54,2052092483495624940,,,,,84.0
2025-07-03 16:42:06.000,2025-07-03 16:42:54,2052092483495641324,,,,,82.0
2025-07-03 16:42:17.000,2025-07-03 16:42:54,2052092483495657708,,,,,86.0
2025-07-03 16:42:27.000,2025-07-03 16:42:54,2052092483495690476,,,,,89.0
2025-07-03 16:42:28.000,2025-07-03 16:42:54,2052092483495706860,88.2274503509541,,,,
2025-07-03 16:42:34.000,2025-07-03 16:42:36,2052092411198308588,,71.0,,,
2025-07-03 16:42:46.000,2025-07-03 16:44:10,2052092805190320364,,,79.0,473510.0,
2025-07-03 16:42:48.000,2025-07-03 16:44:10,2052092805190336748,,,,,76.0
2025-07-03 16:42:58.000,2025-07-03 16:44:10,2052092805190385900,,,,,75.0
2025-07-03 16:43:09.000,2025-07-03 16:44:10,2052092805190435052,,,,,60.99999999999999
2025-07-03 16:43:19.000,2025-07-03 16:44:10,2052092805190451436,,,,,55.0
2025-07-03 16:43:20.000,2025-07-03 16:44:10,2052092805190467820,54.980337928352284,,,,
2025-07-03 16:43:29.000,2025-07-03 16:44:10,2052092805190484204,,,,,31.0
2025-07-03 16:43:34.000,2025-07-03 16:44:54,2052092989655826668,33.20081241087248,,,,
2025-07-03 16:43:35.000,2025-07-03 16:43:36,2052092660700676332,,68.0,,,
2025-07-03 16:43:40.000,2025-07-03 16:44:54,2052092989655875820,,,,,25.0
2025-07-03 16:43:42.000,2025-07-03 16:44:54,2052092989655892204,20.833153277732166,,,,
2025-07-03 16:43:46.000,2025-07-03 16:44:54,2052092989655908588,,,79.0,473520.0,
2025-07-03 16:43:50.000,2025-07-03 16:44:54,2052092989655924972,,,,,54.0
2025-07-03 16:44:01.000,2025-07-03 16:44:54,2052092989655941356,,,,,68.0
2025-07-03 16:44:11.000,2025-07-03 16:44:54,2052092989655957740,,,,,71.0
2025-07-03 16:44:21.000,2025-07-03 16:44:54,2052092989655990508,,,,,73.0
2025-07-03 16:44:32.000,2025-07-03 16:44:54,2052092989656023276,,,,,68.0
2025-07-03 16:44:36.000,2025-07-03 16:44:37,2052092916716847340,,90.0,,,
2025-07-03 16:44:42.000,2025-07-03 16:45:56,2052093248637288684,,,,,40.0
2025-07-03 16:44:46.000,2025-07-03 16:45:56,2052093248637321452,,,79.0,473680.0,
2025-07-03 16:44:53.000,2025-07-03 16:45:56,2052093248637354220,,,,,74.0
2025-07-03 16:45:03.000,2025-07-03 16:45:56,2052093248637403372,,,,,68.0
2025-07-03 16:45:11.000,2025-07-03 16:45:56,2052093248637419756,65.29968454258676,,,,
2025-07-03 16:45:13.000,2025-07-03 16:45:56,2052093248637436140,,,,,66.0
2025-07-03 16:45:24.000,2025-07-03 16:45:56,2052093248637485292,,,,,53.0
2025-07-03 16:45:34.000,2025-07-03 16:45:56,2052093248637567212,,,,,11.0
2025-07-03 16:45:37.000,2025-07-03 16:45:38,2052093172116373740,,76.0,,,
2025-07-03 16:45:41.000,2025-07-03 16:46:56,2052093500610117868,28.696747269842643,,,,
2025-07-03 16:45:44.000,2025-07-03 16:46:56,2052093500610134252,,,,,41.0
2025-07-03 16:45:46.000,2025-07-03 16:46:56,2052093500610150636,,,79.0,473750.0,
2025-07-03 16:45:55.000,2025-07-03 16:46:56,2052093500614263020,,,,,87.0
2025-07-03 16:46:05.000,2025-07-03 16:46:56,2052093500614295788,,,,,101.0
2025-07-03 16:46:09.000,2025-07-03 16:46:56,2052093500614328556,101.64519375011577,,,,
2025-07-03 16:46:26.000,2025-07-03 16:46:56,2052093500614410476,,,,,93.0
2025-07-03 16:46:36.000,2025-07-03 16:47:57,2052093756420669676,,,,,80.0
2025-07-03 16:46:37.000,2025-07-03 16:46:38,2052093426320539884,,81.0,,,
2025-07-03 16:46:46.000,2025-07-03 16:47:57,2052093756420718828,,,,,32.0
2025-07-03 16:46:47.000,2025-07-03 16:47:57,2052093756420735212,,,78.0,473820.0,
2025-07-03 16:46:57.000,2025-07-03 16:47:57,2052093756420784364,,,,,7.0
2025-07-03 16:47:07.000,2025-07-03 16:47:57,2052093756420817132,,,,,33.0
2025-07-03 16:47:17.000,2025-07-03 16:47:57,2052093756420833516,,,,,60.00000000000001
2025-07-03 16:47:28.000,2025-07-03 16:47:57,2052093756420866284,,,,,56.0
2025-07-03 16:47:38.000,2025-07-03 16:48:58,2052094011883159788,,,,,50.0
2025-07-03 16:47:39.000,2025-07-03 16:47:40,2052093684702249196,,82.0,,,
2025-07-03 16:47:40.000,2025-07-03 16:48:58,2052094011933491436,45.38327149709545,,,,
2025-07-03 16:47:48.000,2025-07-03 16:48:58,2052094011933556972,,,78.0,473870.0,
2025-07-03 16:47:49.000,2025-07-03 16:48:58,2052094011933573356,,,,,31.0
2025-07-03 16:47:59.000,2025-07-03 16:48:58,2052094011933606124,,,,,66.0
2025-07-03 16:48:09.000,2025-07-03 16:48:58,2052094011933622508,,,,,88.0
2025-07-03 16:48:20.000,2025-07-03 16:48:58,2052094011933638892,,,,,98.0
2025-07-03 16:48:30.000,2025-07-03 16:48:58,2052094011933671660,,,,,100.0
2025-07-03 16:48:40.000,2025-07-03 16:48:41,2052093939330056428,,71.0,,,
2025-07-03 16:48:41.000,2025-07-03 16:49:59,2052094268289319148,,,,,98.0
2025-07-03 16:48:48.000,2025-07-03 16:49:59,2052094268289351916,,,78.0,474110.0,
2025-07-03 16:48:51.000,2025-07-03 16:49:59,2052094268289368300,,,,,93.0
2025-07-03 16:49:01.000,2025-07-03 16:49:59,2052094268289401068,,,,,82.0
2025-07-03 16:49:12.000,2025-07-03 16:49:59,2052094268289450220,86.38470988412651,,,,89.0
2025-07-03 16:49:22.000,2025-07-03 16:49:59,2052094268289466604,,,,,94.0
2025-07-03 16:49:32.000,2025-07-03 16:49:59,2052094268289515756,,,,,84.0
2025-07-03 16:49:41.000,2025-07-03 16:49:41,2052094193236443372,,87.0,,,
2025-07-03 16:49:43.000,2025-07-03 16:51:01,2052094527858082028,,,,,73.0
2025-07-03 16:49:48.000,2025-07-03 16:51:01,2052094527858114796,,,78.0,474190.0,
2025-07-03 16:49:53.000,2025-07-03 16:51:01,2052094527858131180,,,,,28.0
2025-07-03 16:49:54.000,2025-07-03 16:51:01,2052094527858147564,27.544802978016754,,,,
2025-07-03 16:50:03.000,2025-07-03 16:51:01,2052094527858163948,,,,,72.0
2025-07-03 16:50:14.000,2025-07-03 16:51:01,2052094527858180332,,,,,89.0
2025-07-03 16:50:24.000,2025-07-03 16:51:01,2052094527858196716,,,,,88.0
2025-07-03 16:50:31.000,2025-07-03 16:51:01,2052094527858278636,86.2254378437776,,,,
2025-07-03 16:50:34.000,2025-07-03 16:51:01,2052094527858311404,,,,,83.0
2025-07-03 16:50:41.000,2025-07-03 16:50:49,2052094476813336812,,75.0,,,
2025-07-03 16:50:45.000,2025-07-03 16:52:01,2052094780195848428,,,,,72.0
2025-07-03 16:50:48.000,2025-07-03 16:52:01,2052094780195864812,,,78.0,474290.0,
2025-07-03 16:50:55.000,2025-07-03 16:52:01,2052094780195897580,,,,,59.0
2025-07-03 16:51:06.000,2025-07-03 16:52:01,2052094780195913964,28.55599523418546,,,,28.0
2025-07-03 16:51:14.000,2025-07-03 16:52:01,2052094780195946732,34.19348466234945,,,,
2025-07-03 16:51:16.000,2025-07-03 16:52:01,2052094780195963116,,,,,43.0
2025-07-03 16:51:26.000,2025-07-03 16:52:01,2052094780195995884,,,,,80.0
2025-07-03 16:51:31.000,2025-07-03 16:52:01,2052094780196012268,81.2102205732559,,,,
2025-07-03 16:51:37.000,2025-07-03 16:52:01,2052094780196045036,,,,,75.0
2025-07-03 16:51:43.000,2025-07-03 16:51:45,2052094712633884908,,81.0,,,
2025-07-03 16:51:47.000,2025-07-03 16:53:02,2052095036442624236,,,,,68.0
2025-07-03 16:51:48.000,2025-07-03 16:53:02,2052095036442640620,,,78.0,474350.0,
2025-07-03 16:51:58.000,2025-07-03 16:53:02,2052095036442689772,,,,,77.0
2025-07-03 16:52:08.000,2025-07-03 16:53:02,2052095036442706156,,,,,78.0
2025-07-03 16:52:18.000,2025-07-03 16:53:02,2052095036442755308,,,,,53.0
2025-07-03 16:52:29.000,2025-07-03 16:53:02,2052095036442804460,,,,,30.000000000000004
2025-07-03 16:52:39.000,2025-07-03 16:53:02,2052095036442837228,,,,,69.0
2025-07-03 16:52:44.000,2025-07-03 16:52:45,2052094963352600812,,77.0,,,
2025-07-03 16:52:48.000,2025-07-03 16:54:03,2052095291963785452,,,78.0,474380.0,
2025-07-03 16:52:49.000,2025-07-03 16:54:03,2052095291963801836,,,,,82.0
2025-07-03 16:53:00.000,2025-07-03 16:54:03,2052095291963867372,,,,,65.0
2025-07-03 16:53:02.000,2025-07-03 16:54:03,2052095291963883756,68.79626142838623,,,,
2025-07-03 16:53:10.000,2025-07-03 16:54:03,2052095291963916524,,,,,51.0
2025-07-03 16:53:20.000,2025-07-03 16:54:03,2052095291963932908,,,,,86.0
2025-07-03 16:53:31.000,2025-07-03 16:54:03,2052095291963982060,,,,,80.0
2025-07-03 16:53:41.000,2025-07-03 16:54:03,2052095291964014828,,,,,73.0
2025-07-03 16:53:44.000,2025-07-03 16:53:46,2052095218253054188,,79.0,,,
2025-07-03 16:53:49.000,2025-07-03 16:55:05,2052095552975323372,,,78.0,474520.0,
2025-07-03 16:53:51.000,2025-07-03 16:55:05,2052095552975339756,,,,,63.0
2025-07-03 16:54:02.000,2025-07-03 16:55:05,2052095552975388908,,,,,36.0
2025-07-03 16:54:06.000,2025-07-03 16:55:05,2052095552975438060,31.884040077290155,,,,
2025-07-03 16:54:12.000,2025-07-03 16:55:05,2052095552975454444,,,,,55.0
2025-07-03 16:54:23.000,2025-07-03 16:55:05,2052095552975470828,77.88217573015118,,,,79.0
2025-07-03 16:54:43.000,2025-07-03 16:55:05,2052095552975536364,,,,,89.0
2025-07-03 16:54:46.000,2025-07-03 16:54:56,2052095515327201516,,80.0,,,
2025-07-03 16:54:50.000,2025-07-03 16:56:06,2052095805132669164,,,78.0,474620.0,
2025-07-03 16:54:54.000,2025-07-03 16:56:06,2052095805132685548,,,,,86.0
2025-07-03 16:55:04.000,2025-07-03 16:56:06,2052095805132734700,,,,,87.0
2025-07-03 16:55:15.000,2025-07-03 16:56:06,2052095805132751084,,,,,79.0
2025-07-03 16:55:25.000,2025-07-03 16:56:06,2052095805132767468,,,,,78.0
2025-07-03 16:55:35.000,2025-07-03 16:56:06,2052095805132865772,,,,,75.0
2025-07-03 16:55:45.000,2025-07-03 16:56:06,2052095805132914924,,,,,78.0
2025-07-03 16:55:46.000,2025-07-03 16:55:48,2052095730411110636,,78.0,,,
2025-07-03 16:55:50.000,2025-07-03 16:57:07,2052096061144629484,,,78.0,474690.0,
2025-07-03 16:55:53.000,2025-07-03 16:57:07,2052096061144645868,77.13767154154347,,,,
2025-07-03 16:56:06.000,2025-07-03 16:57:07,2052096061144727788,,,,,58.0
2025-07-03 16:56:14.000,2025-07-03 16:57:07,2052096061144760556,27.94483507935822,,,,
2025-07-03 16:56:16.000,2025-07-03 16:57:07,2052096061144776940,,,,,33.0
2025-07-03 16:56:27.000,2025-07-03 16:57:07,2052096061144793324,,,,,44.0
2025-07-03 16:56:37.000,2025-07-03 16:57:07,2052096061144809708,,,,,37.0
2025-07-03 16:56:45.000,2025-07-03 16:57:07,2052096061144842476,32.16739614907369,,,,
2025-07-03 16:56:48.000,2025-07-03 16:56:49,2052095988784431340,,66.0,,,
2025-07-03 16:56:48.000,2025-07-03 16:58:08,2052096320373522668,,,,,44.0
2025-07-03 16:56:50.000,2025-07-03 16:58:08,2052096320373539052,55.10627396025607,,78.0,474730.0,
2025-07-03 16:56:58.000,2025-07-03 16:58:08,2052096320373588204,,,,,88.0
2025-07-03 16:57:08.000,2025-07-03 16:58:08,2052096320373620972,,,,,60.99999999999999
2025-07-03 16:57:19.000,2025-07-03 16:58:08,2052096320373653740,,,,,55.0
2025-07-03 16:57:21.000,2025-07-03 16:58:08,2052096320373670124,47.48344002913814,,,,
2025-07-03 16:57:29.000,2025-07-03 16:58:08,2052096320373719276,,,,,24.0
2025-07-03 16:57:39.000,2025-07-03 16:58:08,2052096320373735660,,,,,51.0
2025-07-03 16:57:49.000,2025-07-03 16:57:50,2052096243512918252,,75.0,,,
2025-07-03 16:57:50.000,2025-07-03 16:59:09,2052096574237966572,,,,,71.0
2025-07-03 16:57:51.000,2025-07-03 16:59:09,2052096574288675052,,,77.0,474830.0,
2025-07-03 16:58:00.000,2025-07-03 16:59:09,2052096574288707820,,,,,79.0
2025-07-03 16:58:09.000,2025-07-03 16:59:09,2052096574288740588,41.51999851839963,,,,
2025-07-03 16:58:10.000,2025-07-03 16:59:09,2052096574288756972,,,,,41.0
2025-07-03 16:58:13.000,2025-07-03 16:59:09,2052096574288789740,54.24879774302877,,,,
2025-07-03 16:58:21.000,2025-07-03 16:59:09,2052096574288806124,,,,,74.0
2025-07-03 16:58:26.000,2025-07-03 16:59:09,2052096574288822508,85.8828177569805,,,,
2025-07-03 16:58:31.000,2025-07-03 16:59:09,2052096574288855276,,,,,87.0
2025-07-03 16:58:42.000,2025-07-03 16:59:09,2052096574288871660,90.79802700216685,,,,90.0
2025-07-03 16:58:50.000,2025-07-03 16:58:50,2052096496454615276,,80.0,,,
2025-07-03 16:58:51.000,2025-07-03 17:00:09,2052096826185613548,,,77.0,474930.0,
2025-07-03 16:58:52.000,2025-07-03 17:00:09,2052096826185629932,,,,,94.0
2025-07-03 16:59:02.000,2025-07-03 17:00:09,2052096826185662700,,,,,91.0
2025-07-03 16:59:13.000,2025-07-03 17:00:09,2052096826185679084,,,,,80.0
2025-07-03 16:59:23.000,2025-07-03 17:00:09,2052096826185711852,,,,,83.0
2025-07-03 16:59:33.000,2025-07-03 17:00:09,2052096826185744620,,,,,68.0
2025-07-03 16:59:43.000,2025-07-03 17:00:09,2052096826185793772,31.90626408292024,,,,
2025-07-03 16:59:44.000,2025-07-03 17:00:09,2052096826185810156,,,,,32.0
2025-07-03 16:59:51.000,2025-07-03 16:59:51,2052096752751739116,,78.0,,,
2025-07-03 16:59:51.000,2025-07-03 17:01:11,2052097085842391276,48.02792816707514,,77.0,475020.0,
2025-07-03 16:59:54.000,2025-07-03 17:01:11,2052097085842424044,,,,,67.0
2025-07-03 17:00:02.000,2025-07-03 17:01:11,2052097085842456812,97.86340879206357,,,,
2025-07-03 17:00:05.000,2025-07-03 17:01:11,2052097085842473196,,,,,102.0
2025-07-03 17:00:15.000,2025-07-03 17:01:11,2052097085842505964,113.32020470778521,,,,115.0
2025-07-03 17:00:25.000,2025-07-03 17:01:11,2052097085842522348,,,,,102.0
2025-07-03 17:00:36.000,2025-07-03 17:01:11,2052097085842571500,,,,,87.0
2025-07-03 17:00:46.000,2025-07-03 17:01:11,2052097085842669804,,,,,32.0
2025-07-03 17:00:51.000,2025-07-03 17:00:52,2052097007467626732,,40.0,,,
2025-07-03 17:00:51.000,2025-07-03 17:02:11,2052097338108805356,,,77.0,475150.0,
2025-07-03 17:00:53.000,2025-07-03 17:02:11,2052097338159153388,21.24985338329619,,,,
2025-07-03 17:00:56.000,2025-07-03 17:02:11,2052097338159202540,,,,,38.0
2025-07-03 17:01:00.000,2025-07-03 17:02:11,2052097338159235308,32.217400161741374,,,,
2025-07-03 17:01:07.000,2025-07-03 17:02:11,2052097338159251692,33.17673640477322,,,,34.0
2025-07-03 17:01:17.000,2025-07-03 17:02:11,2052097338159268076,,,,,72.0
2025-07-03 17:01:27.000,2025-07-03 17:02:11,2052097338159284460,,,,,102.0
2025-07-03 17:01:38.000,2025-07-03 17:02:11,2052097338159317228,,,,,107.0
2025-07-03 17:01:48.000,2025-07-03 17:02:11,2052097338159349996,,,,,102.0
2025-07-03 17:01:51.000,2025-07-03 17:03:13,2052097598470291692,,,77.0,475310.0,
2025-07-03 17:01:52.000,2025-07-03 17:01:53,2052097262481309932,,67.0,,,
2025-07-03 17:01:59.000,2025-07-03 17:03:13,2052097598470340844,,,,,106.0
2025-07-03 17:02:09.000,2025-07-03 17:03:13,2052097598470373612,,,,,94.0
2025-07-03 17:02:17.000,2025-07-03 17:03:13,2052097598470389996,31.646984017235955,,,,
2025-07-03 17:02:19.000,2025-07-03 17:03:13,2052097598470406380,,,,,36.0
2025-07-03 17:02:28.000,2025-07-03 17:03:13,2052097598470439148,31.73958404069463,,,,
2025-07-03 17:02:30.000,2025-07-03 17:03:13,2052097598470471916,,,,,34.0
2025-07-03 17:02:40.000,2025-07-03 17:03:13,2052097598470488300,89.86276676523426,,,,91.0
2025-07-03 17:02:50.000,2025-07-03 17:03:13,2052097598470504684,,,,,112.0
2025-07-03 17:02:51.000,2025-07-03 17:03:13,2052097598470521068,,,77.0,475490.0,
2025-07-03 17:02:53.000,2025-07-03 17:02:54,2052097518266777836,,76.0,,,
2025-07-03 17:03:01.000,2025-07-03 17:04:13,2052097851030323436,,,,,116.0
2025-07-03 17:03:11.000,2025-07-03 17:04:13,2052097851030339820,,,,,87.0
2025-07-03 17:03:21.000,2025-07-03 17:04:13,2052097851030372588,,,,,55.0
2025-07-03 17:03:32.000,2025-07-03 17:04:13,2052097851030438124,,,,,46.0
2025-07-03 17:03:41.000,2025-07-03 17:04:13,2052097851030487276,33.997172612617064,,,,
2025-07-03 17:03:42.000,2025-07-03 17:04:13,2052097851030503660,,,,,38.0
2025-07-03 17:03:47.000,2025-07-03 17:04:13,2052097851030536428,34.02310061918549,,,,
2025-07-03 17:03:52.000,2025-07-03 17:04:13,2052097851030569196,,,77.0,475530.0,41.0
2025-07-03 17:03:54.000,2025-07-03 17:03:55,2052097775050424556,,67.0,,,
2025-07-03 17:04:03.000,2025-07-03 17:05:14,2052098107277492460,,,,,71.0
2025-07-03 17:04:13.000,2025-07-03 17:05:14,2052098107277525228,,,,,97.0
2025-07-03 17:04:24.000,2025-07-03 17:05:14,2052098107277557996,,,,,99.0
2025-07-03 17:04:34.000,2025-07-03 17:05:14,2052098107277607148,,,,,98.0
2025-07-03 17:04:44.000,2025-07-03 17:05:14,2052098107277656300,,,,,87.0
2025-07-03 17:04:53.000,2025-07-03 17:05:14,2052098107277689068,,,77.0,475670.0,
2025-07-03 17:04:55.000,2025-07-03 17:06:15,2052098363330969836,,,,,83.0
2025-07-03 17:04:56.000,2025-07-03 17:04:57,2052098033075634412,,70.0,,,
2025-07-03 17:05:05.000,2025-07-03 17:06:15,2052098363331018988,,,,,91.0
2025-07-03 17:05:15.000,2025-07-03 17:06:15,2052098363331035372,,,,,89.0
2025-07-03 17:05:18.000,2025-07-03 17:06:15,2052098363331051756,85.7439177217925,,,,
2025-07-03 17:05:26.000,2025-07-03 17:06:15,2052098363331068140,,,,,82.0
2025-07-03 17:05:53.000,2025-07-03 17:06:15,2052098363331231980,,,77.0,475830.0,
2025-07-03 17:05:57.000,2025-07-03 17:06:05,2052098319471083756,,75.0,,,
2025-07-03 17:05:57.000,2025-07-03 17:07:16,2052098618994721004,,,,,78.0
2025-07-03 17:06:07.000,2025-07-03 17:07:16,2052098618994770156,,,,,82.0
2025-07-03 17:06:17.000,2025-07-03 17:07:16,2052098618994786540,,,,,94.0
2025-07-03 17:06:28.000,2025-07-03 17:07:16,2052098618994802924,,,,,110.0
2025-07-03 17:06:38.000,2025-07-03 17:07:16,2052098618994835692,,,,,102.0
2025-07-03 17:06:49.000,2025-07-03 17:07:16,2052098618994852076,,,,,103.0
2025-07-03 17:06:50.000,2025-07-03 17:07:16,2052098618994868460,104.9491625871212,,,,
2025-07-03 17:06:53.000,2025-07-03 17:07:16,2052098618994884844,,,77.0,475950.0,
2025-07-03 17:06:58.000,2025-07-03 17:06:59,2052098547712557292,,63.0,,,
2025-07-03 17:06:59.000,2025-07-03 17:08:18,2052098876910911724,,,,,110.0
2025-07-03 17:07:07.000,2025-07-03 17:08:18,2052098876910977260,127.89730040064944,,,,129.0
2025-07-03 17:07:09.000,2025-07-03 17:08:18,2052098876910993644,,,,,128.0
2025-07-03 17:07:18.000,2025-07-03 17:08:18,2052098876911026412,116.1037614129529,,,,117.0
2025-07-03 17:07:20.000,2025-07-03 17:08:18,2052098876911042796,,,,,118.0
2025-07-03 17:07:30.000,2025-07-03 17:08:18,2052098876911059180,,,,,117.0
2025-07-03 17:07:41.000,2025-07-03 17:08:18,2052098876911091948,,,,,121.99999999999999
2025-07-03 17:07:46.000,2025-07-03 17:08:18,2052098876911108332,131.79020538685202,,,,134.0
2025-07-03 17:07:51.000,2025-07-03 17:08:18,2052098876911124716,,,,,130.0
2025-07-03 17:07:53.000,2025-07-03 17:08:18,2052098876911141100,,,76.0,476130.0,
2025-07-03 17:08:00.000,2025-07-03 17:08:01,2052098804907245804,,74.0,,,
2025-07-03 17:08:00.000,2025-07-03 17:09:18,2052099130951500012,110.88852809176046,,,,114.0
2025-07-03 17:08:01.000,2025-07-03 17:09:18,2052099130951516396,,,,,111.0
2025-07-03 17:08:12.000,2025-07-03 17:09:18,2052099130951549164,,,,,116.0
2025-07-03 17:08:21.000,2025-07-03 17:09:18,2052099130951565548,106.85301906943151,,,,
2025-07-03 17:08:22.000,2025-07-03 17:09:18,2052099130951581932,,,,,108.0
2025-07-03 17:08:32.000,2025-07-03 17:09:18,2052099130951598316,,,,,128.0
2025-07-03 17:08:33.000,2025-07-03 17:09:18,2052099130951614700,126.3082839980986,,,,127.0
2025-07-03 17:08:52.000,2025-07-03 17:09:18,2052099130951647468,120.67449857087298,,,,121.99999999999999
2025-07-03 17:08:53.000,2025-07-03 17:09:18,2052099130951663852,,,77.0,476270.0,
2025-07-03 17:09:01.000,2025-07-03 17:09:02,2052099061548318956,,77.0,,,
2025-07-03 17:09:03.000,2025-07-03 17:10:19,2052099386342637804,,,,,120.00000000000001
2025-07-03 17:09:14.000,2025-07-03 17:10:19,2052099386342670572,,,,,128.0
2025-07-03 17:09:16.000,2025-07-03 17:10:19,2052099386342686956,127.42874428194857,,,,129.0
2025-07-03 17:09:24.000,2025-07-03 17:10:19,2052099386342719724,,,,,115.0
2025-07-03 17:09:25.000,2025-07-03 17:10:19,2052099386342736108,113.48318074907247,,,,114.0
2025-07-03 17:09:34.000,2025-07-03 17:10:19,2052099386342785260,,,,,101.0
2025-07-03 17:09:45.000,2025-07-03 17:10:19,2052099386342850796,,,,,90.0
2025-07-03 17:09:51.000,2025-07-03 17:10:19,2052099386342867180,89.0089945489453,,,,
2025-07-03 17:09:53.000,2025-07-03 17:10:19,2052099386342883564,,,76.0,476400.0,
2025-07-03 17:10:02.000,2025-07-03 17:10:03,2052099317807743212,,78.0,,,
2025-07-03 17:10:06.000,2025-07-03 17:11:20,2052099640987255020,,,,,80.0
2025-07-03 17:10:16.000,2025-07-03 17:11:20,2052099640987271404,,,,,81.0
2025-07-03 17:10:26.000,2025-07-03 17:11:20,2052099640987287788,,,,,80.0
2025-07-03 17:10:37.000,2025-07-03 17:11:20,2052099640987320556,,,,,83.0
2025-07-03 17:10:47.000,2025-07-03 17:11:20,2052099640987435244,,,,,88.0
2025-07-03 17:10:53.000,2025-07-03 17:11:20,2052099640987451628,,,76.0,476500.0,
2025-07-03 17:10:58.000,2025-07-03 17:11:20,2052099640987484396,,,,,99.0
2025-07-03 17:10:59.000,2025-07-03 17:11:20,2052099640987500780,98.64680499052393,,,,
2025-07-03 17:11:03.000,2025-07-03 17:11:06,2052099580501164268,,82.0,,,
2025-07-03 17:11:08.000,2025-07-03 17:12:20,2052099892511359212,,,,,97.0
2025-07-03 17:11:18.000,2025-07-03 17:12:20,2052099892511375596,,,,,107.0
2025-07-03 17:11:29.000,2025-07-03 17:12:20,2052099892511408364,,,,,110.0
2025-07-03 17:11:39.000,2025-07-03 17:12:20,2052099892511441132,,,,,107.0
2025-07-03 17:11:50.000,2025-07-03 17:12:20,2052099892511457516,,,,,105.0
2025-07-03 17:11:54.000,2025-07-03 17:12:20,2052099892511473900,,,76.0,476580.0,
2025-07-03 17:12:04.000,2025-07-03 17:12:08,2052099840011141356,,76.0,,,
2025-07-03 17:12:10.000,2025-07-03 17:13:21,2052100149898952940,,,,,114.0
2025-07-03 17:12:21.000,2025-07-03 17:13:21,2052100149898969324,,,,,113.0
2025-07-03 17:12:29.000,2025-07-03 17:13:21,2052100149898985708,110.66814003592881,,,,
2025-07-03 17:12:31.000,2025-07-03 17:13:21,2052100149899002092,,,,,112.0
2025-07-03 17:12:42.000,2025-07-03 17:13:21,2052100149899034860,,,,,108.0
2025-07-03 17:12:52.000,2025-07-03 17:13:21,2052100149899051244,,,,,111.0
2025-07-03 17:12:54.000,2025-07-03 17:13:21,2052100149899067628,,,76.0,476820.0,
2025-07-03 17:13:02.000,2025-07-03 17:14:22,2052100404870709484,,,,,118.0
2025-07-03 17:13:05.000,2025-07-03 17:13:06,2052100087324131564,,75.0,,,
2025-07-03 17:13:13.000,2025-07-03 17:14:22,2052100404870775020,,,,,123.0
2025-07-03 17:13:17.000,2025-07-03 17:14:22,2052100404870807788,122.57835505318329,,,,124.0
2025-07-03 17:13:22.000,2025-07-03 17:14:22,2052100404870824172,121.86718687302069,,,,
2025-07-03 17:13:23.000,2025-07-03 17:14:22,2052100404870840556,,,,,121.99999999999999
2025-07-03 17:13:29.000,2025-07-03 17:14:22,2052100404870856940,119.72627433065618,,,,120.99999999999999
2025-07-03 17:13:33.000,2025-07-03 17:14:22,2052100404870873324,,,,,120.00000000000001
2025-07-03 17:13:54.000,2025-07-03 17:14:22,2052100404870938860,,,76.0,476950.0,117.0
2025-07-03 17:14:05.000,2025-07-03 17:15:22,2052100656948314348,,,,,113.0
2025-07-03 17:14:06.000,2025-07-03 17:14:07,2052100340601372908,,73.0,,,
2025-07-03 17:14:15.000,2025-07-03 17:15:22,2052100656998678764,,,,,118.0
2025-07-03 17:14:25.000,2025-07-03 17:15:22,2052100656998695148,,,,,123.0
2025-07-03 17:14:36.000,2025-07-03 17:15:22,2052100656998727916,,,,,119.00000000000001
2025-07-03 17:14:46.000,2025-07-03 17:15:22,2052100656998760684,,,,,111.0
2025-07-03 17:14:53.000,2025-07-03 17:15:22,2052100656998777068,110.69221604202806,,,,
2025-07-03 17:14:54.000,2025-07-03 17:15:22,2052100656998793452,,,76.0,477070.0,
2025-07-03 17:14:57.000,2025-07-03 17:15:22,2052100656998809836,,,,,114.0
2025-07-03 17:15:07.000,2025-07-03 17:15:08,2052100597515092204,,76.0,,,
2025-07-03 17:15:07.000,2025-07-03 17:16:24,2052100915099353324,,,,,125.0
2025-07-03 17:15:08.000,2025-07-03 17:16:24,2052100915099369708,124.6562995795959,,,,127.0
2025-07-03 17:15:17.000,2025-07-03 17:16:24,2052100915099402476,,,,,129.0
2025-07-03 17:15:28.000,2025-07-03 17:16:24,2052100915099418860,112.83868458580011,,,,115.0
2025-07-03 17:15:38.000,2025-07-03 17:16:24,2052100915099451628,,,,,106.0
2025-07-03 17:15:48.000,2025-07-03 17:16:24,2052100915099549932,,,,,105.0
2025-07-03 17:15:55.000,2025-07-03 17:16:24,2052100915099566316,,,76.0,477240.0,
2025-07-03 17:16:08.000,2025-07-03 17:16:09,2052100853505999084,,71.0,,,
2025-07-03 17:16:09.000,2025-07-03 17:17:24,2052101166803730668,,,,,109.0
2025-07-03 17:16:20.000,2025-07-03 17:17:24,2052101166803763436,,,,,116.0
2025-07-03 17:16:24.000,2025-07-03 17:17:24,2052101166803779820,116.33526147159958,,,,
2025-07-03 17:16:30.000,2025-07-03 17:17:24,2052101166803796204,,,,,119.00000000000001
2025-07-03 17:16:40.000,2025-07-03 17:17:24,2052101166803828972,,,,,116.0
2025-07-03 17:16:51.000,2025-07-03 17:17:24,2052101166803845356,,,,,111.0
2025-07-03 17:16:55.000,2025-07-03 17:17:24,2052101166803861740,,,76.0,477390.0,
2025-07-03 17:17:01.000,2025-07-03 17:17:24,2052101166803894508,,,,,101.0
2025-07-03 17:17:09.000,2025-07-03 17:17:10,2052101109484355820,,79.0,,,
2025-07-03 17:17:11.000,2025-07-03 17:18:25,2052101425370005740,63.82178816818634,,,,
2025-07-03 17:17:12.000,2025-07-03 17:18:25,2052101425370022124,,,,,64.0
2025-07-03 17:17:22.000,2025-07-03 17:18:25,2052101425370038508,,,,,4.0
2025-07-03 17:17:29.001,2025-07-03 17:18:25,2052101425370153196,13.338107378987203,,,,
2025-07-03 17:17:32.001,2025-07-03 17:18:25,2052101425370251500,,,,,0.0
2025-07-03 17:17:42.000,2025-07-03 17:18:25,2052101425370398956,,,,,60.99999999999999
2025-07-03 17:17:56.000,2025-07-03 17:18:25,2052101425370431724,,,76.0,477440.0,
2025-07-03 17:17:58.000,2025-07-03 17:18:25,2052101425370448108,48.292764234166945,,,,
2025-07-03 17:18:03.000,2025-07-03 17:18:25,2052101425370464492,,,,,27.0
2025-07-03 17:18:07.000,2025-07-03 17:19:26,2052101679871951084,23.087037848716257,,,,
2025-07-03 17:18:10.000,2025-07-03 17:18:11,2052101366062514412,,74.0,,,
2025-07-03 17:18:14.000,2025-07-03 17:19:26,2052101679872000236,,,,,32.0
2025-07-03 17:18:17.000,2025-07-03 17:19:26,2052101679872033004,20.6146172223697,,,,
2025-07-03 17:18:24.000,2025-07-03 17:19:26,2052101679872065772,,,,,17.0
2025-07-03 17:18:34.000,2025-07-03 17:19:26,2052101679872098540,,,,,10.0
2025-07-03 17:18:45.000,2025-07-03 17:19:26,2052101679872180460,,,,,0.0
2025-07-03 17:18:56.000,2025-07-03 17:19:26,2052101679872245996,,,76.0,477460.0,
2025-07-03 17:19:48.000,2025-07-03 17:20:26,2052101931383521516,0.0,,,,
2025-07-03 17:19:56.000,2025-07-03 17:20:26,2052101931383537900,,,76.0,,
2025-07-03 17:20:57.000,2025-07-03 17:21:18,2052102148958961900,,,76.0,,
2025-07-03 17:21:57.000,2025-07-03 17:22:19,2052102403817373932,,,76.0,,
2025-07-03 17:22:40.000,2025-07-03 17:22:41,2052102496750420204,,68.0,,,
2025-07-03 17:22:44.000,2025-07-03 17:24:02,2052102837000749292,,,,,11.0
2025-07-03 17:22:54.000,2025-07-03 17:24:02,2052102837000814828,,,,,13.0
2025-07-03 17:22:58.000,2025-07-03 17:24:02,2052102837000831212,,,76.0,477490.0,
2025-07-03 17:23:03.000,2025-07-03 17:24:02,2052102837000863980,5.167081308993932,,,,
2025-07-03 17:23:04.000,2025-07-03 17:24:02,2052102837000880364,,,,,3.0
2025-07-03 17:23:15.000,2025-07-03 17:24:02,2052102837000929516,,,,,10.0
2025-07-03 17:23:25.000,2025-07-03 17:24:02,2052102837000978668,,,,,15.000000000000002
2025-07-03 17:23:35.000,2025-07-03 17:24:02,2052102837001011436,,,,,39.0
2025-07-03 17:23:42.000,2025-07-03 17:23:43,2052102755983556844,,73.0,,,
2025-07-03 17:23:46.000,2025-07-03 17:25:04,2052103096321966316,,,,,55.0
2025-07-03 17:23:56.000,2025-07-03 17:25:04,2052103096321982700,,,,,32.0
2025-07-03 17:23:58.000,2025-07-03 17:25:04,2052103096321999084,,,75.0,477530.0,
2025-07-03 17:24:06.000,2025-07-03 17:25:04,2052103096322048236,,,,,30.000000000000004
2025-07-03 17:24:17.000,2025-07-03 17:25:04,2052103096322081004,,,,,62.0
2025-07-03 17:24:27.000,2025-07-03 17:25:04,2052103096322097388,,,,,44.0
2025-07-03 17:24:33.000,2025-07-03 17:25:04,2052103096322113772,0.0,,,,
2025-07-03 17:24:38.000,2025-07-03 17:25:04,2052103096322212076,,,,,0.0
2025-07-03 17:24:46.000,2025-07-03 17:24:47,2052103023928295660,,62.0,,,
2025-07-03 17:24:48.000,2025-07-03 17:26:04,2052103348378747116,,,,,55.0
2025-07-03 17:24:58.000,2025-07-03 17:26:04,2052103348378763500,,,,,85.0
2025-07-03 17:24:59.000,2025-07-03 17:26:04,2052103348378779884,,,75.0,477650.0,
2025-07-03 17:25:06.000,2025-07-03 17:26:04,2052103348378796268,90.54615493835927,,,,
2025-07-03 17:25:08.000,2025-07-03 17:26:04,2052103348378812652,,,,,89.0
2025-07-03 17:25:19.000,2025-07-03 17:26:04,2052103348378845420,,,,,93.0
2025-07-03 17:25:29.000,2025-07-03 17:26:04,2052103348378861804,,,,,96.0
2025-07-03 17:25:35.000,2025-07-03 17:26:04,2052103348378878188,85.96800977856249,,,,
2025-07-03 17:25:40.000,2025-07-03 17:26:04,2052103348378894572,,,,,88.0
2025-07-03 17:25:47.000,2025-07-03 17:25:50,2052103289016697068,,64.0,,,
2025-07-03 17:25:50.000,2025-07-03 17:27:05,2052103604164133100,,,,,91.0
2025-07-03 17:25:59.000,2025-07-03 17:27:05,2052103604164149484,,,75.0,477880.0,
2025-07-03 17:26:00.000,2025-07-03 17:27:05,2052103604164165868,,,,,89.0
2025-07-03 17:26:11.000,2025-07-03 17:27:05,2052103604164182252,,,,,95.0
2025-07-03 17:26:21.000,2025-07-03 17:27:05,2052103604164215020,,,,,98.0
2025-07-03 17:26:32.000,2025-07-03 17:27:05,2052103604164231404,,,,,100.0
2025-07-03 17:26:42.000,2025-07-03 17:27:05,2052103604164247788,,,,,101.0
2025-07-03 17:26:49.000,2025-07-03 17:26:50,2052103541002076396,,72.0,,,
2025-07-03 17:26:52.000,2025-07-03 17:28:07,2052103863275684076,,,,,105.0
2025-07-03 17:27:00.000,2025-07-03 17:28:07,2052103863275700460,,,74.0,478140.0,
2025-07-03 17:27:03.000,2025-07-03 17:28:07,2052103863275716844,,,,,87.0
2025-07-03 17:27:06.000,2025-07-03 17:28:07,2052103863275733228,80.0508682795533,,,,
2025-07-03 17:27:13.000,2025-07-03 17:28:07,2052103863275765996,,,,,60.00000000000001
2025-07-03 17:27:19.000,2025-07-03 17:28:07,2052103863275798764,26.81696679363159,,,,
2025-07-03 17:27:24.000,2025-07-03 17:28:07,2052103863275815148,,,,,16.0
2025-07-03 17:27:30.000,2025-07-03 17:28:07,2052103863275831532,37.84377758709032,,,,
2025-07-03 17:27:34.000,2025-07-03 17:28:07,2052103863275847916,,,,,57.0
2025-07-03 17:27:44.000,2025-07-03 17:28:07,2052103863275978988,,,,,85.0
2025-07-03 17:27:50.000,2025-07-03 17:27:51,2052103797030781164,,76.0,,,
2025-07-03 17:27:55.000,2025-07-03 17:29:07,2052104115286294764,,,,,93.0
2025-07-03 17:28:00.000,2025-07-03 17:29:07,2052104115286327532,,,74.0,478280.0,
2025-07-03 17:28:05.000,2025-07-03 17:29:07,2052104115286343916,,,,,96.0
2025-07-03 17:28:15.000,2025-07-03 17:29:07,2052104115286393068,,,,,79.0
2025-07-03 17:28:26.000,2025-07-03 17:29:07,2052104115286425836,,,,,93.0
2025-07-03 17:28:36.000,2025-07-03 17:29:07,2052104115286442220,,,,,89.0
2025-07-03 17:28:46.000,2025-07-03 17:29:07,2052104115286474988,,,,,93.0
2025-07-03 17:28:51.000,2025-07-03 17:28:52,2052104053885763820,,70.0,,,
2025-07-03 17:28:57.000,2025-07-03 17:30:08,2052104373718253804,,,,,95.0
2025-07-03 17:29:00.000,2025-07-03 17:30:08,2052104373718270188,,,74.0,478330.0,
2025-07-03 17:29:01.000,2025-07-03 17:30:08,2052104373718286572,93.7093717397075,,,,
2025-07-03 17:29:18.000,2025-07-03 17:30:08,2052104373718335724,,,,,99.0
2025-07-03 17:29:28.000,2025-07-03 17:30:08,2052104373718352108,,,,,90.0
2025-07-03 17:29:38.000,2025-07-03 17:30:08,2052104373718368492,,,,,96.0
2025-07-03 17:29:49.000,2025-07-03 17:31:10,2052104630686449900,,,,,92.0
2025-07-03 17:29:52.000,2025-07-03 17:29:53,2052104308337410284,,70.0,,,
2025-07-03 17:29:59.000,2025-07-03 17:31:10,2052104630686499052,,,,,96.0
2025-07-03 17:30:00.000,2025-07-03 17:31:10,2052104630686515436,,,73.0,478550.0,
2025-07-03 17:30:09.000,2025-07-03 17:31:10,2052104630686564588,,,,,91.0
2025-07-03 17:30:20.000,2025-07-03 17:31:10,2052104630686597356,,,,,85.0
2025-07-03 17:30:28.000,2025-07-03 17:31:10,2052104630686613740,75.50050312679414,,,,
2025-07-03 17:30:30.000,2025-07-03 17:31:10,2052104630686630124,,,,,75.0
2025-07-03 17:30:41.000,2025-07-03 17:31:10,2052104630686662892,,,,,85.0
2025-07-03 17:30:51.000,2025-07-03 17:32:10,2052104882617336044,,,,,82.0
2025-07-03 17:30:53.000,2025-07-03 17:30:54,2052104565163065580,,67.0,,,
2025-07-03 17:31:00.000,2025-07-03 17:32:10,2052104882617385196,,,73.0,478670.0,
2025-07-03 17:31:01.000,2025-07-03 17:32:10,2052104882617401580,,,,,94.0
2025-07-03 17:31:12.000,2025-07-03 17:32:10,2052104882617434348,,,,,99.0
2025-07-03 17:31:22.000,2025-07-03 17:32:10,2052104882617467116,,,,,101.0
2025-07-03 17:31:23.000,2025-07-03 17:32:10,2052104882617483500,99.58762122886407,,,,
2025-07-03 17:31:32.000,2025-07-03 17:32:10,2052104882617499884,,,,,95.0
2025-07-03 17:31:43.000,2025-07-03 17:32:10,2052104882617516268,,,,,83.0
2025-07-03 17:31:49.000,2025-07-03 17:32:10,2052104882617565420,81.09169254322877,,,,
2025-07-03 17:31:53.000,2025-07-03 17:33:12,2052105145084281068,,,,,96.0
2025-07-03 17:31:54.000,2025-07-03 17:31:56,2052104823133815020,,68.0,,,
2025-07-03 17:32:00.000,2025-07-03 17:33:12,2052105145084330220,,,74.0,478710.0,
2025-07-03 17:32:04.000,2025-07-03 17:33:12,2052105145084346604,,,,,108.0
2025-07-03 17:32:14.000,2025-07-03 17:33:12,2052105145084395756,,,,,83.0
2025-07-03 17:32:24.000,2025-07-03 17:33:12,2052105145084428524,,,,,59.0
2025-07-03 17:32:35.000,2025-07-03 17:33:12,2052105145084444908,75.0356510090316,,,,77.0
2025-07-03 17:32:41.000,2025-07-03 17:33:12,2052105145084461292,74.22447480353364,,,,
2025-07-03 17:32:45.000,2025-07-03 17:33:12,2052105145084543212,,,,,79.0
2025-07-03 17:32:55.000,2025-07-03 17:32:59,2052105089589444844,,77.0,,,
2025-07-03 17:32:55.000,2025-07-03 17:34:13,2052105397879177452,,,,,84.0
2025-07-03 17:33:00.000,2025-07-03 17:34:13,2052105397879226604,,,73.0,478850.0,
2025-07-03 17:33:06.000,2025-07-03 17:34:13,2052105397879259372,,,,,89.0
2025-07-03 17:33:16.000,2025-07-03 17:34:13,2052105397879292140,,,,,85.0
2025-07-03 17:33:20.000,2025-07-03 17:34:13,2052105397879324908,80.94353250569492,,,,
2025-07-03 17:33:26.000,2025-07-03 17:34:13,2052105397879357676,,,,,80.0
2025-07-03 17:33:37.000,2025-07-03 17:34:13,2052105397879406828,,,,,73.0
2025-07-03 17:33:38.000,2025-07-03 17:34:13,2052105397879423212,71.60574614012236,,,,
2025-07-03 17:33:47.000,2025-07-03 17:34:13,2052105397879472364,,,,,79.0
2025-07-03 17:33:51.000,2025-07-03 17:34:13,2052105397879488748,65.43302857636725,,,,
2025-07-03 17:33:56.000,2025-07-03 17:33:57,2052105331839860972,,76.0,,,
2025-07-03 17:33:57.000,2025-07-03 17:35:13,2052105649759961324,,,,,87.0
2025-07-03 17:34:01.000,2025-07-03 17:35:13,2052105649760010476,,,73.0,478940.0,
2025-07-03 17:34:07.000,2025-07-03 17:35:13,2052105649760043244,,,,,102.0
2025-07-03 17:34:18.000,2025-07-03 17:35:13,2052105649760059628,,,,,103.0
2025-07-03 17:34:28.000,2025-07-03 17:35:13,2052105649760108780,,,,,84.0
2025-07-03 17:34:39.000,2025-07-03 17:35:13,2052105649760125164,,,,,64.0
2025-07-03 17:34:49.000,2025-07-03 17:35:13,2052105649760174316,,,,,84.0
2025-07-03 17:34:57.000,2025-07-03 17:34:58,2052105589433041132,,79.0,,,
2025-07-03 17:34:59.000,2025-07-03 17:36:14,2052105905776017644,,,,,79.0
2025-07-03 17:35:01.000,2025-07-03 17:36:14,2052105905776034028,,,73.0,478980.0,
2025-07-03 17:35:10.000,2025-07-03 17:36:14,2052105905776066796,,,,,96.0
2025-07-03 17:35:20.000,2025-07-03 17:36:14,2052105905776099564,,,,,94.0
2025-07-03 17:35:21.000,2025-07-03 17:36:14,2052105905776115948,92.72225548963807,,,,
2025-07-03 17:35:31.000,2025-07-03 17:36:14,2052105905776132332,,,,,60.00000000000001
2025-07-03 17:35:35.000,2025-07-03 17:36:14,2052105905776148716,59.85850716415516,,,,
2025-07-03 17:35:41.000,2025-07-03 17:36:14,2052105905776165100,,,,,78.0
2025-07-03 17:35:51.000,2025-07-03 17:36:14,2052105905776230636,,,,,89.0
2025-07-03 17:35:58.000,2025-07-03 17:36:00,2052105849018515692,,76.0,,,
2025-07-03 17:36:02.000,2025-07-03 17:37:15,2052106162010128620,,,73.0,479230.0,86.0
2025-07-03 17:36:09.000,2025-07-03 17:37:15,2052106162010145004,73.51886262477855,,,,
2025-07-03 17:36:12.000,2025-07-03 17:37:15,2052106162010161388,,,,,76.0
2025-07-03 17:36:22.000,2025-07-03 17:37:15,2052106162010194156,,,,,81.0
2025-07-03 17:36:33.000,2025-07-03 17:37:15,2052106162010210540,,,,,84.0
2025-07-03 17:36:43.000,2025-07-03 17:37:15,2052106162010243308,,,,,76.0
2025-07-03 17:36:53.000,2025-07-03 17:37:15,2052106162010276076,49.82436862217339,,,,50.0
2025-07-03 17:37:00.000,2025-07-03 17:37:01,2052106103017193708,,70.0,,,
2025-07-03 17:37:02.000,2025-07-03 17:38:17,2052106421704638700,,,73.0,479380.0,
2025-07-03 17:37:04.000,2025-07-03 17:38:17,2052106421704655084,,,,,49.0
2025-07-03 17:37:10.000,2025-07-03 17:38:17,2052106421704671468,50.328112749788566,,,,
2025-07-03 17:37:14.000,2025-07-03 17:38:17,2052106421704687852,,,,,53.0
2025-07-03 17:37:15.000,2025-07-03 17:38:17,2052106421704704236,51.13188095340985,,,,
2025-07-03 17:37:20.000,2025-07-03 17:38:17,2052106421704753388,36.66960928963436,,,,
2025-07-03 17:37:25.000,2025-07-03 17:38:17,2052106421704802540,,,,,49.0
2025-07-03 17:37:26.000,2025-07-03 17:38:17,2052106421704818924,51.759709112459646,,,,
2025-07-03 17:37:32.000,2025-07-03 17:38:17,2052106421704835308,54.033965688604646,,,,
2025-07-03 17:37:35.000,2025-07-03 17:38:17,2052106421704851692,,,,,48.0
2025-07-03 17:37:37.000,2025-07-03 17:38:17,2052106421704868076,47.029699914190644,,,,
2025-07-03 17:37:41.000,2025-07-03 17:38:17,2052106421704884460,51.165216961854966,,,,
2025-07-03 17:37:45.000,2025-07-03 17:38:17,2052106421704900844,,,,,54.0
2025-07-03 17:37:56.000,2025-07-03 17:39:17,2052106676433060076,,,,,48.0
2025-07-03 17:38:01.000,2025-07-03 17:38:02,2052106358303490284,,78.0,,,
2025-07-03 17:38:02.000,2025-07-03 17:39:17,2052106676433076460,33.7712285553779,,73.0,479440.0,
2025-07-03 17:38:06.000,2025-07-03 17:39:17,2052106676433125612,,,,,32.0
2025-07-03 17:38:09.000,2025-07-03 17:39:17,2052106676433141996,36.527005253508,,,,
2025-07-03 17:38:16.000,2025-07-03 17:39:17,2052106676433158380,,,,,18.0
2025-07-03 17:38:18.000,2025-07-03 17:39:17,2052106676433174764,17.36620839943946,,,,
2025-07-03 17:38:27.000,2025-07-03 17:39:17,2052106676433207532,,,,,30.000000000000004
2025-07-03 17:38:28.000,2025-07-03 17:39:17,2052106676433223916,33.54898849907708,,,,
2025-07-03 17:38:36.000,2025-07-03 17:39:17,2052106676433256684,7.21539382789977,,,,
2025-07-03 17:38:37.000,2025-07-03 17:39:17,2052106676433273068,,,,,3.0
2025-07-03 17:38:46.000,2025-07-03 17:39:17,2052106676433322220,38.71977380900937,,,,
2025-07-03 17:38:47.000,2025-07-03 17:39:17,2052106676433338604,,,,,39.0
2025-07-03 17:38:58.000,2025-07-03 17:40:18,2052106932243677420,,,,,57.0
2025-07-03 17:39:01.000,2025-07-03 17:39:02,2052106613023572204,,71.0,,,
2025-07-03 17:39:02.000,2025-07-03 17:40:18,2052106932243693804,,,72.0,479520.0,
2025-07-03 17:39:08.000,2025-07-03 17:40:18,2052106932243742956,,,,,43.0
2025-07-03 17:39:13.000,2025-07-03 17:40:18,2052106932243759340,14.916011778722988,,,,
2025-07-03 17:39:19.000,2025-07-03 17:40:18,2052106932243775724,,,,,15.000000000000002
2025-07-03 17:39:29.000,2025-07-03 17:40:18,2052106932243808492,,,,,27.0
2025-07-03 17:39:39.000,2025-07-03 17:40:18,2052106932243906796,,,,,0.0
2025-07-03 17:40:03.000,2025-07-03 17:40:04,2052106871522754796,,71.0,,,
2025-07-03 17:40:03.000,2025-07-03 17:40:58,2052107099936145644,,,72.0,479540.0,
2025-07-03 17:40:05.000,2025-07-03 17:40:58,2052107099936162028,0.0,,,,
2025-07-03 17:40:20.000,2025-07-03 17:40:58,2052107099936211180,,,,,13.0
2025-07-03 17:40:31.000,2025-07-03 17:40:58,2052107099936243948,,,,,0.0
2025-07-03 17:41:03.000,2025-07-03 17:41:59,2052107355268645100,,,72.0,,
2025-07-03 17:42:03.000,2025-07-03 17:43:00,2052107611075051756,,,72.0,,
2025-07-03 17:43:04.000,2025-07-03 17:44:01,2052107866600440044,,,72.0,,
2025-07-03 17:44:04.000,2025-07-03 17:45:02,2052108122202374380,,,72.0,,
2025-07-03 17:45:05.000,2025-07-03 17:46:03,2052108378406207724,0.290764073660232,,72.0,,
2025-07-03 17:45:43.000,2025-07-03 17:45:44,2052108295606386924,,63.0,,,
2025-07-03 17:45:43.000,2025-07-03 17:46:03,2052108378406469868,,,,,11.0
2025-07-03 17:45:53.001,2025-07-03 17:47:06,2052108643020783852,,,,,0.0
2025-07-03 17:46:05.000,2025-07-03 17:47:06,2052108643021045996,,,72.0,479570.0,
2025-07-03 17:46:44.000,2025-07-03 17:46:45,2052108554592059628,,77.0,,,
2025-07-03 17:46:45.000,2025-07-03 17:47:06,2052108643021144300,,,,,10.0
2025-07-03 17:46:55.000,2025-07-03 17:48:06,2052108894288773356,,,,,0.0
2025-07-03 17:47:05.000,2025-07-03 17:48:06,2052108894288789740,,,72.0,479580.0,
2025-07-03 17:47:26.000,2025-07-03 17:48:06,2052108894288855276,26.150246624729146,,,,26.0
2025-07-03 17:47:36.000,2025-07-03 17:48:06,2052108894288888044,,,,,10.0
2025-07-03 17:47:44.000,2025-07-03 17:48:06,2052108894288904428,3.74474494866872,,,,
2025-07-03 17:47:46.000,2025-07-03 17:47:48,2052108817654694124,,68.0,,,
2025-07-03 17:47:54.000,2025-07-03 17:49:07,2052109150535762156,38.30677770438369,,,,
2025-07-03 17:47:57.000,2025-07-03 17:49:07,2052109150535794924,,,,,44.0
2025-07-03 17:48:06.000,2025-07-03 17:49:07,2052109150535811308,,,72.0,479590.0,
2025-07-03 17:48:08.000,2025-07-03 17:49:07,2052109150535827692,,,,,42.0
2025-07-03 17:48:09.000,2025-07-03 17:49:07,2052109150535844076,41.54222252402971,,,,
2025-07-03 17:48:19.000,2025-07-03 17:49:07,2052109150535876844,41.492218511362026,,,,
2025-07-03 17:48:28.000,2025-07-03 17:49:07,2052109150535909612,,,,,29.0
2025-07-03 17:48:29.000,2025-07-03 17:49:07,2052109150535925996,25.2464703957725,,,,
2025-07-03 17:48:38.000,2025-07-03 17:49:07,2052109150535942380,27.052170853216616,,,,
2025-07-03 17:48:39.000,2025-07-03 17:49:07,2052109150535958764,,,,,27.0
2025-07-03 17:48:48.000,2025-07-03 17:48:49,2052109072022372588,,79.0,,,
2025-07-03 17:48:49.000,2025-07-03 17:50:10,2052109412050419948,,,,,30.000000000000004
2025-07-03 17:48:59.000,2025-07-03 17:50:10,2052109412050452716,39.89579410693451,,,,
2025-07-03 17:49:00.000,2025-07-03 17:50:10,2052109412050469100,,,,,40.0
2025-07-03 17:49:06.000,2025-07-03 17:50:10,2052109412050501868,,,72.0,479610.0,
2025-07-03 17:49:10.000,2025-07-03 17:50:10,2052109412050518252,,,,,43.0
2025-07-03 17:49:20.000,2025-07-03 17:50:10,2052109412050534636,,,,,40.0
2025-07-03 17:49:31.000,2025-07-03 17:50:10,2052109412050583788,,,,,35.0
2025-07-03 17:49:37.000,2025-07-03 17:50:10,2052109412050600172,34.74167680122479,,,,
2025-07-03 17:49:41.000,2025-07-03 17:50:10,2052109412050616556,,,,,47.0
2025-07-03 17:49:49.000,2025-07-03 17:49:51,2052109331561709804,,74.0,,,
2025-07-03 17:49:51.000,2025-07-03 17:51:10,2052109663188566252,,,,,50.0
2025-07-03 17:50:02.000,2025-07-03 17:51:10,2052109663188599020,,,,,41.0
2025-07-03 17:50:06.000,2025-07-03 17:51:10,2052109663188615404,,,72.0,479640.0,
2025-07-03 17:50:08.000,2025-07-03 17:51:10,2052109663188631788,39.08461790143654,,,,
2025-07-03 17:50:12.000,2025-07-03 17:51:10,2052109663188648172,,,,,38.0
2025-07-03 17:50:16.000,2025-07-03 17:51:10,2052109663188664556,36.27513318970041,,,,
2025-07-03 17:50:22.000,2025-07-03 17:51:10,2052109663188680940,43.168278935964,,,,
2025-07-03 17:50:23.000,2025-07-03 17:51:10,2052109663188697324,,,,,48.0
2025-07-03 17:50:33.000,2025-07-03 17:51:10,2052109663188730092,,,,,55.0
2025-07-03 17:50:43.000,2025-07-03 17:51:10,2052109663188812012,,,,,49.0
2025-07-03 17:50:50.000,2025-07-03 17:50:52,2052109587623985388,,53.0,,,
2025-07-03 17:50:54.000,2025-07-03 17:52:10,2052109918059626732,,,,,53.0
2025-07-03 17:50:58.000,2025-07-03 17:52:10,2052109918059643116,51.874533141548405,,,,
2025-07-03 17:51:04.000,2025-07-03 17:52:10,2052109918059659500,,,,,44.0
2025-07-03 17:51:06.000,2025-07-03 17:52:10,2052109918059675884,37.49930549982406,,72.0,479750.0,
2025-07-03 17:51:14.000,2025-07-03 17:52:10,2052109918059708652,,,,,27.0
2025-07-03 17:51:17.000,2025-07-03 17:52:10,2052109918059725036,33.302672436677014,,,,
2025-07-03 17:51:25.000,2025-07-03 17:52:10,2052109918059741420,,,,,26.0
2025-07-03 17:51:35.000,2025-07-03 17:52:10,2052109918059790572,,,,,12.0
2025-07-03 17:51:39.000,2025-07-03 17:52:10,2052109918059806956,0.37040009383469047,,,,
2025-07-03 17:51:45.001,2025-07-03 17:52:10,2052109918059938028,,,,,0.0
2025-07-03 17:51:52.000,2025-07-03 17:51:53,2052109846282502380,,60.0,,,
2025-07-03 17:52:06.000,2025-07-03 17:52:47,2052110071437164780,,,,,1.0
2025-07-03 17:52:07.000,2025-07-03 17:52:47,2052110071437181164,,,72.0,479790.0,
2025-07-03 17:52:16.000,2025-07-03 17:52:47,2052110071437197548,,,,,0.0
2025-07-03 17:53:07.000,2025-07-03 17:53:48,2052110328061395180,,,72.0,,
2025-07-03 17:53:09.000,2025-07-03 17:53:48,2052110328061427948,0.0,,,,
2025-07-03 17:54:08.000,2025-07-03 17:54:47,2052110574485061868,,,72.0,,
2025-07-03 17:55:08.000,2025-07-03 17:55:48,2052110830341832940,,,72.0,,
2025-07-03 17:56:08.000,2025-07-03 17:56:48,2052111084734742764,,,72.0,,
2025-07-03 17:57:09.000,2025-07-03 17:57:49,2052111338913808620,,,72.0,,
2025-07-03 17:58:09.000,2025-07-03 17:58:50,2052111593843638508,,,72.0,,
2025-07-03 17:59:09.000,2025-07-03 17:59:31,2052111765164146924,,,72.0,,
2025-07-04 17:59:42.000,2025-07-04 18:00:33,2052474415513338092,,,72.0,,
2025-07-04 18:00:42.000,2025-07-05 18:01:43,2052837094442762476,,,72.0,,
2025-07-05 18:00:49.000,2025-07-05 18:01:44,2052837101409403116,,,72.0,,
2025-07-06 18:01:55.000,2025-07-06 18:02:47,2053199749967790316,,,72.0,,
2025-07-07 04:30:53.000,2025-07-07 04:31:44,2053358032670163180,,,72.0,,
2025-07-07 04:31:53.000,2025-07-07 04:32:37,2053358255941402860,,,72.0,,
2025-07-07 04:32:26.000,2025-07-07 04:32:27,2053358211657908460,,73.0,,,
2025-07-07 04:32:32.000,2025-07-07 04:33:50,2053358561723302124,13.06771531048788,,,,
2025-07-07 04:32:35.000,2025-07-07 04:33:50,2053358561723318508,,,,,13.0
2025-07-07 04:32:46.000,2025-07-07 04:33:50,2053358561723334892,,,,,20.0
2025-07-07 04:32:53.000,2025-07-07 04:33:50,2053358561723351276,,,71.0,479820.0,
2025-07-07 04:32:56.000,2025-07-07 04:33:50,2053358561723384044,,,,,35.0
2025-07-07 04:33:07.000,2025-07-07 04:33:50,2053358561723400428,,,,,34.0
2025-07-07 04:33:17.000,2025-07-07 04:33:50,2053358561723416812,36.606641273682456,,,,37.0
2025-07-07 04:33:27.000,2025-07-07 04:33:58,2053358594245525740,,74.0,,,
2025-07-07 04:33:27.000,2025-07-07 04:34:39,2053358767390605548,,,,,27.0
2025-07-07 04:33:32.000,2025-07-07 04:34:39,2053358767390638316,10.93791477093841,,,,
2025-07-07 04:33:38.000,2025-07-07 04:34:39,2053358767390671084,,,,,1.0
2025-07-07 04:33:48.000,2025-07-07 04:34:39,2053358767390703852,,,,,27.0
2025-07-07 04:33:49.000,2025-07-07 04:34:39,2053358767390720236,27.86890306012211,,,,
2025-07-07 04:33:53.000,2025-07-07 04:34:39,2053358767390736620,,,71.0,479910.0,
2025-07-07 04:33:59.000,2025-07-07 04:34:39,2053358767390769388,,,,,45.0
2025-07-07 04:34:09.000,2025-07-07 04:34:39,2053358767390785772,,,,,53.0
2025-07-07 04:34:19.000,2025-07-07 04:34:39,2053358767390802156,,,,,56.0
2025-07-07 04:34:28.000,2025-07-07 04:34:29,2053358723673358572,,71.0,,,
2025-07-07 04:34:30.000,2025-07-07 04:35:40,2053359023171846380,,,,,58.0
2025-07-07 04:34:40.000,2025-07-07 04:35:40,2053359023171862764,,,,,59.0
2025-07-07 04:34:50.000,2025-07-07 04:35:40,2053359023171879148,,,,,60.99999999999999
2025-07-07 04:34:54.000,2025-07-07 04:35:40,2053359023171895532,59.99185119793564,,71.0,479940.0,
2025-07-07 04:35:01.000,2025-07-07 04:35:40,2053359023171928300,,,,,56.0
2025-07-07 04:35:11.000,2025-07-07 04:35:40,2053359023171944684,,,,,60.00000000000001
2025-07-07 04:35:13.000,2025-07-07 04:35:40,2053359023171961068,61.96978769901288,,,,
2025-07-07 04:35:22.000,2025-07-07 04:36:41,2053359279070511340,,,,,64.0
2025-07-07 04:35:29.000,2025-07-07 04:35:32,2053358990095548652,,72.0,,,
2025-07-07 04:35:31.000,2025-07-07 04:36:41,2053359279141847276,54.09693370455654,,,,
2025-07-07 04:35:32.000,2025-07-07 04:36:41,2053359279141863660,,,,,54.0
2025-07-07 04:35:37.000,2025-07-07 04:36:41,2053359279141880044,54.022853685789606,,,,
2025-07-07 04:35:42.000,2025-07-07 04:36:41,2053359279141896428,,,,,56.0
2025-07-07 04:35:53.000,2025-07-07 04:36:41,2053359279141912812,,,,,48.0
2025-07-07 04:35:54.000,2025-07-07 04:36:41,2053359279141929196,,,71.0,479980.0,
2025-07-07 04:35:58.000,2025-07-07 04:36:41,2053359279141961964,45.1425114361029,,,,
2025-07-07 04:36:03.000,2025-07-07 04:36:41,2053359279141978348,47.05933192169742,,,,
2025-07-07 04:36:14.000,2025-07-07 04:36:41,2053359279141994732,,,,,57.0
2025-07-07 04:36:24.000,2025-07-07 04:37:42,2053359535262793964,,,,,52.0
2025-07-07 04:36:31.000,2025-07-07 04:36:32,2053359238624837868,,73.0,,,
2025-07-07 04:36:34.000,2025-07-07 04:37:42,2053359535304835308,,,,,51.0
2025-07-07 04:36:45.000,2025-07-07 04:37:42,2053359535304851692,,,,,55.0
2025-07-07 04:36:54.000,2025-07-07 04:37:42,2053359535304868076,48.10571218678043,,71.0,479990.0,
2025-07-07 04:36:55.000,2025-07-07 04:37:42,2053359535304884460,,,,,47.0
2025-07-07 04:37:00.000,2025-07-07 04:37:42,2053359535304900844,46.55373579361307,,,,
2025-07-07 04:37:06.000,2025-07-07 04:37:42,2053359535304917228,,,,,48.0
2025-07-07 04:37:15.000,2025-07-07 04:37:42,2053359535304982764,15.26789186786594,,,,
2025-07-07 04:37:16.001,2025-07-07 04:37:42,2053359535305015532,,,,,11.0
2025-07-07 04:37:26.000,2025-07-07 04:38:44,2053359794848284908,22.90554180273726,,,,23.0
2025-07-07 04:37:32.000,2025-07-07 04:37:33,2053359495773438188,,65.0,,,
2025-07-07 04:37:37.000,2025-07-07 04:38:44,2053359794848317676,,,,,9.0
2025-07-07 04:37:47.000,2025-07-07 04:38:44,2053359794848465132,,,,,0.0
2025-07-07 04:37:55.000,2025-07-07 04:38:44,2053359794848776428,,,71.0,480030.0,
2025-07-07 04:37:59.000,2025-07-07 04:38:44,2053359794848825580,0.03148400797594869,,,,
2025-07-07 04:38:28.000,2025-07-07 04:39:44,2053360046347124972,,,,,3.0
2025-07-07 04:38:33.000,2025-07-07 04:38:34,2053359751680491756,,75.0,,,
2025-07-07 04:38:39.000,2025-07-07 04:39:44,2053360046347174124,,,,,11.0
2025-07-07 04:38:49.000,2025-07-07 04:39:44,2053360046347190508,,,,,9.0
2025-07-07 04:38:55.000,2025-07-07 04:39:44,2053360046347206892,,,71.0,480050.0,
2025-07-07 04:39:00.000,2025-07-07 04:39:44,2053360046347239660,,,,,3.0
2025-07-07 04:39:20.000,2025-07-07 04:39:44,2053360046347272428,,,,,0.0
2025-07-07 04:39:34.000,2025-07-07 04:39:35,2053360005926617324,,66.0,,,
2025-07-07 04:39:56.000,2025-07-07 04:40:45,2053360301700612332,,,71.0,480060.0,
2025-07-07 04:40:35.000,2025-07-07 04:40:36,2053360263431717100,,70.0,,,
2025-07-07 04:40:56.000,2025-07-07 04:41:46,2053360557645447404,,,71.0,480070.0,
2025-07-07 04:41:25.000,2025-07-07 04:41:46,2053360557645529324,,,,,7.0
2025-07-07 04:41:29.000,2025-07-07 04:42:48,2053360817268605164,,,,480080.0,
2025-07-07 04:41:36.000,2025-07-07 04:41:37,2053360518550257900,,67.0,,,
2025-07-07 04:41:36.000,2025-07-07 04:42:48,2053360817268621548,,,,,13.0
2025-07-07 04:41:46.000,2025-07-07 04:42:48,2053360817268654316,,,,,21.0
2025-07-07 04:41:50.000,2025-07-07 04:42:48,2053360817268670700,30.176495644712233,,,,
2025-07-07 04:41:56.000,2025-07-07 04:42:48,2053360817268687084,,,71.0,480090.0,18.0
2025-07-07 04:42:05.000,2025-07-07 04:42:48,2053360817268752620,14.999351799835791,,,,
2025-07-07 04:42:07.000,2025-07-07 04:42:48,2053360817268769004,,,,,22.0
2025-07-07 04:42:17.000,2025-07-07 04:42:48,2053360817268785388,,,,,44.0
2025-07-07 04:42:27.000,2025-07-07 04:42:48,2053360817268900076,,,,,42.0
2025-07-07 04:42:37.000,2025-07-07 04:42:38,2053360773509513452,,73.0,,,
2025-07-07 04:42:38.000,2025-07-07 04:43:48,2053361069019103468,,,,,26.0
2025-07-07 04:42:48.000,2025-07-07 04:43:48,2053361069019136236,,,,,25.0
2025-07-07 04:42:55.000,2025-07-07 04:43:48,2053361069019152620,24.107490107230827,,,,
2025-07-07 04:42:56.000,2025-07-07 04:43:48,2053361069019169004,,,71.0,480120.0,
2025-07-07 04:42:59.000,2025-07-07 04:43:48,2053361069019185388,,,,,24.0
2025-07-07 04:43:06.000,2025-07-07 04:43:48,2053361069019218156,31.721064036002893,,,,
2025-07-07 04:43:09.000,2025-07-07 04:43:48,2053361069019250924,,,,,31.0
2025-07-07 04:43:17.000,2025-07-07 04:43:48,2053361069019267308,28.402279195244066,,,,
2025-07-07 04:43:19.000,2025-07-07 04:43:48,2053361069019283692,,,,,32.0
2025-07-07 04:43:23.000,2025-07-07 04:43:48,2053361069019300076,37.82155358146024,,,,
2025-07-07 04:43:29.000,2025-07-07 04:44:50,2053361328201924844,41.25331045083865,,,,
2025-07-07 04:43:30.000,2025-07-07 04:44:50,2053361328201941228,,,,,45.0
2025-07-07 04:43:38.000,2025-07-07 04:43:39,2053361030544752876,,81.0,,,
2025-07-07 04:43:40.000,2025-07-07 04:44:50,2053361328201957612,,,,,50.0
2025-07-07 04:43:42.000,2025-07-07 04:44:50,2053361328201973996,49.20765246593863,,,,
2025-07-07 04:43:50.000,2025-07-07 04:44:50,2053361328201990380,,,,,45.0
2025-07-07 04:43:57.000,2025-07-07 04:44:50,2053361328202006764,,,71.0,480140.0,
2025-07-07 04:44:01.000,2025-07-07 04:44:50,2053361328202039532,40.85883435090471,,,,44.0
2025-07-07 04:44:07.000,2025-07-07 04:44:50,2053361328202072300,41.1032984128356,,,,
2025-07-07 04:44:11.000,2025-07-07 04:44:50,2053361328202088684,,,,,56.0
2025-07-07 04:44:13.000,2025-07-07 04:44:50,2053361328202105068,55.624834091624635,,,,
2025-07-07 04:44:18.000,2025-07-07 04:44:50,2053361328202121452,53.8487656416873,,,,
2025-07-07 04:44:22.000,2025-07-07 04:44:50,2053361328202137836,,,,,54.0
2025-07-07 04:44:32.000,2025-07-07 04:45:50,2053361579646255340,,,,,51.0
2025-07-07 04:44:39.000,2025-07-07 04:44:40,2053361285256446188,,70.0,,,
2025-07-07 04:44:42.000,2025-07-07 04:45:50,2053361579646288108,,,,,70.0
2025-07-07 04:44:53.000,2025-07-07 04:45:50,2053361579646304492,,,,,71.0
2025-07-07 04:44:57.000,2025-07-07 04:45:50,2053361579646320876,,,71.0,480260.0,
2025-07-07 04:45:03.000,2025-07-07 04:45:50,2053361579646353644,,,,,72.0
2025-07-07 04:45:14.000,2025-07-07 04:45:50,2053361579646370028,,,,,73.0
2025-07-07 04:45:21.000,2025-07-07 04:45:50,2053361579646386412,67.37762906899937,,,,
2025-07-07 04:45:34.000,2025-07-07 04:46:51,2053361836106973420,70.72048991585746,,,,
2025-07-07 04:45:40.000,2025-07-07 04:46:03,2053361637129191660,,64.0,,,
2025-07-07 04:45:55.000,2025-07-07 04:46:51,2053361836148998380,,,,,66.0
2025-07-07 04:45:57.000,2025-07-07 04:46:51,2053361836149014764,,,71.0,480340.0,
2025-07-07 04:46:00.000,2025-07-07 04:46:51,2053361836149047532,54.14323371628588,,,,
2025-07-07 04:46:06.000,2025-07-07 04:46:51,2053361836149063916,,,,,74.0
2025-07-07 04:46:16.000,2025-07-07 04:46:51,2053361836149080300,,,,,78.0
2025-07-07 04:46:26.000,2025-07-07 04:46:51,2053361836149096684,,,,,77.0
2025-07-07 04:46:37.000,2025-07-07 04:47:52,2053362092475416812,,,,,65.0
2025-07-07 04:46:41.000,2025-07-07 04:46:42,2053361797628428524,,69.0,,,
2025-07-07 04:46:47.000,2025-07-07 04:47:52,2053362092517392620,,,,,69.0
2025-07-07 04:46:58.000,2025-07-07 04:47:52,2053362092517409004,,,71.0,480370.0,71.0
2025-07-07 04:47:08.000,2025-07-07 04:47:52,2053362092517441772,,,,,60.00000000000001
2025-07-07 04:47:19.000,2025-07-07 04:47:52,2053362092517458156,,,,,78.0
2025-07-07 04:47:29.000,2025-07-07 04:47:52,2053362092517589228,,,,,87.0
2025-07-07 04:47:31.000,2025-07-07 04:47:52,2053362092517621996,85.49019365751573,,,,
2025-07-07 04:47:39.000,2025-07-07 04:48:53,2053362347837227244,,,,,83.0
2025-07-07 04:47:42.000,2025-07-07 04:48:11,2053362170405585132,,70.0,,,
2025-07-07 04:47:50.000,2025-07-07 04:48:53,2053362347879219436,,,,,80.0
2025-07-07 04:47:58.000,2025-07-07 04:48:53,2053362347879235820,,,71.0,480410.0,
2025-07-07 04:48:00.000,2025-07-07 04:48:53,2053362347879252204,,,,,67.0
2025-07-07 04:48:14.000,2025-07-07 04:48:53,2053362347879284972,64.07736423293227,,,,
2025-07-07 04:48:21.000,2025-07-07 04:48:53,2053362347879301356,,,,,69.0
2025-07-07 04:48:27.000,2025-07-07 04:48:53,2053362347879317740,66.455332835351,,,,
2025-07-07 04:48:31.000,2025-07-07 04:48:53,2053362347879350508,,,,,67.0
2025-07-07 04:48:40.000,2025-07-07 04:49:53,2053362602075259116,62.44204781865213,,,,
2025-07-07 04:48:42.000,2025-07-07 04:48:53,2053362348810305772,,65.0,,,
2025-07-07 04:48:42.000,2025-07-07 04:49:53,2053362602116907244,,,,,63.0
2025-07-07 04:48:47.000,2025-07-07 04:49:53,2053362602116956396,65.57192861155525,,,,
2025-07-07 04:48:52.000,2025-07-07 04:49:53,2053362602116972780,,,,,74.0
2025-07-07 04:48:58.000,2025-07-07 04:49:53,2053362602116989164,,,70.0,480570.0,
2025-07-07 04:49:02.000,2025-07-07 04:49:53,2053362602117021932,,,,,80.0
2025-07-07 04:49:13.000,2025-07-07 04:49:53,2053362602117038316,,,,,60.00000000000001
2025-07-07 04:49:23.000,2025-07-07 04:49:53,2053362602117054700,,,,,65.0
2025-07-07 04:49:30.000,2025-07-07 04:49:53,2053362602117071084,71.09829801156884,,,,
2025-07-07 04:49:34.000,2025-07-07 04:50:54,2053362856757297388,,,,,68.0
2025-07-07 04:49:43.000,2025-07-07 04:49:44,2053362562984050924,,76.0,,,
2025-07-07 04:49:44.000,2025-07-07 04:50:54,2053362856799240428,,,,,58.0
2025-07-07 04:49:54.000,2025-07-07 04:50:54,2053362856799289580,,,,,86.0
2025-07-07 04:49:58.000,2025-07-07 04:50:54,2053362856799305964,,,70.0,480660.0,
2025-07-07 04:50:05.000,2025-07-07 04:50:54,2053362856799338732,,,,,85.0
2025-07-07 04:50:15.000,2025-07-07 04:50:54,2053362856799355116,,,,,80.0
2025-07-07 04:50:26.000,2025-07-07 04:50:54,2053362856799371500,,,,,72.0
2025-07-07 04:50:36.000,2025-07-07 04:51:55,2053363111540293868,,,,,68.0
2025-07-07 04:50:44.000,2025-07-07 04:50:45,2053362818702377196,,63.0,,,
2025-07-07 04:50:46.000,2025-07-07 04:51:55,2053363111582236908,,,,,80.0
2025-07-07 04:50:57.000,2025-07-07 04:51:55,2053363111582302444,81.84730873465156,,,,83.0
2025-07-07 04:50:59.000,2025-07-07 04:51:55,2053363111582318828,,,70.0,480820.0,
2025-07-07 04:51:07.000,2025-07-07 04:51:55,2053363111582351596,,,,,87.0
2025-07-07 04:51:18.000,2025-07-07 04:51:55,2053363111582367980,,,,,89.0
2025-07-07 04:51:28.000,2025-07-07 04:51:55,2053363111582384364,,,,,80.0
2025-07-07 04:51:38.000,2025-07-07 04:52:56,2053363367548027116,,,,,71.0
2025-07-07 04:51:45.000,2025-07-07 04:51:46,2053363074529755372,,70.0,,,
2025-07-07 04:51:49.000,2025-07-07 04:52:56,2053363367589986540,,,,,64.0
2025-07-07 04:51:59.000,2025-07-07 04:52:56,2053363367590002924,,,70.0,481000.0,70.0
2025-07-07 04:52:10.000,2025-07-07 04:52:56,2053363367590035692,,,,,75.0
2025-07-07 04:52:20.000,2025-07-07 04:52:56,2053363367590052076,,,,,82.0
2025-07-07 04:52:26.000,2025-07-07 04:52:56,2053363367590183148,87.03476204880639,,,,
2025-07-07 04:52:30.000,2025-07-07 04:52:56,2053363367590199532,,,,,81.0
2025-07-07 04:52:41.000,2025-07-07 04:53:57,2053363624033911020,,,,,84.0
2025-07-07 04:52:46.000,2025-07-07 04:52:47,2053363330592014572,,67.0,,,
2025-07-07 04:52:51.000,2025-07-07 04:53:57,2053363624075886828,,,,,92.0
2025-07-07 04:52:59.000,2025-07-07 04:53:57,2053363624075903212,,,70.0,481130.0,
2025-07-07 04:53:01.000,2025-07-07 04:53:57,2053363624075919596,,,,,83.0
2025-07-07 04:53:12.000,2025-07-07 04:53:57,2053363624075935980,,,,,91.0
2025-07-07 04:53:22.000,2025-07-07 04:53:57,2053363624075952364,,,,,88.0
2025-07-07 04:53:33.000,2025-07-07 04:53:57,2053363624075985132,,,,,81.0
2025-07-07 04:53:43.000,2025-07-07 04:54:58,2053363879840481516,,,,,91.0
2025-07-07 04:53:47.000,2025-07-07 04:53:48,2053363586830434540,,68.0,,,
2025-07-07 04:53:53.000,2025-07-07 04:54:58,2053363879840530668,,,,,90.0
2025-07-07 04:53:58.000,2025-07-07 04:54:58,2053363879840547052,90.32761888299679,,,,
2025-07-07 04:54:00.000,2025-07-07 04:54:58,2053363879840563436,,,70.0,481230.0,
2025-07-07 04:54:04.000,2025-07-07 04:54:58,2053363879840596204,,,,,91.0
2025-07-07 04:54:14.000,2025-07-07 04:54:58,2053363879840612588,,,,,83.0
2025-07-07 04:54:25.000,2025-07-07 04:54:58,2053363879840628972,,,,,80.0
2025-07-07 04:54:35.000,2025-07-07 04:54:58,2053363879840661740,,,,,89.0
2025-07-07 04:54:46.000,2025-07-07 04:56:00,2053364138863755500,,,,,90.0
2025-07-07 04:54:48.000,2025-07-07 04:54:48,2053363839310758124,,70.0,,,
2025-07-07 04:54:56.000,2025-07-07 04:56:00,2053364138905747692,,,,,68.0
2025-07-07 04:55:00.000,2025-07-07 04:56:00,2053364138905764076,,,70.0,481310.0,
2025-07-07 04:55:06.000,2025-07-07 04:56:00,2053364138905796844,,,,,35.0
2025-07-07 04:55:11.000,2025-07-07 04:56:00,2053364138905813228,31.487711976887034,,,,
2025-07-07 04:55:17.000,2025-07-07 04:56:00,2053364138905829612,,,,,58.0
2025-07-07 04:55:27.000,2025-07-07 04:56:00,2053364138905845996,,,,,71.0
2025-07-07 04:55:30.000,2025-07-07 04:56:00,2053364138905862380,75.70792717934155,,,,
2025-07-07 04:55:38.000,2025-07-07 04:56:00,2053364138905895148,,,,,100.0
2025-07-07 04:55:48.000,2025-07-07 04:57:00,2053364390689767660,,,,,97.0
2025-07-07 04:55:49.000,2025-07-07 04:55:50,2053364095599509740,,66.0,,,
2025-07-07 04:55:58.000,2025-07-07 04:57:00,2053364390731743468,,,,,93.0
2025-07-07 04:56:00.000,2025-07-07 04:57:00,2053364390731759852,,,70.0,481390.0,
2025-07-07 04:56:09.000,2025-07-07 04:57:00,2053364390731792620,,,,,92.0
2025-07-07 04:56:19.000,2025-07-07 04:57:00,2053364390731809004,,,,,87.0
2025-07-07 04:56:30.000,2025-07-07 04:57:00,2053364390731825388,,,,,91.0
2025-07-07 04:56:34.000,2025-07-07 04:57:00,2053364390731858156,86.13098581984974,,,,
2025-07-07 04:56:40.000,2025-07-07 04:58:02,2053364650229104876,,,,,81.0
2025-07-07 04:56:50.000,2025-07-07 04:56:50,2053364351171051756,,73.0,,,
2025-07-07 04:56:50.000,2025-07-07 04:58:02,2053364650271064300,,,,,80.0
2025-07-07 04:56:51.000,2025-07-07 04:58:02,2053364650271080684,78.58223190749875,,,,
2025-07-07 04:57:01.000,2025-07-07 04:58:02,2053364650271113452,,,70.0,481410.0,
2025-07-07 04:57:06.000,2025-07-07 04:58:02,2053364650271146220,83.49929315315427,,,,
2025-07-07 04:57:11.000,2025-07-07 04:58:02,2053364650271162604,,,,,94.0
2025-07-07 04:57:21.000,2025-07-07 04:58:02,2053364650271178988,,,,,89.0
2025-07-07 04:57:32.000,2025-07-07 04:58:02,2053364650271293676,,,,,83.0
2025-07-07 04:57:42.000,2025-07-07 04:59:02,2053364903481180396,,,,,84.0
2025-07-07 04:57:51.000,2025-07-07 04:57:52,2053364611058499820,,67.0,,,
2025-07-07 04:57:53.000,2025-07-07 04:59:02,2053364903481196780,,,,,56.0
2025-07-07 04:58:01.000,2025-07-07 04:59:02,2053364903481213164,,,70.0,481450.0,
2025-07-07 04:58:03.000,2025-07-07 04:59:02,2053364903481229548,,,,,20.0
2025-07-07 04:58:13.000,2025-07-07 04:59:02,2053364903481327852,,,,,0.0
2025-07-07 04:58:23.000,2025-07-07 04:59:02,2053364903481622764,,,,,45.0
2025-07-07 04:58:34.000,2025-07-07 04:59:02,2053364903481639148,,,,,53.0
2025-07-07 04:58:37.000,2025-07-07 04:59:02,2053364903481655532,43.90907912363338,,,,
2025-07-07 04:58:44.000,2025-07-07 05:00:03,2053365159337918700,,,,,16.0
2025-07-07 04:58:52.000,2025-07-07 04:58:53,2053364865858273516,,56.99999999999999,,,
2025-07-07 04:58:54.000,2025-07-07 05:00:03,2053365159379894508,,,,,30.000000000000004
2025-07-07 04:59:02.000,2025-07-07 05:00:03,2053365159379910892,,,70.0,481470.0,
2025-07-07 04:59:05.000,2025-07-07 05:00:03,2053365159379943660,,,,,46.0
2025-07-07 04:59:15.000,2025-07-07 05:00:03,2053365159379960044,,,,,45.0
2025-07-07 04:59:22.000,2025-07-07 05:00:03,2053365159379976428,26.85585880348423,,,,
2025-07-07 04:59:26.000,2025-07-07 05:00:03,2053365159379992812,,,,,34.0
2025-07-07 04:59:30.000,2025-07-07 05:00:03,2053365159380009196,39.90135010834204,,,,
2025-07-07 04:59:36.000,2025-07-07 05:00:03,2053365159380041964,,,,,48.0
2025-07-07 04:59:46.000,2025-07-07 05:01:05,2053365417975480556,,,,,55.0
2025-07-07 04:59:53.000,2025-07-07 04:59:54,2053365119978569964,,67.0,,,
2025-07-07 04:59:57.000,2025-07-07 05:01:05,2053365418013294828,,,,,59.0
2025-07-07 05:00:02.000,2025-07-07 05:01:05,2053365418013311212,,,70.0,481540.0,
2025-07-07 05:00:07.000,2025-07-07 05:01:05,2053365418013343980,,,,,58.0
2025-07-07 05:00:17.000,2025-07-07 05:01:05,2053365418013360364,,,,,36.0
2025-07-07 05:00:20.000,2025-07-07 05:01:05,2053365418013376748,39.72541006377055,,,,
2025-07-07 05:00:25.000,2025-07-07 05:01:05,2053365418013393132,51.46709303833023,,,,
2025-07-07 05:00:28.000,2025-07-07 05:01:05,2053365418013409516,,,,,49.0
2025-07-07 05:00:31.000,2025-07-07 05:01:05,2053365418013425900,43.71461907437016,,,,
2025-07-07 05:00:35.000,2025-07-07 05:01:05,2053365418013475052,49.07986443356567,,,,
2025-07-07 05:00:38.000,2025-07-07 05:01:05,2053365418013491436,,,,,66.0
2025-07-07 05:00:49.000,2025-07-07 05:02:05,2053365671986741484,,,,,89.0
2025-07-07 05:00:54.000,2025-07-07 05:00:55,2053365377194262764,,71.0,,,
2025-07-07 05:00:59.000,2025-07-07 05:02:05,2053365672028717292,,,,,99.0
2025-07-07 05:01:02.000,2025-07-07 05:02:05,2053365672028733676,,,70.0,481640.0,
2025-07-07 05:01:09.000,2025-07-07 05:02:05,2053365672028766444,,,,,112.0
2025-07-07 05:01:20.000,2025-07-07 05:02:05,2053365672028782828,,,,,110.0
2025-07-07 05:01:30.000,2025-07-07 05:02:05,2053365672028799212,,,,,109.0
2025-07-07 05:01:41.000,2025-07-07 05:02:05,2053365672028831980,,,,,112.0
2025-07-07 05:01:55.000,2025-07-07 05:01:56,2053365632769982700,,68.0,,,
2025-07-07 05:02:02.000,2025-07-07 05:03:05,2053365922722267372,,,69.0,481910.0,
2025-07-07 05:02:06.000,2025-07-07 05:03:05,2053365922722300140,110.14217190268356,,,,
2025-07-07 05:02:12.000,2025-07-07 05:03:05,2053365922722316524,,,,,113.0
2025-07-07 05:02:22.000,2025-07-07 05:03:05,2053365922722332908,,,,,111.0
2025-07-07 05:02:32.000,2025-07-07 05:03:05,2053365922722431212,,,,,110.0
2025-07-07 05:02:43.000,2025-07-07 05:03:05,2053365922722480364,,,,,116.0
2025-07-07 05:02:53.000,2025-07-07 05:04:07,2053366184002191596,,,,,112.0
2025-07-07 05:02:56.000,2025-07-07 05:03:02,2053365908486750444,,63.0,,,
2025-07-07 05:03:03.000,2025-07-07 05:04:07,2053366184002240748,,,70.0,482060.0,
2025-07-07 05:03:04.000,2025-07-07 05:04:07,2053366184002257132,,,,,110.0
2025-07-07 05:03:14.000,2025-07-07 05:04:07,2053366184002289900,,,,,114.0
2025-07-07 05:03:24.000,2025-07-07 05:04:07,2053366184002306284,,,,,115.0
2025-07-07 05:03:35.000,2025-07-07 05:04:07,2053366184002322668,,,,,114.0
2025-07-07 05:03:37.000,2025-07-07 05:04:07,2053366184002339052,111.33856420576961,,,,
2025-07-07 05:03:45.000,2025-07-07 05:04:07,2053366184002355436,,,,,112.0
2025-07-07 05:03:56.000,2025-07-07 05:05:07,2053366431688425708,,,,,120.99999999999999
2025-07-07 05:03:57.000,2025-07-07 05:03:58,2053366145007747308,,70.0,,,
2025-07-07 05:04:03.000,2025-07-07 05:05:07,2053366431730401516,,,69.0,482260.0,
2025-07-07 05:04:06.000,2025-07-07 05:05:07,2053366431730434284,,,,,116.0
2025-07-07 05:04:16.000,2025-07-07 05:05:07,2053366431730450668,,,,,113.0
2025-07-07 05:04:27.000,2025-07-07 05:05:07,2053366431730467052,,,,,109.0
2025-07-07 05:04:37.000,2025-07-07 05:05:07,2053366431730499820,,,,,113.0
2025-07-07 05:04:48.000,2025-07-07 05:06:08,2053366688212058348,,,,,111.0
2025-07-07 05:04:58.000,2025-07-07 05:04:59,2053366400260653292,,67.0,,,
2025-07-07 05:04:58.000,2025-07-07 05:06:08,2053366688274972908,,,,,110.0
2025-07-07 05:05:03.000,2025-07-07 05:06:08,2053366688275022060,,,69.0,482360.0,
2025-07-07 05:05:06.000,2025-07-07 05:06:08,2053366688275054828,107.96792335187394,,,,
2025-07-07 05:05:29.000,2025-07-07 05:06:08,2053366688275103980,,,,,120.99999999999999
2025-07-07 05:05:36.000,2025-07-07 05:06:08,2053366688275136748,124.0858834350905,,,,125.0
2025-07-07 05:05:40.000,2025-07-07 05:06:08,2053366688275153132,,,,,123.0
2025-07-07 05:05:50.000,2025-07-07 05:07:09,2053366946304360684,,,,,125.0
2025-07-07 05:05:59.000,2025-07-07 05:06:00,2053366656884801772,,62.0,,,
2025-07-07 05:06:00.000,2025-07-07 05:07:09,2053366946342125804,,,,,127.0
2025-07-07 05:06:03.000,2025-07-07 05:07:09,2053366946342174956,,,69.0,482560.0,
2025-07-07 05:06:11.000,2025-07-07 05:07:09,2053366946342207724,,,,,120.00000000000001
2025-07-07 05:06:13.000,2025-07-07 05:07:09,2053366946342224108,116.36859748004471,,,,117.0
2025-07-07 05:06:21.000,2025-07-07 05:07:09,2053366946342240492,,,,,118.0
2025-07-07 05:06:31.000,2025-07-07 05:07:09,2053366946342256876,,,,,115.0
2025-07-07 05:06:38.000,2025-07-07 05:07:09,2053366946342289644,100.11544136257848,,,,
2025-07-07 05:06:42.000,2025-07-07 05:07:09,2053366946342306028,,,,,93.0
2025-07-07 05:06:52.000,2025-07-07 05:08:09,2053367197580919020,,,,,88.0
2025-07-07 05:07:00.000,2025-07-07 05:07:01,2053366911286116588,,64.0,,,
2025-07-07 05:07:03.000,2025-07-07 05:08:09,2053367197618684140,,,,,82.0
2025-07-07 05:07:04.000,2025-07-07 05:08:09,2053367197618700524,,,69.0,482700.0,
2025-07-07 05:07:13.000,2025-07-07 05:08:09,2053367197618733292,,,,,89.0
2025-07-07 05:07:23.000,2025-07-07 05:08:09,2053367197618749676,,,,,91.0
2025-07-07 05:07:34.000,2025-07-07 05:08:09,2053367197618798828,,,,,87.0
2025-07-07 05:07:44.000,2025-07-07 05:08:09,2053367197618864364,,,,,102.0
2025-07-07 05:07:54.000,2025-07-07 05:09:10,2053367452552675564,,,,,106.0
2025-07-07 05:08:01.000,2025-07-07 05:08:01,2053367165280583916,,67.0,,,
2025-07-07 05:08:04.000,2025-07-07 05:09:10,2053367452552708332,,,69.0,482840.0,
2025-07-07 05:08:05.000,2025-07-07 05:09:10,2053367452552724716,,,,,109.0
2025-07-07 05:08:09.000,2025-07-07 05:09:10,2053367452552757484,105.66588676869132,,,,
2025-07-07 05:08:15.000,2025-07-07 05:09:10,2053367452552773868,,,,,113.0
2025-07-07 05:08:26.000,2025-07-07 05:09:10,2053367452552790252,,,,,110.0
2025-07-07 05:08:36.000,2025-07-07 05:09:10,2053367452552806636,,,,,111.0
2025-07-07 05:08:46.000,2025-07-07 05:09:10,2053367452552839404,,,,,107.0
2025-07-07 05:08:57.000,2025-07-07 05:10:11,2053367707826405612,,,,,108.0
2025-07-07 05:09:02.000,2025-07-07 05:09:03,2053367422114595052,,66.0,,,
2025-07-07 05:09:04.000,2025-07-07 05:10:11,2053367707868332268,,,69.0,483020.0,
2025-07-07 05:09:07.000,2025-07-07 05:10:11,2053367707868365036,,,,,101.0
2025-07-07 05:09:17.000,2025-07-07 05:10:11,2053367707868381420,,,,,102.0
2025-07-07 05:09:28.000,2025-07-07 05:10:11,2053367707868397804,,,,,109.0
2025-07-07 05:09:38.000,2025-07-07 05:10:11,2053367707868430572,109.29765968874047,,,,
2025-07-07 05:09:49.000,2025-07-07 05:10:11,2053367707868446956,,,,,107.0
2025-07-07 05:09:59.000,2025-07-07 05:11:11,2053367961598558444,,,,,100.0
2025-07-07 05:10:03.000,2025-07-07 05:10:04,2053367677400908012,,66.0,,,
2025-07-07 05:10:04.000,2025-07-07 05:11:11,2053367961640501484,,,69.0,483180.0,
2025-07-07 05:10:09.000,2025-07-07 05:11:11,2053367961640550636,,,,,108.0
2025-07-07 05:10:20.000,2025-07-07 05:11:11,2053367961640567020,,,,,111.0
2025-07-07 05:10:41.000,2025-07-07 05:11:11,2053367961640616172,,,,,110.0
2025-07-07 05:10:51.000,2025-07-07 05:11:11,2053367961640632556,,,,,116.0
2025-07-07 05:11:02.000,2025-07-07 05:12:12,2053368217681805548,,,,,93.0
2025-07-07 05:11:03.000,2025-07-07 05:11:04,2053367930703315180,,66.0,,,
2025-07-07 05:11:05.000,2025-07-07 05:12:12,2053368217681821932,,,68.0,483320.0,
2025-07-07 05:11:10.000,2025-07-07 05:12:12,2053368217681871084,98.25973689246669,,,,
2025-07-07 05:11:12.000,2025-07-07 05:12:12,2053368217681887468,,,,,107.0
2025-07-07 05:11:22.000,2025-07-07 05:12:12,2053368217681903852,,,,,103.0
2025-07-07 05:11:33.000,2025-07-07 05:12:12,2053368217681920236,,,,,104.0
2025-07-07 05:11:43.000,2025-07-07 05:12:12,2053368217681953004,,,,,109.0
2025-07-07 05:12:04.000,2025-07-07 05:12:05,2053368187449245932,,75.0,,,
2025-07-07 05:12:04.000,2025-07-07 05:13:13,2053368474117357804,,,,,103.0
2025-07-07 05:12:05.000,2025-07-07 05:13:13,2053368474117374188,,,68.0,483470.0,
2025-07-07 05:12:14.000,2025-07-07 05:13:13,2053368474117439724,,,,,101.0
2025-07-07 05:12:25.000,2025-07-07 05:13:13,2053368474117456108,,,,,97.0
2025-07-07 05:12:39.000,2025-07-07 05:13:13,2053368474117554412,95.91880829943145,,,,
2025-07-07 05:12:45.000,2025-07-07 05:13:13,2053368474117587180,,,,,88.0
2025-07-07 05:12:56.000,2025-07-07 05:14:14,2053368729911165164,,,,,80.0
2025-07-07 05:13:03.000,2025-07-07 05:14:14,2053368729911181548,78.40258786198893,,,,
2025-07-07 05:13:05.000,2025-07-07 05:13:08,2053368451568763116,,63.0,,,
2025-07-07 05:13:05.000,2025-07-07 05:14:14,2053368729911197932,,,68.0,483520.0,
2025-07-07 05:13:06.000,2025-07-07 05:14:14,2053368729911214316,,,,,81.0
2025-07-07 05:13:16.000,2025-07-07 05:14:14,2053368729911263468,,,,,83.0
2025-07-07 05:13:27.000,2025-07-07 05:14:14,2053368729911279852,,,,,85.0
2025-07-07 05:13:37.000,2025-07-07 05:14:14,2053368729911296236,,,,,92.0
2025-07-07 05:13:48.000,2025-07-07 05:14:14,2053368729961496812,,,,,78.0
2025-07-07 05:14:05.000,2025-07-07 05:15:15,2053368985881149676,,,68.0,483580.0,
2025-07-07 05:14:07.000,2025-07-07 05:14:08,2053368701087908076,,69.0,,,
2025-07-07 05:14:08.000,2025-07-07 05:15:15,2053368985881166060,,,,,66.0
2025-07-07 05:14:19.000,2025-07-07 05:15:15,2053368985881198828,,,,,14.0
2025-07-07 05:14:29.000,2025-07-07 05:15:15,2053368985881215212,,,,,47.0
2025-07-07 05:14:33.000,2025-07-07 05:15:15,2053368985881231596,64.47554433380456,,,,
2025-07-07 05:14:40.000,2025-07-07 05:15:15,2053368985881264364,,,,,84.0
2025-07-07 05:14:50.000,2025-07-07 05:15:15,2053368985881280748,,,,,91.0
2025-07-07 05:15:00.000,2025-07-07 05:16:17,2053369241893077228,,,,,86.0
2025-07-07 05:15:06.000,2025-07-07 05:16:17,2053369241935020268,,,68.0,483690.0,
2025-07-07 05:15:08.000,2025-07-07 05:15:08,2053368955531165932,,66.0,,,
2025-07-07 05:15:11.000,2025-07-07 05:16:17,2053369241935053036,,,,,84.0
2025-07-07 05:15:21.000,2025-07-07 05:16:17,2053369241935069420,,,,,86.0
2025-07-07 05:15:31.000,2025-07-07 05:16:17,2053369241935085804,,,,,65.0
2025-07-07 05:15:42.000,2025-07-07 05:16:17,2053369241935118572,,,,,30.000000000000004
2025-07-07 05:15:48.000,2025-07-07 05:16:17,2053369241935134956,40.31434621296771,,,,
2025-07-07 05:15:52.000,2025-07-07 05:16:17,2053369241935151340,,,,,48.0
2025-07-07 05:16:03.000,2025-07-07 05:17:17,2053369497661735148,,,,,82.0
2025-07-07 05:16:06.000,2025-07-07 05:17:17,2053369497699483884,,,68.0,483840.0,
2025-07-07 05:16:09.000,2025-07-07 05:16:11,2053369220040753388,,54.0,,,
2025-07-07 05:16:13.000,2025-07-07 05:17:17,2053369497699533036,,,,,85.0
2025-07-07 05:16:23.000,2025-07-07 05:17:17,2053369497699549420,,,,,93.0
2025-07-07 05:16:34.000,2025-07-07 05:17:17,2053369497699565804,,,,,113.0
2025-07-07 05:16:44.000,2025-07-07 05:17:17,2053369497699598572,,,,,93.0
2025-07-07 05:16:55.000,2025-07-07 05:17:17,2053369497699614956,,,,,78.0
2025-07-07 05:17:05.000,2025-07-07 05:18:20,2053369758761353452,,,,,25.0
2025-07-07 05:17:06.000,2025-07-07 05:18:20,2053369758799102188,,,68.0,483930.0,
2025-07-07 05:17:08.000,2025-07-07 05:18:20,2053369758799118572,35.08059288708353,,,,
2025-07-07 05:17:10.000,2025-07-07 05:17:11,2053369469845111020,,46.0,,,
2025-07-07 05:17:13.000,2025-07-07 05:18:20,2053369758799167724,62.895787933599614,,,,
2025-07-07 05:17:15.000,2025-07-07 05:18:20,2053369758799184108,,,,,65.0
2025-07-07 05:17:26.000,2025-07-07 05:18:20,2053369758799200492,,,,,95.0
2025-07-07 05:17:36.000,2025-07-07 05:18:20,2053369758799216876,,,,,98.0
2025-07-07 05:17:46.000,2025-07-07 05:18:20,2053369758799331564,,,,,94.0
2025-07-07 05:17:53.000,2025-07-07 05:18:20,2053369758799347948,88.97751054096933,,,,
2025-07-07 05:17:57.000,2025-07-07 05:18:20,2053369758799364332,,,,,73.0
2025-07-07 05:18:06.000,2025-07-07 05:19:20,2053370013011673324,,,68.0,484120.0,
2025-07-07 05:18:07.000,2025-07-07 05:19:20,2053370013053616364,,,,,46.0
2025-07-07 05:18:10.000,2025-07-07 05:18:12,2053369724154151148,,62.0,,,
2025-07-07 05:18:18.000,2025-07-07 05:19:20,2053370013053681900,,,,,42.0
2025-07-07 05:18:21.000,2025-07-07 05:19:20,2053370013053714668,45.799971602659475,,,,
2025-07-07 05:18:28.000,2025-07-07 05:19:20,2053370013053747436,,,,,63.0
2025-07-07 05:18:38.000,2025-07-07 05:19:20,2053370013053763820,,,,,66.0
2025-07-07 05:18:49.000,2025-07-07 05:19:20,2053370013053796588,,,,,64.0
2025-07-07 05:18:59.000,2025-07-07 05:19:20,2053370013053812972,,,,,76.0
2025-07-07 05:19:06.000,2025-07-07 05:20:20,2053370264741232876,,,67.0,484190.0,
2025-07-07 05:19:10.000,2025-07-07 05:20:20,2053370264741249260,,,,,84.0
2025-07-07 05:19:11.000,2025-07-07 05:19:12,2053369978077315308,,68.0,,,
2025-07-07 05:19:20.000,2025-07-07 05:20:20,2053370264741298412,,,,,86.0
2025-07-07 05:19:30.000,2025-07-07 05:20:20,2053370264741314796,,,,,82.0
2025-07-07 05:19:41.000,2025-07-07 05:20:20,2053370264741347564,,,,,78.0
2025-07-07 05:19:42.000,2025-07-07 05:20:20,2053370264741363948,76.62837141252075,,,,
2025-07-07 05:19:51.000,2025-07-07 05:20:20,2053370264741380332,,,,,71.0
2025-07-07 05:19:56.000,2025-07-07 05:20:20,2053370264741396716,54.55437782044238,,,,
2025-07-07 05:20:02.000,2025-07-07 05:21:22,2053370523223605484,,,,,38.0
2025-07-07 05:20:05.000,2025-07-07 05:21:22,2053370523223621868,34.73612079981727,,,,
2025-07-07 05:20:07.000,2025-07-07 05:21:22,2053370523223638252,,,67.0,484240.0,
2025-07-07 05:20:12.000,2025-07-07 05:20:13,2053370234810663148,,75.0,,,
2025-07-07 05:20:12.000,2025-07-07 05:21:22,2053370523223671020,33.647144523943275,,,,36.0
2025-07-07 05:20:16.000,2025-07-07 05:21:22,2053370523223736556,43.47756301431596,,,,
2025-07-07 05:20:22.000,2025-07-07 05:21:22,2053370523223752940,,,,,56.0
2025-07-07 05:20:33.000,2025-07-07 05:21:22,2053370523223769324,,,,,52.0
2025-07-07 05:20:43.000,2025-07-07 05:21:22,2053370523223818476,,,,,57.0
2025-07-07 05:20:53.000,2025-07-07 05:21:22,2053370523223834860,,,,,38.0
2025-07-07 05:20:58.000,2025-07-07 05:21:22,2053370523223884012,32.02294011247816,,,,
2025-07-07 05:21:04.000,2025-07-07 05:22:23,2053370777595543788,37.35484946322853,,,,39.0
2025-07-07 05:21:07.000,2025-07-07 05:22:23,2053370777595560172,,,67.0,484270.0,
2025-07-07 05:21:09.000,2025-07-07 05:22:23,2053370777595576556,43.899819121287514,,,,
2025-07-07 05:21:13.000,2025-07-07 05:21:14,2053370488486363372,,63.0,,,
2025-07-07 05:21:13.000,2025-07-07 05:22:23,2053370777595609324,47.355651996765175,,,,
2025-07-07 05:21:14.000,2025-07-07 05:22:23,2053370777595625708,,,,,48.0
2025-07-07 05:21:25.000,2025-07-07 05:22:23,2053370777595674860,,,,,71.0
2025-07-07 05:21:35.000,2025-07-07 05:22:23,2053370777595691244,63.98106020853525,,,,64.0
2025-07-07 05:21:45.000,2025-07-07 05:22:23,2053370777595724012,,,,,49.0
2025-07-07 05:21:51.000,2025-07-07 05:22:23,2053370777595740396,28.48747121682604,,,,
2025-07-07 05:21:56.000,2025-07-07 05:22:23,2053370777595756780,,,,,32.0
2025-07-07 05:21:59.000,2025-07-07 05:22:23,2053370777595789548,28.04484310469359,,,,
2025-07-07 05:22:06.000,2025-07-07 05:23:58,2053371179313397996,,,,,45.0
2025-07-07 05:22:07.000,2025-07-07 05:23:58,2053371179363729644,,,67.0,484350.0,
2025-07-07 05:22:14.000,2025-07-07 05:22:15,2053370744733171948,,71.0,,,
2025-07-07 05:22:17.000,2025-07-07 05:23:58,2053371179363778796,,,,,49.0
2025-07-07 05:22:27.000,2025-07-07 05:23:58,2053371179363795180,,,,,25.0
2025-07-07 05:22:30.000,2025-07-07 05:23:58,2053371179363811564,26.300258662732197,,,,
2025-07-07 05:22:37.000,2025-07-07 05:23:58,2053371179363827948,,,,,54.0
2025-07-07 05:22:48.000,2025-07-07 05:23:58,2053371179363959020,63.57362010531709,,,,63.0
2025-07-07 05:22:58.000,2025-07-07 05:23:58,2053371179363975404,,,,,70.0
2025-07-07 05:23:07.000,2025-07-07 05:23:58,2053371179363991788,,,67.0,484410.0,
2025-07-07 05:23:08.000,2025-07-07 05:23:58,2053371179364008172,,,,,72.0
2025-07-07 05:23:15.000,2025-07-07 05:23:22,2053371026535874796,,62.0,,,
2025-07-07 05:23:19.000,2025-07-07 05:23:58,2053371179364057324,,,,,78.0
2025-07-07 05:23:29.000,2025-07-07 05:23:58,2053371179364073708,,,,,83.0
2025-07-07 05:23:31.000,2025-07-07 05:23:58,2053371179364090092,83.74931321649268,,,,
2025-07-07 05:23:40.000,2025-07-07 05:24:58,2053371430455738604,,,,,85.0
2025-07-07 05:23:50.000,2025-07-07 05:24:58,2053371430527058156,,,,,80.0
2025-07-07 05:24:08.000,2025-07-07 05:24:58,2053371430527090924,,,67.0,484530.0,
2025-07-07 05:24:11.000,2025-07-07 05:24:58,2053371430527107308,,,,,85.0
2025-07-07 05:24:16.000,2025-07-07 05:24:17,2053371257759465708,,66.0,,,
2025-07-07 05:24:32.000,2025-07-07 05:24:58,2053371430527156460,,,,,70.0
2025-07-07 05:24:42.000,2025-07-07 05:25:59,2053371686799016172,36.43810923098768,,,,37.0
2025-07-07 05:24:52.000,2025-07-07 05:25:59,2053371686799032556,,,,,56.0
2025-07-07 05:25:03.000,2025-07-07 05:25:59,2053371686799048940,,,,,82.0
2025-07-07 05:25:08.000,2025-07-07 05:25:59,2053371686799065324,,,67.0,484590.0,
2025-07-07 05:25:13.000,2025-07-07 05:25:59,2053371686799098092,,,,,78.0
2025-07-07 05:25:17.000,2025-07-07 05:25:18,2053371512743788780,,71.0,,,
2025-07-07 05:25:24.000,2025-07-07 05:25:59,2053371686799130860,,,,,80.0
2025-07-07 05:25:34.000,2025-07-07 05:25:59,2053371686799147244,,,,,84.0
2025-07-07 05:25:45.000,2025-07-07 05:27:01,2053371943578501356,,,,,77.0
2025-07-07 05:25:55.000,2025-07-07 05:27:01,2053371943578517740,,,,,81.0
2025-07-07 05:26:05.000,2025-07-07 05:27:01,2053371943578550508,,,,,47.0
2025-07-07 05:26:09.000,2025-07-07 05:27:01,2053371943578566892,,,67.0,484670.0,
2025-07-07 05:26:12.000,2025-07-07 05:27:01,2053371943578583276,32.21925216221055,,,,
2025-07-07 05:26:16.000,2025-07-07 05:27:01,2053371943578616044,,,,,56.0
2025-07-07 05:26:18.000,2025-07-07 05:26:19,2053371770408370412,,70.0,,,
2025-07-07 05:26:26.000,2025-07-07 05:27:01,2053371943578665196,,,,,76.0
2025-07-07 05:26:37.000,2025-07-07 05:27:01,2053371943578681580,,,,,79.0
2025-07-07 05:26:47.000,2025-07-07 05:28:02,2053372199993098476,,,,,83.0
2025-07-07 05:27:08.000,2025-07-07 05:28:02,2053372199993131244,,,,,80.0
2025-07-07 05:27:09.000,2025-07-07 05:28:02,2053372199993147628,,,66.0,484790.0,
2025-07-07 05:27:18.000,2025-07-07 05:28:02,2053372199993180396,,,,,30.000000000000004
2025-07-07 05:27:20.000,2025-07-07 05:27:21,2053372027221311724,,70.0,,,
2025-07-07 05:27:29.000,2025-07-07 05:28:02,2053372199993245932,,,,,54.0
2025-07-07 05:27:39.000,2025-07-07 05:28:02,2053372199993278700,,,,,78.0
2025-07-07 05:27:42.000,2025-07-07 05:29:04,2053372458970382572,81.62506867835074,,,,
2025-07-07 05:27:49.000,2025-07-07 05:29:04,2053372458970480876,,,,,84.0
2025-07-07 05:28:00.000,2025-07-07 05:29:04,2053372458970497260,,,,,88.0
2025-07-07 05:28:01.000,2025-07-07 05:29:04,2053372458970513644,86.48656990993105,,,,
2025-07-07 05:28:09.000,2025-07-07 05:29:04,2053372458970530028,,,66.0,484880.0,
2025-07-07 05:28:10.000,2025-07-07 05:29:04,2053372458970546412,,,,,92.0
2025-07-07 05:28:20.000,2025-07-07 05:29:04,2053372458970579180,,,,,75.0
2025-07-07 05:28:21.000,2025-07-07 05:28:21,2053372282549567724,,73.0,,,
2025-07-07 05:28:31.000,2025-07-07 05:29:04,2053372458970628332,,,,,39.0
2025-07-07 05:28:41.000,2025-07-07 05:29:04,2053372458970644716,,,,,75.0
2025-07-07 05:28:52.000,2025-07-07 05:30:04,2053372710687342828,,,,,74.0
2025-07-07 05:28:55.000,2025-07-07 05:30:04,2053372710737674476,76.2838993252545,,,,
2025-07-07 05:29:02.000,2025-07-07 05:30:04,2053372710737690860,,,,,80.0
2025-07-07 05:29:09.000,2025-07-07 05:30:04,2053372710737707244,,,66.0,484990.0,
2025-07-07 05:29:12.000,2025-07-07 05:30:04,2053372710737723628,,,,,92.0
2025-07-07 05:29:22.000,2025-07-07 05:29:22,2053372538339197164,,68.0,,,
2025-07-07 05:29:23.000,2025-07-07 05:30:04,2053372710737740012,,,,,88.0
2025-07-07 05:29:33.000,2025-07-07 05:30:04,2053372710737772780,,,,,94.0
2025-07-07 05:29:44.000,2025-07-07 05:31:04,2053372965759746284,,,,,90.0
2025-07-07 05:29:54.000,2025-07-07 05:31:04,2053372965759762668,,,,,91.0
2025-07-07 05:30:10.000,2025-07-07 05:31:04,2053372965759795436,,,66.0,485040.0,
2025-07-07 05:30:15.000,2025-07-07 05:31:04,2053372965759828204,,,,,87.0
2025-07-07 05:30:23.000,2025-07-07 05:30:26,2053372805835129068,,71.0,,,
2025-07-07 05:30:24.000,2025-07-07 05:31:04,2053372965759844588,76.5894794026681,,,,
2025-07-07 05:30:25.000,2025-07-07 05:31:04,2053372965759860972,,,,,74.0
2025-07-07 05:30:36.000,2025-07-07 05:31:04,2053372965759877356,,,,,37.0
2025-07-07 05:30:41.000,2025-07-07 05:31:04,2053372965759910124,38.54383376443789,,,,
2025-07-07 05:30:46.000,2025-07-07 05:32:06,2053373225219391724,,,,,62.0
2025-07-07 05:30:54.000,2025-07-07 05:32:06,2053373225269756140,66.76832091464131,,,,
2025-07-07 05:30:56.000,2025-07-07 05:32:06,2053373225269788908,,,,,63.0
2025-07-07 05:31:07.000,2025-07-07 05:32:06,2053373225269821676,,,,,48.0
2025-07-07 05:31:10.000,2025-07-07 05:32:06,2053373225269838060,,,66.0,485080.0,
2025-07-07 05:31:17.000,2025-07-07 05:32:06,2053373225269870828,,,,,36.0
2025-07-07 05:31:20.000,2025-07-07 05:32:06,2053373225269887212,33.889756585405,,,,
2025-07-07 05:31:24.000,2025-07-07 05:31:25,2053373051495514348,,70.0,,,
2025-07-07 05:31:27.000,2025-07-07 05:32:06,2053373225269952748,38.406785729719054,,,,
2025-07-07 05:31:28.000,2025-07-07 05:32:06,2053373225269969132,,,,,39.0
2025-07-07 05:31:32.000,2025-07-07 05:32:06,2053373225269985516,48.82984437022724,,,,
2025-07-07 05:31:38.000,2025-07-07 05:32:06,2053373225270001900,,,,,73.0
2025-07-07 05:31:48.000,2025-07-07 05:33:06,2053373477242536172,,,,,89.0
2025-07-07 05:31:59.000,2025-07-07 05:33:06,2053373477292867820,,,,,88.0
2025-07-07 05:32:09.000,2025-07-07 05:33:06,2053373477292884204,,,,,90.0
2025-07-07 05:32:10.000,2025-07-07 05:33:06,2053373477292900588,,,66.0,485180.0,
2025-07-07 05:32:20.000,2025-07-07 05:33:06,2053373477292933356,,,,,92.0
2025-07-07 05:32:25.000,2025-07-07 05:32:26,2053373306135904492,,64.0,,,
2025-07-07 05:32:30.000,2025-07-07 05:33:06,2053373477292966124,,,,,62.0
2025-07-07 05:32:40.000,2025-07-07 05:33:06,2053373477292982508,,,,,34.0
2025-07-07 05:32:44.000,2025-07-07 05:33:06,2053373477293015276,33.93050059572682,,,,
2025-07-07 05:32:51.000,2025-07-07 05:34:08,2053373736555397356,,,,,47.0
2025-07-07 05:33:01.000,2025-07-07 05:34:08,2053373736555495660,,,,,74.0
2025-07-07 05:33:11.000,2025-07-07 05:34:08,2053373736555512044,,,66.0,485310.0,78.0
2025-07-07 05:33:22.000,2025-07-07 05:34:08,2053373736559575276,,,,,68.0
2025-07-07 05:33:26.000,2025-07-07 05:33:27,2053373565314531564,,76.0,,,
2025-07-07 05:33:29.000,2025-07-07 05:34:08,2053373736559608044,35.03614487582337,,,,
2025-07-07 05:33:32.000,2025-07-07 05:34:08,2053373736559624428,,,,,34.0
2025-07-07 05:33:35.000,2025-07-07 05:34:08,2053373736559640812,45.94998364066253,,,,
2025-07-07 05:33:42.000,2025-07-07 05:34:08,2053373736559657196,,,,,72.0
2025-07-07 05:33:53.000,2025-07-07 05:35:08,2053373987311845612,,,,,77.0
2025-07-07 05:34:03.000,2025-07-07 05:35:08,2053373987311878380,,,,,87.0
2025-07-07 05:34:12.000,2025-07-07 05:35:08,2053373987311894764,,,66.0,485400.0,
2025-07-07 05:34:14.000,2025-07-07 05:35:08,2053373987311911148,,,,,82.0
2025-07-07 05:34:24.000,2025-07-07 05:35:08,2053373987311943916,34.36386870551341,,,,37.0
2025-07-07 05:34:27.000,2025-07-07 05:34:28,2053373817941655788,,56.99999999999999,,,
2025-07-07 05:34:29.000,2025-07-07 05:35:08,2053373987311976684,36.471445239432796,,,,
2025-07-07 05:34:34.000,2025-07-07 05:35:08,2053373987311993068,,,,,39.0
2025-07-07 05:34:35.000,2025-07-07 05:35:08,2053373987312009452,44.166507188848485,,,,
2025-07-07 05:34:45.000,2025-07-07 05:35:08,2053373987312042220,,,,,60.99999999999999
2025-07-07 05:34:55.000,2025-07-07 05:36:09,2053374242904342764,,,,,63.0
2025-07-07 05:35:05.000,2025-07-07 05:36:09,2053374242955100396,,,,,70.0
2025-07-07 05:35:12.000,2025-07-07 05:36:09,2053374242955116780,,,66.0,485480.0,
2025-07-07 05:35:26.000,2025-07-07 05:36:09,2053374242955165932,,,,,84.0
2025-07-07 05:35:28.000,2025-07-07 05:35:29,2053374074821820652,,67.0,,,
2025-07-07 05:35:37.000,2025-07-07 05:36:09,2053374242955198700,,,,,77.0
2025-07-07 05:35:47.000,2025-07-07 05:36:09,2053374242955231468,,,,,71.0
2025-07-07 05:35:57.000,2025-07-07 05:37:10,2053374499134406892,,,,,78.0
2025-07-07 05:36:06.000,2025-07-07 05:37:10,2053374499134439660,77.9932957583016,,,,
2025-07-07 05:36:08.000,2025-07-07 05:37:10,2053374499134456044,,,,,83.0
2025-07-07 05:36:12.000,2025-07-07 05:37:10,2053374499134472428,,,65.0,485620.0,
2025-07-07 05:36:18.000,2025-07-07 05:37:10,2053374499134505196,,,,,86.0
2025-07-07 05:36:29.000,2025-07-07 05:36:30,2053374331295105260,,60.0,,,
2025-07-07 05:36:29.000,2025-07-07 05:37:10,2053374499134521580,,,,,82.0
2025-07-07 05:36:39.000,2025-07-07 05:37:10,2053374499134554348,,,,,89.0
2025-07-07 05:36:49.000,2025-07-07 05:37:10,2053374499134587116,,,,,92.0
2025-07-07 05:37:00.000,2025-07-07 05:38:11,2053374755234382060,,,,,89.0
2025-07-07 05:37:10.000,2025-07-07 05:38:11,2053374755234398444,,,,,87.0
2025-07-07 05:37:12.000,2025-07-07 05:38:11,2053374755234414828,,,65.0,485720.0,
2025-07-07 05:37:21.000,2025-07-07 05:38:11,2053374755234447596,,,,,85.0
2025-07-07 05:37:30.000,2025-07-07 05:37:31,2053374586237485292,,64.0,,,
2025-07-07 05:37:31.000,2025-07-07 05:38:11,2053374755234463980,,,,,96.0
2025-07-07 05:37:36.000,2025-07-07 05:38:11,2053374755234513132,93.65381172563231,,,,
2025-07-07 05:37:41.000,2025-07-07 05:38:11,2053374755234529516,,,,,94.0
2025-07-07 05:37:52.000,2025-07-07 05:39:12,2053375010914959596,,,,,91.0
2025-07-07 05:38:02.000,2025-07-07 05:39:12,2053375010965389548,,,,,96.0
2025-07-07 05:38:12.000,2025-07-07 05:39:12,2053375010965405932,,,65.0,485820.0,90.0
2025-07-07 05:38:23.000,2025-07-07 05:39:12,2053375010965438700,,,,,85.0
2025-07-07 05:38:31.000,2025-07-07 05:38:32,2053374843876802796,,70.0,,,
2025-07-07 05:38:33.000,2025-07-07 05:39:12,2053375010965455084,,,,,94.0
2025-07-07 05:38:43.000,2025-07-07 05:39:12,2053375010965487852,,,,,89.0
2025-07-07 05:38:54.000,2025-07-07 05:40:13,2053375266369044716,,,,,88.0
2025-07-07 05:39:07.000,2025-07-07 05:40:13,2053375266419392748,91.58512720156557,,,,
2025-07-07 05:39:13.000,2025-07-07 05:40:13,2053375266419409132,,,65.0,485870.0,
2025-07-07 05:39:15.000,2025-07-07 05:40:13,2053375266419425516,,,,,97.0
2025-07-07 05:39:32.000,2025-07-07 05:39:33,2053375100425601260,,70.0,,,
2025-07-07 05:39:35.000,2025-07-07 05:40:13,2053375266419491052,,,,,95.0
2025-07-07 05:39:46.000,2025-07-07 05:40:13,2053375266419507436,,,,,85.0
2025-07-07 05:39:56.000,2025-07-07 05:41:14,2053375521944764652,,,,,81.0
2025-07-07 05:40:07.000,2025-07-07 05:41:14,2053375521995096300,,,,,85.0
2025-07-07 05:40:13.000,2025-07-07 05:41:14,2053375521995112684,,,65.0,485960.0,
2025-07-07 05:40:27.000,2025-07-07 05:41:14,2053375521995161836,,,,,82.0
2025-07-07 05:40:34.000,2025-07-07 05:40:35,2053375357553213676,,64.0,,,
2025-07-07 05:40:38.000,2025-07-07 05:41:14,2053375521995194604,80.3101483452376,,,,81.0
2025-07-07 05:40:48.000,2025-07-07 05:41:14,2053375521995227372,,,,,89.0
2025-07-07 05:40:58.000,2025-07-07 05:42:15,2053375778241921260,,,,,86.0
2025-07-07 05:41:09.000,2025-07-07 05:42:15,2053375778241937644,,,,,82.0
2025-07-07 05:41:13.000,2025-07-07 05:42:15,2053375778241954028,,,65.0,486040.0,
2025-07-07 05:41:19.000,2025-07-07 05:42:15,2053375778241986796,,,,,52.0
2025-07-07 05:41:22.000,2025-07-07 05:42:15,2053375778242003180,54.88403390395526,,,,
2025-07-07 05:41:30.000,2025-07-07 05:42:15,2053375778242019564,,,,,62.0
2025-07-07 05:41:35.000,2025-07-07 05:41:35,2053375612071969004,,75.0,,,
2025-07-07 05:41:40.000,2025-07-07 05:42:15,2053375778242068716,,,,,53.0
2025-07-07 05:41:45.000,2025-07-07 05:42:15,2053375778242085100,39.24574194225463,,,,
2025-07-07 05:41:50.000,2025-07-07 05:42:15,2053375778242117868,42.40895874360289,,,,42.0
2025-07-07 05:41:58.000,2025-07-07 05:43:17,2053376036623761644,43.24235895473094,,,,
2025-07-07 05:42:01.000,2025-07-07 05:43:17,2053376036623794412,,,,,51.0
2025-07-07 05:42:02.000,2025-07-07 05:43:17,2053376036623810796,52.404205275732004,,,,
2025-07-07 05:42:11.000,2025-07-07 05:43:17,2053376036623827180,,,,,39.0
2025-07-07 05:42:13.000,2025-07-07 05:43:17,2053376036623843564,,,65.0,486070.0,
2025-07-07 05:42:15.000,2025-07-07 05:43:17,2053376036623859948,28.280047164278617,,,,
2025-07-07 05:42:22.000,2025-07-07 05:43:17,2053376036623892716,,,,,51.0
2025-07-07 05:42:32.000,2025-07-07 05:43:17,2053376036623909100,,,,,68.0
2025-07-07 05:42:35.000,2025-07-07 05:42:37,2053375868817899756,,69.0,,,
2025-07-07 05:42:42.000,2025-07-07 05:43:17,2053376036623941868,,,,,58.0
2025-07-07 05:42:53.000,2025-07-07 05:43:17,2053376036623974636,,,,,52.0
2025-07-07 05:43:03.000,2025-07-07 05:44:17,2053376290970534124,,,,,21.0
2025-07-07 05:43:13.000,2025-07-07 05:44:17,2053376290970566892,,,65.0,486120.0,42.0
2025-07-07 05:43:24.000,2025-07-07 05:44:17,2053376290970599660,,,,,30.000000000000004
2025-07-07 05:43:34.000,2025-07-07 05:44:17,2053376290970616044,,,,,51.0
2025-07-07 05:43:36.000,2025-07-07 05:43:37,2053376124393619692,,64.0,,,
2025-07-07 05:43:44.000,2025-07-07 05:44:17,2053376290970665196,,,,,46.0
2025-07-07 05:43:46.000,2025-07-07 05:44:17,2053376290970681580,44.227623204331216,,,,
2025-07-07 05:43:55.000,2025-07-07 05:44:17,2053376290970714348,,,,,43.0
2025-07-07 05:44:05.000,2025-07-07 05:45:17,2053376542804803820,,,,,38.0
2025-07-07 05:44:11.000,2025-07-07 05:45:17,2053376542804836588,38.251217690308486,,,,
2025-07-07 05:44:13.000,2025-07-07 05:45:17,2053376542804852972,,,65.0,486230.0,
2025-07-07 05:44:16.000,2025-07-07 05:45:17,2053376542804869356,,,,,47.0
2025-07-07 05:44:26.000,2025-07-07 05:45:17,2053376542804918508,,,,,26.0
2025-07-07 05:44:30.000,2025-07-07 05:45:17,2053376542804934892,1.0130442566378786,,,,
2025-07-07 05:44:36.000,2025-07-07 05:45:17,2053376542804967660,,,,,30.000000000000004
2025-07-07 05:44:38.000,2025-07-07 05:44:38,2053376379264696556,,63.0,,,
2025-07-07 05:44:38.000,2025-07-07 05:45:17,2053376542804984044,28.917135325674284,,,,
2025-07-07 05:44:47.000,2025-07-07 05:45:17,2053376542805016812,,,,,35.0
2025-07-07 05:44:57.000,2025-07-07 05:45:17,2053376542805049580,,,,,33.0
2025-07-07 05:45:00.000,2025-07-07 05:46:19,2053376801555611884,33.82308456851476,,,,
2025-07-07 05:45:07.000,2025-07-07 05:46:19,2053376801610137836,,,,,40.0
2025-07-07 05:45:14.000,2025-07-07 05:46:19,2053376801610154220,,,65.0,486270.0,
2025-07-07 05:45:18.000,2025-07-07 05:46:19,2053376801610170604,,,,,0.0
2025-07-07 05:45:23.000,2025-07-07 05:46:19,2053376801610268908,22.592553723446947,,,,
2025-07-07 05:45:38.000,2025-07-07 05:45:39,2053376635431813356,,64.0,,,
2025-07-07 05:45:38.000,2025-07-07 05:46:19,2053376801610547436,,,,,35.0
2025-07-07 05:45:48.000,2025-07-07 05:46:19,2053376801610596588,23.131485859976422,,,,
2025-07-07 05:45:49.000,2025-07-07 05:46:19,2053376801610612972,,,,,23.0
2025-07-07 05:45:59.000,2025-07-07 05:47:19,2053377053306126572,1.6760604246019744,,,,4.0
2025-07-07 05:46:09.000,2025-07-07 05:47:19,2053377053356474604,,,,,0.0
2025-07-07 05:46:15.000,2025-07-07 05:47:19,2053377053356490988,,,65.0,486290.0,
2025-07-07 05:46:20.000,2025-07-07 05:47:19,2053377053356540140,,,,,1.0
2025-07-07 05:46:30.000,2025-07-07 05:47:19,2053377053356572908,,,,,0.0
2025-07-07 05:46:40.000,2025-07-07 05:46:41,2053376893100490988,,63.0,,,
2025-07-07 05:46:40.000,2025-07-07 05:47:19,2053377053356589292,,,,,8.0
2025-07-07 05:46:51.000,2025-07-07 05:47:19,2053377053356654828,,,,,0.0
2025-07-07 05:47:15.000,2025-07-07 05:48:22,2053377318365184236,,,65.0,486300.0,
2025-07-07 05:47:22.000,2025-07-07 05:48:22,2053377318365217004,,,,,17.0
2025-07-07 05:47:32.000,2025-07-07 05:48:22,2053377318365233388,,,,,30.000000000000004
2025-07-07 05:47:41.000,2025-07-07 05:47:41,2053377147757658348,,75.0,,,
2025-07-07 05:47:43.000,2025-07-07 05:48:22,2053377318365249772,,,,,22.0
2025-07-07 05:47:48.000,2025-07-07 05:48:22,2053377318365266156,12.112083068394378,,,,
2025-07-07 05:47:53.000,2025-07-07 05:48:22,2053377318365298924,,,,,18.0
2025-07-07 05:48:03.000,2025-07-07 05:48:58,2053377468504621292,,,,,3.0
2025-07-07 05:48:15.000,2025-07-07 05:48:58,2053377468504670444,,,65.0,486320.0,
2025-07-07 05:48:24.000,2025-07-07 05:48:58,2053377468504703212,,,,,0.0
2025-07-07 05:49:15.000,2025-07-07 05:49:59,2053377724013150444,,,65.0,,
2025-07-07 05:49:17.000,2025-07-07 05:49:59,2053377724013183212,0.0,,,,
2025-07-07 05:50:16.000,2025-07-07 05:51:00,2053377979307835628,,,65.0,,
2025-07-07 05:51:16.000,2025-07-07 05:52:01,2053378234967507180,,,65.0,,
2025-07-07 05:52:17.000,2025-07-07 05:53:01,2053378490178273516,,,65.0,,
2025-07-07 05:53:17.000,2025-07-07 05:54:02,2053378745196167404,,,65.0,,
2025-07-07 05:54:17.000,2025-07-07 05:55:03,2053378999706501356,,,65.0,,
2025-07-07 05:55:18.000,2025-07-07 05:56:04,2053379254774726892,,,65.0,,
2025-07-07 05:56:18.000,2025-07-07 05:57:05,2053379510216229100,,,65.0,,
2025-07-07 05:57:18.000,2025-07-07 05:57:49,2053379694467793132,,,65.0,,
2025-07-07 05:58:48.000,2025-07-07 05:59:53,2053380217493291244,,,65.0,486320.0,0.0
2025-07-07 05:58:59.000,2025-07-07 05:59:53,2053380217493373164,0.0,,,,
2025-07-07 05:59:50.000,2025-07-07 06:02:41,2053380919380672748,,,65.0,,
2025-07-07 06:00:50.000,2025-07-07 06:02:41,2053380919380820204,,,65.0,,
2025-07-07 06:01:51.000,2025-07-07 06:02:41,2053380919380967660,,,65.0,,
2025-07-07 06:02:51.000,2025-07-07 06:03:42,2053381174809641196,,,65.0,,
2025-07-07 06:03:51.000,2025-07-07 06:04:43,2053381431362633964,,,65.0,,
2025-07-07 06:03:59.000,2025-07-07 06:04:43,2053381431362666732,0.13334403378048854,,,,
2025-07-07 06:04:52.000,2025-07-07 06:05:14,2053381560530452716,,,65.0,,
2025-07-07 06:17:14.000,2025-07-07 06:18:04,2053384792195481836,,,65.0,,
2025-07-07 06:18:15.000,2025-07-07 06:19:05,2053385047112712428,,,65.0,,
2025-07-07 06:19:15.000,2025-07-07 06:20:12,2053385327804006636,,,65.0,,
2025-07-07 06:20:15.000,2025-07-07 06:21:07,2053385557920219372,,,65.0,,
2025-07-07 06:20:45.000,2025-07-07 06:21:07,2053385557920284908,0.0,,,,
2025-07-07 06:21:16.000,2025-07-07 06:22:07,2053385813013594348,,,65.0,,
2025-07-07 06:22:16.000,2025-07-07 06:23:08,2053386068610285804,,,65.0,,
2025-07-07 06:23:17.000,2025-07-07 06:24:09,2053386324307624172,,,65.0,,
2025-07-07 06:24:17.000,2025-07-07 06:25:11,2053386582341222636,,,65.0,,
2025-07-07 06:25:17.000,2025-07-07 06:26:11,2053386833592615148,,,65.0,,
2025-07-08 06:26:23.000,2025-07-08 06:27:15,2053749489134469356,,,65.0,,
2025-07-08 06:27:23.000,2025-07-09 06:28:23,2054112162309210348,,,65.0,,
2025-07-09 06:27:29.000,2025-07-09 06:28:24,2054112168755855596,,,65.0,,
2025-07-10 06:28:33.000,2025-07-10 06:29:25,2054474813795205356,,,65.0,,
2025-07-10 16:29:30.000,2025-07-10 16:30:24,2054626053548441836,,,65.0,,
2025-07-10 16:30:05.000,2025-07-10 16:30:44,2054626136930943212,0.15001203800304963,,,,
2025-07-10 16:30:21.000,2025-07-10 16:30:44,2054626136939430124,,,,,1.0
2025-07-10 16:30:26.000,2025-07-10 16:30:27,2054626067087360236,,59.0,,,
2025-07-10 16:30:31.000,2025-07-10 16:32:29,2054626578477891820,,,65.0,486340.0,
2025-07-10 16:30:32.000,2025-07-10 16:32:29,2054626578477908204,,,,,9.0
2025-07-10 16:30:42.000,2025-07-10 16:32:29,2054626578477957356,,,,,2.0
2025-07-10 16:30:48.000,2025-07-10 16:32:29,2054626578477973740,5.0855932883503,,,,
2025-07-10 16:30:53.000,2025-07-10 16:32:29,2054626578477990124,,,,,0.0
2025-07-10 16:31:31.000,2025-07-10 16:32:46,2054626650536247532,,,65.0,486360.0,
2025-07-10 16:31:54.000,2025-07-10 16:32:46,2054626650536444140,,,,,11.0
2025-07-10 16:32:01.000,2025-07-10 16:32:46,2054626650536493292,27.04291085087075,,,,
2025-07-10 16:32:04.000,2025-07-10 16:32:46,2054626650536526060,,,,,21.0
2025-07-10 16:32:14.000,2025-07-10 16:32:46,2054626650536575212,,,,,31.0
2025-07-10 16:32:25.000,2025-07-10 16:32:46,2054626650536624364,20.96464531104348,,,,17.0
2025-07-10 16:32:32.000,2025-07-10 16:33:47,2054626907479081196,,,64.0,486420.0,
2025-07-10 16:32:35.000,2025-07-10 16:33:47,2054626907487502572,,,,,29.0
2025-07-10 16:32:41.000,2025-07-10 16:33:47,2054626907487617260,26.772518782371428,,,,
2025-07-10 16:32:45.000,2025-07-10 16:33:47,2054626907487650028,,,,,33.0
2025-07-10 16:32:47.000,2025-07-10 16:32:48,2054626659998367980,,66.0,,,
2025-07-10 16:32:53.000,2025-07-10 16:33:47,2054626907487797484,19.197836863452007,,,,
2025-07-10 16:32:55.000,2025-07-10 16:33:47,2054626907487813868,,,,,22.0
2025-07-10 16:33:01.000,2025-07-10 16:33:47,2054626907487846636,17.988480557081743,,,,
2025-07-10 16:33:06.000,2025-07-10 16:33:47,2054626907487895788,,,,,9.0
2025-07-10 16:33:16.000,2025-07-10 16:33:47,2054626907487928556,,,,,34.0
2025-07-10 16:33:26.000,2025-07-10 16:33:47,2054626907487961324,,,,,26.0
2025-07-10 16:33:28.000,2025-07-10 16:34:48,2054627163004485868,29.38939544531351,,,,
2025-07-10 16:33:33.000,2025-07-10 16:34:48,2054627163012874476,,,64.0,486480.0,
2025-07-10 16:33:37.000,2025-07-10 16:34:48,2054627163012907244,,,,,29.0
2025-07-10 16:33:47.000,2025-07-10 16:34:48,2054627163012923628,,,,,35.0
2025-07-10 16:33:48.000,2025-07-10 16:33:50,2054626919013433580,,54.0,,,
2025-07-10 16:33:49.000,2025-07-10 16:34:48,2054627163012940012,30.739503787340958,,,,
2025-07-10 16:33:57.000,2025-07-10 16:34:48,2054627163012972780,,,,,37.0
2025-07-10 16:34:08.000,2025-07-10 16:34:48,2054627163013021932,,,,,28.0
2025-07-10 16:34:14.000,2025-07-10 16:34:48,2054627163013038316,16.32353213529481,,,,
2025-07-10 16:34:18.000,2025-07-10 16:34:48,2054627163013054700,,,,,32.0
2025-07-10 16:34:29.000,2025-07-10 16:35:50,2054627421386178796,,,,,42.0
2025-07-10 16:34:33.000,2025-07-10 16:35:50,2054627421394600172,,,64.0,486520.0,
2025-07-10 16:34:34.000,2025-07-10 16:35:50,2054627421394616556,42.66823880928717,,,,
2025-07-10 16:34:39.000,2025-07-10 16:35:50,2054627421394649324,,,,,40.0
2025-07-10 16:34:49.000,2025-07-10 16:35:50,2054627421394698476,,,,,28.0
2025-07-10 16:34:50.000,2025-07-10 16:34:51,2054627174119391468,,70.0,,,
2025-07-10 16:34:53.000,2025-07-10 16:35:50,2054627421394731244,33.83790057226815,,,,
2025-07-10 16:35:00.000,2025-07-10 16:35:50,2054627421394878700,,,,,41.0
2025-07-10 16:35:10.000,2025-07-10 16:35:50,2054627421394927852,,,,,53.0
2025-07-10 16:35:19.000,2025-07-10 16:35:50,2054627421394944236,42.099674665250916,,,,
2025-07-10 16:35:20.000,2025-07-10 16:35:50,2054627421394960620,,,,,35.0
2025-07-10 16:35:31.000,2025-07-10 16:36:50,2054627672956420332,,,,,15.000000000000002
2025-07-10 16:35:34.000,2025-07-10 16:36:50,2054627672956436716,,,64.0,486570.0,
2025-07-10 16:35:41.000,2025-07-10 16:36:50,2054627672956469484,,,,,43.0
2025-07-10 16:35:51.000,2025-07-10 16:35:52,2054627429737038060,,70.0,,,
2025-07-10 16:35:51.000,2025-07-10 16:36:50,2054627672956502252,,,,,33.0
2025-07-10 16:36:02.000,2025-07-10 16:36:50,2054627672956551404,,,,,56.0
2025-07-10 16:36:12.000,2025-07-10 16:36:50,2054627672956584172,,,,,64.0
2025-07-10 16:36:22.000,2025-07-10 16:36:50,2054627672956616940,,,,,62.0
2025-07-10 16:36:33.000,2025-07-10 16:37:51,2054627928487166188,,,,,47.0
2025-07-10 16:36:34.000,2025-07-10 16:37:51,2054627928487182572,,,63.0,486640.0,
2025-07-10 16:36:41.000,2025-07-10 16:37:51,2054627928487215340,24.739022267218978,,,,
2025-07-10 16:36:43.000,2025-07-10 16:37:51,2054627928487231724,,,,,30.000000000000004
2025-07-10 16:36:52.000,2025-07-10 16:36:53,2054627685967069420,,80.0,,,
2025-07-10 16:36:54.000,2025-07-10 16:37:51,2054627928487248108,,,,,37.0
2025-07-10 16:36:58.000,2025-07-10 16:37:51,2054627928487313644,29.387543444844344,,,,
2025-07-10 16:37:04.000,2025-07-10 16:37:51,2054627928487411948,37.56782951718348,,,,38.0
2025-07-10 16:37:10.000,2025-07-10 16:37:51,2054627928487461100,40.60696228709711,,,,
2025-07-10 16:37:14.000,2025-07-10 16:37:51,2054627928487477484,,,,,48.0
2025-07-10 16:37:15.000,2025-07-10 16:37:51,2054627928487493868,43.13123892658054,,,,
2025-07-10 16:37:25.000,2025-07-10 16:37:51,2054627928487510252,,,,,56.0
2025-07-10 16:37:35.000,2025-07-10 16:38:52,2054628184548180204,,,64.0,486700.0,59.0
2025-07-10 16:37:40.000,2025-07-10 16:38:52,2054628184548212972,66.40718082315247,,,,
2025-07-10 16:37:45.000,2025-07-10 16:38:52,2054628184548294892,,,,,69.0
2025-07-10 16:37:53.000,2025-07-10 16:38:08,2054628002590884076,,53.0,,,
2025-07-10 16:37:55.000,2025-07-10 16:38:52,2054628184548360428,,,,,77.0
2025-07-10 16:38:06.000,2025-07-10 16:38:52,2054628184548393196,,,,,81.0
2025-07-10 16:38:16.000,2025-07-10 16:38:52,2054628184548425964,,,,,88.0
2025-07-10 16:38:27.000,2025-07-10 16:38:52,2054628184548442348,,,,,86.0
2025-07-10 16:38:35.000,2025-07-10 16:39:53,2054628440987943148,,,63.0,486830.0,
2025-07-10 16:38:37.000,2025-07-10 16:39:53,2054628440996315372,,,,,87.0
2025-07-10 16:38:48.000,2025-07-10 16:39:53,2054628440996348140,,,,,90.0
2025-07-10 16:38:54.000,2025-07-10 16:38:55,2054628199576371436,,63.0,,,
2025-07-10 16:38:58.000,2025-07-10 16:39:53,2054628440996380908,,,,,77.0
2025-07-10 16:39:08.000,2025-07-10 16:39:53,2054628440996544748,,,,,63.0
2025-07-10 16:39:11.000,2025-07-10 16:39:53,2054628440996577516,61.77532764974967,,,,
2025-07-10 16:39:19.000,2025-07-10 16:39:53,2054628440996593900,,,,,67.0
2025-07-10 16:39:29.000,2025-07-10 16:39:53,2054628440996626668,,,,,71.0
2025-07-10 16:39:35.000,2025-07-10 16:40:54,2054628696844665068,,,63.0,486930.0,
2025-07-10 16:39:39.000,2025-07-10 16:40:54,2054628696853053676,,,,,72.0
2025-07-10 16:39:50.000,2025-07-10 16:40:54,2054628696853086444,,,,,67.0
2025-07-10 16:39:55.000,2025-07-10 16:39:57,2054628455705739500,,64.0,,,
2025-07-10 16:40:00.000,2025-07-10 16:40:54,2054628696853135596,,,,,69.0
2025-07-10 16:40:21.000,2025-07-10 16:40:54,2054628696853217516,,,,,63.0
2025-07-10 16:40:31.000,2025-07-10 16:40:54,2054628696853250284,,,,,60.99999999999999
2025-07-10 16:40:35.000,2025-07-10 16:41:55,2054628953959694572,,,63.0,486980.0,
2025-07-10 16:40:42.000,2025-07-10 16:41:55,2054628953963954412,69.94079771833543,,,,71.0
2025-07-10 16:40:52.000,2025-07-10 16:41:55,2054628953963987180,,,,,65.0
2025-07-10 16:40:56.000,2025-07-10 16:41:00,2054628723562414316,,56.00000000000001,,,
2025-07-10 16:41:03.000,2025-07-10 16:41:55,2054628953964036332,,,,,58.0
2025-07-10 16:41:13.000,2025-07-10 16:41:55,2054628953964216556,,,,,63.0
2025-07-10 16:41:23.000,2025-07-10 16:41:24,2054628822422126828,,62.0,,,
2025-07-10 16:41:23.000,2025-07-10 16:41:55,2054628953964347628,,,,,68.0
2025-07-10 16:41:33.000,2025-07-10 16:41:55,2054628953964364012,,,,,67.0
2025-07-10 16:41:36.000,2025-07-10 16:42:56,2054629209313427692,,,63.0,487070.0,
2025-07-10 16:41:44.000,2025-07-10 16:42:56,2054629209325715692,,,,,75.0
2025-07-10 16:41:54.000,2025-07-10 16:42:56,2054629209325732076,,,,,79.0
2025-07-10 16:42:05.000,2025-07-10 16:42:56,2054629209325764844,,,,,74.0
2025-07-10 16:42:13.000,2025-07-10 16:42:56,2054629209325797612,72.59101038972263,,,,
2025-07-10 16:42:15.000,2025-07-10 16:42:56,2054629209325813996,,,,,75.0
2025-07-10 16:42:25.000,2025-07-10 16:42:26,2054629081848217836,,60.0,,,
2025-07-10 16:42:36.000,2025-07-10 16:43:57,2054629465111134444,,,,,72.0
2025-07-10 16:42:37.000,2025-07-10 16:43:57,2054629465119523052,,,63.0,487180.0,
2025-07-10 16:42:56.000,2025-07-10 16:43:57,2054629465119588588,,,,,78.0
2025-07-10 16:43:07.000,2025-07-10 16:43:57,2054629465119621356,,,,,77.0
2025-07-10 16:43:17.000,2025-07-10 16:43:57,2054629465119654124,,,,,66.0
2025-07-10 16:43:26.000,2025-07-10 16:43:27,2054629338443153644,,67.0,,,
2025-07-10 16:43:28.000,2025-07-10 16:43:57,2054629465119686892,,,,,68.0
2025-07-10 16:43:37.000,2025-07-10 16:44:58,2054629721869648108,,,63.0,487240.0,
2025-07-10 16:43:38.000,2025-07-10 16:44:58,2054629721878036716,,,,,67.0
2025-07-10 16:43:42.000,2025-07-10 16:44:58,2054629721878069484,65.62934062609962,,,,
2025-07-10 16:43:48.000,2025-07-10 16:44:58,2054629721878085868,,,,,69.0
2025-07-10 16:43:59.000,2025-07-10 16:44:58,2054629721878135020,,,,,58.0
2025-07-10 16:44:09.000,2025-07-10 16:44:58,2054629721878151404,,,,,70.0
2025-07-10 16:44:19.000,2025-07-10 16:44:58,2054629721878184172,,,,,63.0
2025-07-10 16:44:27.000,2025-07-10 16:44:28,2054629595201683692,,70.0,,,
2025-07-10 16:44:30.000,2025-07-10 16:44:58,2054629721878249708,,,,,72.0
2025-07-10 16:44:37.000,2025-07-10 16:44:58,2054629721878282476,,,63.0,487300.0,
2025-07-10 16:44:40.000,2025-07-10 16:45:59,2054629977655083244,,,,,75.0
2025-07-10 16:44:51.000,2025-07-10 16:45:59,2054629977655116012,,,,,69.0
2025-07-10 16:45:01.000,2025-07-10 16:45:59,2054629977655132396,,,,,60.99999999999999
2025-07-10 16:45:11.000,2025-07-10 16:45:59,2054629977655165164,,,,,62.0
2025-07-10 16:45:13.000,2025-07-10 16:45:59,2054629977655197932,62.114243735608426,,,,
2025-07-10 16:45:22.000,2025-07-10 16:45:59,2054629977655230700,,,,,59.0
2025-07-10 16:45:29.000,2025-07-10 16:45:30,2054629856540360940,,64.0,,,
2025-07-10 16:45:32.000,2025-07-10 16:45:59,2054629977655263468,,,,,57.0
2025-07-10 16:45:37.000,2025-07-10 16:45:59,2054629977655279852,,,63.0,487320.0,
2025-07-10 16:45:42.000,2025-07-10 16:47:01,2054630237685219564,,,,,37.0
2025-07-10 16:45:50.000,2025-07-10 16:47:01,2054630237693575404,27.57999098693105,,,,
2025-07-10 16:45:53.000,2025-07-10 16:47:01,2054630237693591788,,,,,25.0
2025-07-10 16:45:58.000,2025-07-10 16:47:01,2054630237693624556,24.266762147579747,,,,
2025-07-10 16:46:03.000,2025-07-10 16:47:01,2054630237693640940,,,,,24.0
2025-07-10 16:46:07.000,2025-07-10 16:47:01,2054630237693657324,34.447208726626215,,,,
2025-07-10 16:46:13.000,2025-07-10 16:47:01,2054630237693690092,,,,,49.0
2025-07-10 16:46:24.000,2025-07-10 16:47:01,2054630237693804780,,,,,55.0
2025-07-10 16:46:30.000,2025-07-10 16:46:32,2054630113311457516,,56.00000000000001,,,
2025-07-10 16:46:34.000,2025-07-10 16:47:01,2054630237693853932,,,,,65.0
2025-07-10 16:46:37.000,2025-07-10 16:47:01,2054630237693870316,,,63.0,487330.0,
2025-07-10 16:46:45.000,2025-07-10 16:48:01,2054630489699909868,,,,,68.0
2025-07-10 16:46:55.000,2025-07-10 16:48:01,2054630489699942636,,,,,58.0
2025-07-10 16:47:05.000,2025-07-10 16:48:01,2054630489699959020,,,,,56.0
2025-07-10 16:47:16.000,2025-07-10 16:48:01,2054630489700008172,,,,,19.0
2025-07-10 16:47:26.000,2025-07-10 16:48:01,2054630489700024556,,,,,49.0
2025-07-10 16:47:31.000,2025-07-10 16:47:33,2054630369776369900,,56.99999999999999,,,
2025-07-10 16:47:37.000,2025-07-10 16:48:01,2054630489700073708,,,,,68.0
2025-07-10 16:47:38.000,2025-07-10 16:48:01,2054630489700090092,66.41088482409083,,63.0,487510.0,
2025-07-10 16:47:47.000,2025-07-10 16:49:03,2054630746059964652,,,,,70.0
2025-07-10 16:47:57.000,2025-07-10 16:49:03,2054630746059997420,,,,,56.0
2025-07-10 16:48:08.000,2025-07-10 16:49:03,2054630746060030188,,,,,5.0
2025-07-10 16:48:18.000,2025-07-10 16:49:03,2054630746060095724,,,,,34.0
2025-07-10 16:48:22.000,2025-07-10 16:49:03,2054630746060128492,33.69529653614179,,,,
2025-07-10 16:48:29.000,2025-07-10 16:49:03,2054630746060161260,,,,,52.0
2025-07-10 16:48:32.000,2025-07-10 16:48:33,2054630623317852396,,70.0,,,
2025-07-10 16:48:38.000,2025-07-10 16:49:03,2054630746060210412,,,63.0,487560.0,
2025-07-10 16:48:39.000,2025-07-10 16:49:03,2054630746060226796,,,,,69.0
2025-07-10 16:48:49.000,2025-07-10 16:50:04,2054631002248069356,,,,,72.0
2025-07-10 16:49:00.000,2025-07-10 16:50:04,2054631002248085740,,,,,74.0
2025-07-10 16:49:02.000,2025-07-10 16:50:04,2054631002248102124,74.44115885842692,,,,
2025-07-10 16:49:10.000,2025-07-10 16:50:04,2054631002248118508,,,,,69.0
2025-07-10 16:49:20.000,2025-07-10 16:50:04,2054631002248167660,,,,,71.0
2025-07-10 16:49:31.000,2025-07-10 16:50:04,2054631002248184044,,,,,69.0
2025-07-10 16:49:33.000,2025-07-10 16:49:34,2054630878788714732,,60.0,,,
2025-07-10 16:49:38.000,2025-07-10 16:50:04,2054631002248249580,,,63.0,487570.0,
2025-07-10 16:49:41.000,2025-07-10 16:50:04,2054631002248265964,,,,,42.0
2025-07-10 16:49:52.000,2025-07-10 16:51:05,2054631257689555180,,,,,6.0
2025-07-10 16:50:02.000,2025-07-10 16:51:05,2054631257697960172,,,,,1.0
2025-07-10 16:50:12.000,2025-07-10 16:51:05,2054631257697992940,,,,,33.0
2025-07-10 16:50:23.000,2025-07-10 16:51:05,2054631257698025708,,,,,52.0
2025-07-10 16:50:33.000,2025-07-10 16:51:05,2054631257698058476,49.153944452332595,,,,51.0
2025-07-10 16:50:34.000,2025-07-10 16:50:35,2054631134695784684,,62.0,,,
2025-07-10 16:50:38.000,2025-07-10 16:51:05,2054631257698091244,,,63.0,487580.0,
2025-07-10 16:50:43.000,2025-07-10 16:51:05,2054631257698107628,,,,,55.0
2025-07-10 16:50:54.000,2025-07-10 16:52:06,2054631516041904364,,,,,9.0
2025-07-10 16:51:04.000,2025-07-10 16:52:06,2054631516050424044,,,,,0.0
2025-07-10 16:51:14.000,2025-07-10 16:52:06,2054631516050620652,,,,,30.000000000000004
2025-07-10 16:51:25.000,2025-07-10 16:52:06,2054631516050702572,,,,,62.0
2025-07-10 16:51:35.000,2025-07-10 16:51:36,2054631391391383788,,57.99999999999999,,,
2025-07-10 16:51:35.000,2025-07-10 16:52:06,2054631516050735340,,,,,71.0
2025-07-10 16:51:39.000,2025-07-10 16:52:06,2054631516050784492,,,63.0,487680.0,
2025-07-10 16:51:56.000,2025-07-10 16:53:06,2054631768710971628,,,,,79.0
2025-07-10 16:52:02.000,2025-07-10 16:53:06,2054631768719360236,78.99893201306278,,,,
2025-07-10 16:52:06.000,2025-07-10 16:53:06,2054631768719376620,,,,,80.0
2025-07-10 16:52:17.000,2025-07-10 16:53:06,2054631768719409388,,,,,81.0
2025-07-10 16:52:27.000,2025-07-10 16:53:06,2054631768719425772,,,,,73.0
2025-07-10 16:52:36.000,2025-07-10 16:52:39,2054631653094981868,,63.0,,,
2025-07-10 16:52:37.000,2025-07-10 16:53:06,2054631768719442156,,,,,78.0
2025-07-10 16:52:39.000,2025-07-10 16:53:06,2054631768719474924,,,63.0,487840.0,
2025-07-10 16:52:48.000,2025-07-10 16:54:07,2054632024534171884,,,,,83.0
2025-07-10 16:52:58.000,2025-07-10 16:54:07,2054632024542544108,,,,,81.0
2025-07-10 16:53:09.000,2025-07-10 16:54:07,2054632024542576876,,,,,76.0
2025-07-10 16:53:19.000,2025-07-10 16:54:07,2054632024542626028,,,,,80.0
2025-07-10 16:53:29.000,2025-07-10 16:54:07,2054632024542658796,,,,,54.0
2025-07-10 16:53:33.000,2025-07-10 16:54:07,2054632024542675180,38.784593825430434,,,,
2025-07-10 16:53:37.000,2025-07-10 16:53:38,2054631902245028076,,64.0,,,
2025-07-10 16:53:40.000,2025-07-10 16:54:07,2054632024542707948,,,63.0,487890.0,30.000000000000004
2025-07-10 16:53:41.000,2025-07-10 16:54:07,2054632024542724332,29.18567539370444,,,,
2025-07-10 16:53:50.000,2025-07-10 16:55:08,2054632280562860268,,,,,62.0
2025-07-10 16:54:00.000,2025-07-10 16:55:08,2054632280571265260,,,,,68.0
2025-07-10 16:54:11.000,2025-07-10 16:55:08,2054632280571298028,,,,,73.0
2025-07-10 16:54:21.000,2025-07-10 16:55:08,2054632280571330796,,,,,75.0
2025-07-10 16:54:22.000,2025-07-10 16:55:08,2054632280571347180,74.00779074864032,,,,
2025-07-10 16:54:31.000,2025-07-10 16:55:08,2054632280571363564,,,,,70.0
2025-07-10 16:54:38.000,2025-07-10 16:54:39,2054632159238422764,,70.0,,,
2025-07-10 16:54:40.000,2025-07-10 16:55:08,2054632280571396332,,,63.0,487970.0,
2025-07-10 16:54:42.000,2025-07-10 16:55:08,2054632280571429100,,,,,58.0
2025-07-10 16:54:52.000,2025-07-10 16:56:09,2054632536667144428,,,,,48.0
2025-07-10 16:55:03.000,2025-07-10 16:56:09,2054632536667177196,,,,,5.0
2025-07-10 16:55:09.000,2025-07-10 16:56:09,2054632536667226348,12.191719088568838,,,,
2025-07-10 16:55:13.000,2025-07-10 16:56:09,2054632536667242732,,,,,28.0
2025-07-10 16:55:16.000,2025-07-10 16:56:09,2054632536667259116,33.91753659244261,,,,
2025-07-10 16:55:23.000,2025-07-10 16:56:09,2054632536667275500,,,,,53.0
2025-07-10 16:55:34.000,2025-07-10 16:56:09,2054632536667308268,,,,,43.0
2025-07-10 16:55:37.000,2025-07-10 16:56:09,2054632536667324652,36.93814935766451,,,,
2025-07-10 16:55:39.000,2025-07-10 16:55:40,2054632414205968620,,73.0,,,
2025-07-10 16:55:40.000,2025-07-10 16:56:09,2054632536667341036,,,63.0,488000.0,
2025-07-10 16:55:44.000,2025-07-10 16:56:09,2054632536667390188,,,,,15.000000000000002
2025-07-10 16:55:54.000,2025-07-10 16:57:12,2054632797200449772,,,,,0.0
2025-07-10 16:56:05.000,2025-07-10 16:57:12,2054632797204660460,,,,,3.0
2025-07-10 16:56:15.001,2025-07-10 16:57:12,2054632797204758764,,,,,0.0
2025-07-10 16:56:35.000,2025-07-10 16:57:12,2054632797205119212,,,,,10.0
2025-07-10 16:56:39.000,2025-07-10 16:56:42,2054632672210190572,,67.0,,,
2025-07-10 16:56:41.000,2025-07-10 16:57:12,2054632797205135596,,,63.0,488020.0,
2025-07-10 16:56:46.000,2025-07-10 16:57:12,2054632797205168364,,,,,15.000000000000002
2025-07-10 16:57:07.000,2025-07-10 16:58:14,2054633060019732716,,,,,3.0
2025-07-10 16:57:11.000,2025-07-10 16:58:14,2054633060019765484,0.0,,,,
2025-07-10 16:57:17.000,2025-07-10 16:58:14,2054633060019781868,,,,,0.0
2025-07-10 16:57:41.000,2025-07-10 16:57:42,2054632925244178668,,64.0,,,
2025-07-10 16:57:41.000,2025-07-10 16:58:14,2054633060019847404,,,63.0,488040.0,
2025-07-10 16:58:41.000,2025-07-10 16:58:43,2054633182296277228,,63.0,,,
2025-07-10 16:58:41.000,2025-07-10 16:59:11,2054633299174850796,,,63.0,,
2025-07-10 16:59:12.000,2025-07-10 17:00:12,2054633555534823660,,,,488050.0,
2025-07-10 16:59:41.000,2025-07-10 17:00:12,2054633555534921964,,,63.0,,
2025-07-10 16:59:42.000,2025-07-10 16:59:45,2054633441273577708,,63.0,,,
2025-07-10 17:00:42.000,2025-07-10 17:01:13,2054633811244843244,,,63.0,488060.0,
2025-07-10 17:00:43.000,2025-07-10 17:00:44,2054633689182109932,,64.0,,,
2025-07-10 17:00:55.000,2025-07-10 17:02:15,2054634068313702636,,,,,7.0
2025-07-10 17:01:05.000,2025-07-10 17:02:15,2054634068322091244,,,,,2.0
2025-07-10 17:01:14.000,2025-07-10 17:02:15,2054634068322140396,39.02720588689216,,,,
2025-07-10 17:01:16.000,2025-07-10 17:02:15,2054634068322156780,,,,,38.0
2025-07-10 17:01:26.000,2025-07-10 17:02:15,2054634068322205932,,,,,41.0
2025-07-10 17:01:36.000,2025-07-10 17:02:15,2054634068322320620,,,,,29.0
2025-07-10 17:01:38.000,2025-07-10 17:02:15,2054634068322337004,26.666954755628538,,,,
2025-07-10 17:01:43.000,2025-07-10 17:01:45,2054633942123806956,,54.0,,,
2025-07-10 17:01:43.000,2025-07-10 17:02:15,2054634068322353388,,,63.0,488090.0,
2025-07-10 17:01:46.000,2025-07-10 17:02:15,2054634068322369772,51.444869032700154,,,,
2025-07-10 17:01:47.000,2025-07-10 17:02:15,2054634068322386156,,,,,51.0
2025-07-10 17:01:53.000,2025-07-10 17:02:15,2054634068322418924,37.191873421941274,,,,
2025-07-10 17:01:57.000,2025-07-10 17:03:18,2054634332668035308,,,,,36.0
2025-07-10 17:02:07.000,2025-07-10 17:03:18,2054634332676423916,,,,,29.0
2025-07-10 17:02:18.000,2025-07-10 17:03:18,2054634332676473068,,,,,32.0
2025-07-10 17:02:26.000,2025-07-10 17:03:18,2054634332676522220,8.450678140838463,,,,
2025-07-10 17:02:28.000,2025-07-10 17:03:18,2054634332676538604,,,,,20.0
2025-07-10 17:02:38.000,2025-07-10 17:03:18,2054634332676571372,,,,,43.0
2025-07-10 17:02:44.000,2025-07-10 17:02:45,2054634197540143340,,74.0,,,
2025-07-10 17:02:44.000,2025-07-10 17:03:18,2054634332676587756,,,63.0,488140.0,
2025-07-10 17:02:49.000,2025-07-10 17:03:18,2054634332676636908,,,,,42.0
2025-07-10 17:02:50.000,2025-07-10 17:03:18,2054634332676653292,42.707130819139806,,,,
2025-07-10 17:02:58.000,2025-07-10 17:04:17,2054634581201518828,24.263058146641402,,,,
2025-07-10 17:02:59.000,2025-07-10 17:04:17,2054634581209907436,,,,,6.0
2025-07-10 17:03:09.001,2025-07-10 17:04:17,2054634581210136812,,,,,0.0
2025-07-10 17:03:19.000,2025-07-10 17:04:17,2054634581210235116,,,,,7.0
2025-07-10 17:03:26.000,2025-07-10 17:04:17,2054634581210300652,46.93895189120115,,,,
2025-07-10 17:03:30.000,2025-07-10 17:04:17,2054634581210317036,,,,,73.0
2025-07-10 17:03:40.000,2025-07-10 17:04:17,2054634581210349804,,,,,80.0
2025-07-10 17:03:44.000,2025-07-10 17:04:17,2054634581210366188,,,63.0,488250.0,
2025-07-10 17:03:46.000,2025-07-10 17:03:47,2054634456848859372,,68.0,,,
2025-07-10 17:03:50.000,2025-07-10 17:04:17,2054634581210398956,,,,,77.0
2025-07-10 17:04:01.000,2025-07-10 17:05:18,2054634837704179948,,,,,71.0
2025-07-10 17:04:11.000,2025-07-10 17:05:18,2054634837708390636,,,,,79.0
2025-07-10 17:04:22.000,2025-07-10 17:05:18,2054634837708439788,,,,,76.0
2025-07-10 17:04:42.000,2025-07-10 17:05:18,2054634837708538092,,,,,75.0
2025-07-10 17:04:44.000,2025-07-10 17:05:18,2054634837708554476,,,63.0,488290.0,
2025-07-10 17:04:47.000,2025-07-10 17:04:48,2054634710721626348,,70.0,,,
2025-07-10 17:04:53.000,2025-07-10 17:05:18,2054634837708603628,,,,,74.0
2025-07-10 17:04:56.000,2025-07-10 17:05:18,2054634837708636396,68.42586133455154,,,,
2025-07-10 17:05:03.000,2025-07-10 17:06:19,2054635094584361196,,,,,54.0
2025-07-10 17:05:13.000,2025-07-10 17:06:19,2054635094584410348,,,,,38.0
2025-07-10 17:05:19.000,2025-07-10 17:06:19,2054635094584443116,28.917135325674284,,,,
2025-07-10 17:05:23.000,2025-07-10 17:06:19,2054635094584459500,,,,,47.0
2025-07-10 17:05:34.000,2025-07-10 17:06:19,2054635094584492268,,,,,57.0
2025-07-10 17:05:44.000,2025-07-10 17:06:19,2054635094584525036,,,,,62.0
2025-07-10 17:05:45.000,2025-07-10 17:06:19,2054635094584541420,,,63.0,488330.0,
2025-07-10 17:05:48.000,2025-07-10 17:05:50,2054634972509110508,,70.0,,,
2025-07-10 17:05:55.000,2025-07-10 17:06:19,2054635094584606956,,,,,35.0
2025-07-10 17:06:03.000,2025-07-10 17:07:21,2054635351372202220,23.448177940205078,,,,
2025-07-10 17:06:05.000,2025-07-10 17:07:21,2054635351380590828,,,,,27.0
2025-07-10 17:06:15.000,2025-07-10 17:07:21,2054635351380607212,,,,,52.0
2025-07-10 17:06:22.000,2025-07-10 17:07:21,2054635351380623596,57.80093464290344,,,,
2025-07-10 17:06:26.000,2025-07-10 17:07:21,2054635351380672748,,,,,56.0
2025-07-10 17:06:27.000,2025-07-10 17:07:21,2054635351380689132,56.79344638767309,,,,
2025-07-10 17:06:36.000,2025-07-10 17:07:21,2054635351380771052,,,,,67.0
2025-07-10 17:06:40.000,2025-07-10 17:07:21,2054635351380803820,66.95352096155865,,,,
2025-07-10 17:06:46.000,2025-07-10 17:07:21,2054635351380820204,,,63.0,488360.0,59.0
2025-07-10 17:06:49.000,2025-07-10 17:06:51,2054635226293862636,,66.0,,,
2025-07-10 17:06:50.000,2025-07-10 17:07:21,2054635351380836588,53.106113453548744,,,,
2025-07-10 17:06:55.000,2025-07-10 17:07:21,2054635351380885740,51.98380116922963,,,,
2025-07-10 17:06:57.000,2025-07-10 17:07:21,2054635351380918508,,,,,58.0
2025-07-10 17:07:07.000,2025-07-10 17:08:22,2054635607811948780,,,,,68.0
2025-07-10 17:07:17.000,2025-07-10 17:08:22,2054635607820353772,,,,,57.0
2025-07-10 17:07:28.000,2025-07-10 17:08:22,2054635607820419308,,,,,42.0
2025-07-10 17:07:38.000,2025-07-10 17:08:22,2054635607820452076,,,,,7.0
2025-07-10 17:07:39.000,2025-07-10 17:08:22,2054635607820468460,13.4010753949391,,,,
2025-07-10 17:07:46.000,2025-07-10 17:08:22,2054635607820501228,,,63.0,488430.0,
2025-07-10 17:07:47.000,2025-07-10 17:08:22,2054635607820517612,40.53288226833018,,,,
2025-07-10 17:07:48.000,2025-07-10 17:08:22,2054635607820533996,,,,,46.0
2025-07-10 17:07:50.000,2025-07-10 17:07:52,2054635481580191980,,53.0,,,
2025-07-10 17:07:59.000,2025-07-10 17:08:22,2054635607820599532,,,,,52.0
2025-07-10 17:08:09.000,2025-07-10 17:09:23,2054635864218157292,,,,,57.0
2025-07-10 17:08:13.000,2025-07-10 17:09:23,2054635864218173676,51.657849086655105,,,,
2025-07-10 17:08:19.000,2025-07-10 17:09:23,2054635864218206444,,,,,26.0
2025-07-10 17:08:30.000,2025-07-10 17:09:23,2054635864218255596,,,,,37.0
2025-07-10 17:08:40.000,2025-07-10 17:09:23,2054635864218271980,,,,,51.0
2025-07-10 17:08:46.000,2025-07-10 17:09:23,2054635864218288364,,,63.0,488480.0,
2025-07-10 17:08:51.000,2025-07-10 17:08:53,2054635737659228396,,56.99999999999999,,,
2025-07-10 17:08:51.000,2025-07-10 17:09:23,2054635864218321132,,,,,56.0
2025-07-10 17:09:01.000,2025-07-10 17:09:23,2054635864218386668,,,,,46.0
2025-07-10 17:09:11.000,2025-07-10 17:10:24,2054636121077317868,,,,,42.0
2025-07-10 17:09:22.000,2025-07-10 17:10:24,2054636121081528556,,,,,1.0
2025-07-10 17:09:32.000,2025-07-10 17:10:24,2054636121081774316,,,,,0.0
2025-07-10 17:09:42.000,2025-07-10 17:10:24,2054636121081872620,,,,,15.000000000000002
2025-07-10 17:09:43.000,2025-07-10 17:10:24,2054636121081889004,23.157413866544847,,,,
2025-07-10 17:09:47.000,2025-07-10 17:10:24,2054636121081905388,,,63.0,488530.0,
2025-07-10 17:09:51.000,2025-07-10 17:10:24,2054636121081921772,31.689580028026942,,,,
2025-07-10 17:09:52.000,2025-07-10 17:09:53,2054635991842439404,,70.0,,,
2025-07-10 17:09:53.000,2025-07-10 17:10:24,2054636121081938156,,,,,32.0
2025-07-10 17:09:57.000,2025-07-10 17:10:24,2054636121081970924,44.44615925969368,,,,
2025-07-10 17:10:03.000,2025-07-10 17:10:24,2054636121081987308,,,,,54.0
2025-07-10 17:10:13.000,2025-07-10 17:11:25,2054636376426610924,,,,,51.0
2025-07-10 17:10:24.000,2025-07-10 17:11:25,2054636376430772460,,,,,35.0
2025-07-10 17:10:34.000,2025-07-10 17:11:25,2054636376430821612,,,,,0.0
2025-07-10 17:10:48.000,2025-07-10 17:11:25,2054636376430854380,,,63.0,488590.0,
2025-07-10 17:10:54.000,2025-07-10 17:10:55,2054636250874249452,,62.0,,,
2025-07-10 17:11:16.000,2025-07-10 17:12:26,2054636632333615340,,,,,6.0
2025-07-10 17:11:26.000,2025-07-10 17:12:26,2054636632333648108,36.28254119157711,,,,38.0
2025-07-10 17:11:37.000,2025-07-10 17:12:26,2054636632333697260,,,,,45.0
2025-07-10 17:11:47.000,2025-07-10 17:12:26,2054636632333779180,,,,,39.0
2025-07-10 17:11:48.000,2025-07-10 17:12:26,2054636632333795564,,,63.0,488630.0,
2025-07-10 17:11:54.000,2025-07-10 17:11:55,2054636503434264812,,60.0,,,
2025-07-10 17:11:57.000,2025-07-10 17:12:26,2054636632333828332,,,,,16.0
2025-07-10 17:12:08.000,2025-07-10 17:13:27,2054636887980654828,,,,,40.0
2025-07-10 17:12:18.000,2025-07-10 17:13:27,2054636887984832748,,,,,39.0
2025-07-10 17:12:28.000,2025-07-10 17:13:27,2054636887984865516,,,,,28.0
2025-07-10 17:12:39.000,2025-07-10 17:13:27,2054636887984881900,,,,,27.0
2025-07-10 17:12:48.000,2025-07-10 17:13:27,2054636887984898284,,,62.0,488650.0,
2025-07-10 17:12:49.000,2025-07-10 17:13:27,2054636887984914668,,,,,29.0
2025-07-10 17:12:55.000,2025-07-10 17:12:56,2054636759119069420,,65.0,,,
2025-07-10 17:12:57.000,2025-07-10 17:13:27,2054636887984931052,35.988073116978526,,,,
2025-07-10 17:13:00.000,2025-07-10 17:13:27,2054636887984980204,,,,,40.0
2025-07-10 17:13:10.000,2025-07-10 17:14:28,2054637143845765356,,,,,30.000000000000004
2025-07-10 17:13:20.000,2025-07-10 17:14:28,2054637143845781740,,,,,0.0
2025-07-10 17:13:31.000,2025-07-10 17:14:28,2054637143845847276,,,,,22.0
2025-07-10 17:13:41.000,2025-07-10 17:14:28,2054637143845863660,,,,,35.0
2025-07-10 17:13:48.000,2025-07-10 17:14:28,2054637143845880044,,,62.0,488680.0,
2025-07-10 17:13:51.000,2025-07-10 17:14:28,2054637143845896428,,,,,47.0
2025-07-10 17:13:56.000,2025-07-10 17:13:57,2054637015298736364,,67.0,,,
2025-07-10 17:14:02.000,2025-07-10 17:14:28,2054637143845961964,,,,,32.0
2025-07-10 17:14:12.000,2025-07-10 17:15:29,2054637399610228972,,,,,16.0
2025-07-10 17:14:23.000,2025-07-10 17:15:29,2054637399618617580,,,,,30.000000000000004
2025-07-10 17:14:28.000,2025-07-10 17:15:29,2054637399618650348,16.012396056473673,,,,
2025-07-10 17:14:33.000,2025-07-10 17:15:29,2054637399618683116,,,,,31.0
2025-07-10 17:14:41.000,2025-07-10 17:15:29,2054637399618732268,18.08478458147876,,,,
2025-07-10 17:14:43.000,2025-07-10 17:15:29,2054637399618765036,,,,,27.0
2025-07-10 17:14:48.000,2025-07-10 17:15:29,2054637399618781420,,,62.0,488730.0,
2025-07-10 17:14:51.000,2025-07-10 17:15:29,2054637399618797804,31.96738009840296,,,,
2025-07-10 17:14:54.000,2025-07-10 17:15:29,2054637399618814188,,,,,33.0
2025-07-10 17:14:57.000,2025-07-10 17:14:59,2054637272279548140,,63.0,,,
2025-07-10 17:14:59.000,2025-07-10 17:15:29,2054637399618830572,25.42241044034398,,,,
2025-07-10 17:15:04.000,2025-07-10 17:15:29,2054637399618863340,,,,,31.0
2025-07-10 17:15:06.000,2025-07-10 17:15:29,2054637399618879724,32.40074820818955,,,,
2025-07-10 17:15:14.000,2025-07-10 17:16:30,2054637655127245036,,,,,42.0
2025-07-10 17:15:25.000,2025-07-10 17:16:30,2054637655127277804,,,,,15.000000000000002
2025-07-10 17:15:35.000,2025-07-10 17:16:30,2054637655127310572,,,,,20.0
2025-07-10 17:15:45.000,2025-07-10 17:16:30,2054637655127326956,,,,,34.0
2025-07-10 17:15:49.000,2025-07-10 17:16:30,2054637655127343340,,,62.0,488770.0,
2025-07-10 17:15:56.000,2025-07-10 17:16:30,2054637655127376108,,,,,25.0
2025-07-10 17:15:58.000,2025-07-10 17:15:59,2054637525917499628,,56.99999999999999,,,
2025-07-10 17:16:03.000,2025-07-10 17:16:30,2054637655127441644,7.437633884200584,,,,
2025-07-10 17:16:06.000,2025-07-10 17:16:30,2054637655127458028,,,,,0.0
2025-07-10 17:16:27.000,2025-07-10 17:17:31,2054637910732570860,,,,,36.0
2025-07-10 17:16:37.000,2025-07-10 17:17:31,2054637910732620012,,,,,34.0
2025-07-10 17:16:47.000,2025-07-10 17:17:31,2054637910732751084,,,,,24.0
2025-07-10 17:16:49.000,2025-07-10 17:17:31,2054637910732767468,,,62.0,488810.0,
2025-07-10 17:16:58.000,2025-07-10 17:17:31,2054637910732816620,,,,,0.0
2025-07-10 17:16:59.000,2025-07-10 17:17:01,2054637787637874924,,56.00000000000001,,,
2025-07-10 17:17:18.000,2025-07-10 17:18:32,2054638166081650924,,,,,41.0
2025-07-10 17:17:29.000,2025-07-10 17:18:32,2054638166081683692,,,,,52.0
2025-07-10 17:17:34.000,2025-07-10 17:18:32,2054638166081716460,48.202016211177444,,,,
2025-07-10 17:17:39.000,2025-07-10 17:18:32,2054638166081732844,,,,,45.0
2025-07-10 17:17:50.000,2025-07-10 17:18:32,2054638166081765612,,,62.0,488850.0,0.0
2025-07-10 17:17:59.000,2025-07-10 17:18:00,2054638035387023596,,67.0,,,
2025-07-10 17:18:08.000,2025-07-10 17:18:32,2054638166081863916,0.0,,,,
2025-07-10 17:18:10.000,2025-07-10 17:18:32,2054638166081880300,,,,,1.0
2025-07-10 17:18:18.000,2025-07-10 17:19:33,2054638422106063084,30.49689172587924,,,,
2025-07-10 17:18:21.000,2025-07-10 17:19:33,2054638422106079468,,,,,33.0
2025-07-10 17:18:31.000,2025-07-10 17:19:33,2054638422106112236,,,,,29.0
2025-07-10 17:18:41.000,2025-07-10 17:19:33,2054638422106145004,,,,,0.0
2025-07-10 17:18:50.000,2025-07-10 17:19:33,2054638422106177772,,,62.0,488870.0,
2025-07-10 17:18:52.000,2025-07-10 17:19:33,2054638422106194156,,,,,18.0
2025-07-10 17:19:00.000,2025-07-10 17:19:02,2054638291705168108,,59.0,,,
2025-07-10 17:19:02.000,2025-07-10 17:19:33,2054638422106226924,,,,,37.0
2025-07-10 17:19:12.000,2025-07-10 17:19:33,2054638422106259692,,,,,44.0
2025-07-10 17:19:23.000,2025-07-10 17:20:34,2054638679191716076,,,,,35.0
2025-07-10 17:19:33.000,2025-07-10 17:20:34,2054638679191765228,,,,,44.0
2025-07-10 17:19:44.000,2025-07-10 17:20:34,2054638679191814380,,,,,39.0
2025-07-10 17:19:50.000,2025-07-10 17:20:34,2054638679191830764,31.10805188070648,,62.0,488910.0,
2025-07-10 17:19:54.000,2025-07-10 17:20:34,2054638679191847148,,,,,14.0
2025-07-10 17:20:01.000,2025-07-10 17:20:02,2054638546651709676,,63.0,,,
2025-07-10 17:20:04.000,2025-07-10 17:20:34,2054638679191912684,,,,,0.0
2025-07-10 17:20:15.000,2025-07-10 17:21:34,2054638931764314348,,,,,22.0
2025-07-10 17:20:25.000,2025-07-10 17:21:34,2054638931772719340,,,,,40.0
2025-07-10 17:20:46.000,2025-07-10 17:21:34,2054638931772817644,,,,,39.0
2025-07-10 17:20:50.000,2025-07-10 17:21:34,2054638931772834028,,,62.0,488940.0,
2025-07-10 17:20:56.000,2025-07-10 17:21:34,2054638931772850412,,,,,47.0
2025-07-10 17:21:02.000,2025-07-10 17:21:03,2054638802995036396,,60.0,,,
2025-07-10 17:21:06.000,2025-07-10 17:21:34,2054638931772915948,,,,,46.0
2025-07-10 17:21:12.000,2025-07-10 17:21:34,2054638931772932332,34.42868872193448,,,,
2025-07-10 17:21:17.000,2025-07-10 17:22:35,2054639188799652076,,,,,36.0
2025-07-10 17:21:27.000,2025-07-10 17:22:35,2054639188803862764,,,,,60.99999999999999
2025-07-10 17:21:38.000,2025-07-10 17:22:35,2054639188803928300,,,,,4.0
2025-07-10 17:21:42.000,2025-07-10 17:22:35,2054639188803977452,21.551729459771465,,,,
2025-07-10 17:21:48.000,2025-07-10 17:22:35,2054639188804075756,40.531030267861006,,,,42.0
2025-07-10 17:21:51.000,2025-07-10 17:22:35,2054639188804092140,,,62.0,488990.0,
2025-07-10 17:21:58.000,2025-07-10 17:22:35,2054639188804108524,,,,,81.0
2025-07-10 17:22:04.000,2025-07-10 17:22:05,2054639059472482540,,66.0,,,
2025-07-10 17:22:08.000,2025-07-10 17:22:35,2054639188804174060,,,,,91.0
2025-07-10 17:22:19.000,2025-07-10 17:23:37,2054639445742715116,,,,,84.0
2025-07-10 17:22:29.000,2025-07-10 17:23:37,2054639445751103724,,,,,95.0
2025-07-10 17:22:38.000,2025-07-10 17:23:37,2054639445751136492,94.68907998790027,,,,
2025-07-10 17:22:40.000,2025-07-10 17:23:37,2054639445751152876,,,,,93.0
2025-07-10 17:22:50.000,2025-07-10 17:23:37,2054639445751185644,,,,,73.0
2025-07-10 17:22:51.000,2025-07-10 17:23:37,2054639445751202028,,,62.0,489160.0,
2025-07-10 17:23:00.000,2025-07-10 17:23:37,2054639445751218412,,,,,51.0
2025-07-10 17:23:05.000,2025-07-10 17:23:07,2054639319909400812,,63.0,,,
2025-07-10 17:23:11.000,2025-07-10 17:23:37,2054639445751283948,,,,,34.0
2025-07-10 17:23:12.000,2025-07-10 17:23:37,2054639445751300332,34.95095285424139,,,,
2025-07-10 17:23:18.000,2025-07-10 17:24:36,2054639696478208236,35.165784908665515,,,,
2025-07-10 17:23:21.000,2025-07-10 17:24:36,2054639696482402540,,,,,39.0
2025-07-10 17:23:31.000,2025-07-10 17:24:36,2054639696482418924,,,,,76.0
2025-07-10 17:23:42.000,2025-07-10 17:24:36,2054639696482468076,,,,,91.0
2025-07-10 17:23:43.000,2025-07-10 17:24:36,2054639696482484460,90.3479908881577,,,,
2025-07-10 17:23:52.000,2025-07-10 17:24:36,2054639696482517228,,,62.0,489220.0,93.0
2025-07-10 17:24:03.000,2025-07-10 17:24:36,2054639696482533612,,,,,90.0
2025-07-10 17:24:06.000,2025-07-10 17:24:08,2054639575648731372,,68.0,,,
2025-07-10 17:24:13.000,2025-07-10 17:24:36,2054639696482599148,,,,,86.0
2025-07-10 17:24:23.000,2025-07-10 17:25:39,2054639958588653804,,,,,66.0
2025-07-10 17:24:34.000,2025-07-10 17:25:39,2054639958588686572,,,,,38.0
2025-07-10 17:24:40.000,2025-07-10 17:25:39,2054639958588752108,40.199522183878955,,,,
2025-07-10 17:24:44.000,2025-07-10 17:25:39,2054639958588784876,,,,,56.0
2025-07-10 17:24:47.000,2025-07-10 17:25:39,2054639958588801260,72.07985826023076,,,,
2025-07-10 17:24:52.000,2025-07-10 17:25:39,2054639958588817644,,,62.0,489250.0,
2025-07-10 17:24:54.000,2025-07-10 17:25:39,2054639958588834028,,,,,79.0
2025-07-10 17:25:05.000,2025-07-10 17:25:39,2054639958588883180,,,,,86.0
2025-07-10 17:25:08.000,2025-07-10 17:25:09,2054639833711640812,,70.0,,,
2025-07-10 17:25:15.000,2025-07-10 17:25:39,2054639958588948716,,,,,80.0
2025-07-10 17:25:25.000,2025-07-10 17:26:38,2054640204697829612,,,,,83.0
2025-07-10 17:25:36.000,2025-07-10 17:26:38,2054640204706234604,,,,,89.0
2025-07-10 17:25:46.000,2025-07-10 17:26:38,2054640204706267372,,,,,92.0
2025-07-10 17:25:52.000,2025-07-10 17:26:38,2054640204706283756,,,62.0,489370.0,
2025-07-10 17:25:57.000,2025-07-10 17:26:38,2054640204706300140,,,,,96.0
2025-07-10 17:26:07.000,2025-07-10 17:26:38,2054640204706332908,,,,,94.0
2025-07-10 17:26:08.000,2025-07-10 17:26:38,2054640204706349292,91.70550723206185,,,,
2025-07-10 17:26:09.000,2025-07-10 17:26:10,2054640090298188012,,57.99999999999999,,,
2025-07-10 17:26:17.000,2025-07-10 17:26:38,2054640204706398444,,,,,93.0
2025-07-10 17:26:28.000,2025-07-10 17:27:39,2054640460571361516,,,,,94.0
2025-07-10 17:26:38.000,2025-07-10 17:27:39,2054640460571394284,,,,,96.0
2025-07-10 17:26:48.000,2025-07-10 17:27:39,2054640460571476204,,,,,99.0
2025-07-10 17:26:53.000,2025-07-10 17:27:39,2054640460571508972,,,62.0,489510.0,
2025-07-10 17:26:59.000,2025-07-10 17:27:39,2054640460571525356,,,,,104.0
2025-07-10 17:27:09.000,2025-07-10 17:27:39,2054640460571558124,,,,,107.0
2025-07-10 17:27:11.000,2025-07-10 17:27:13,2054640351947260140,,63.0,,,
2025-07-10 17:27:30.000,2025-07-10 17:28:39,2054640715257872620,,,,,110.0
2025-07-10 17:27:38.000,2025-07-10 17:28:39,2054640715257905388,106.7418990412811,,,,
2025-07-10 17:27:40.000,2025-07-10 17:28:39,2054640715257921772,,,,,106.0
2025-07-10 17:27:51.000,2025-07-10 17:28:39,2054640715257938156,,,,,110.0
2025-07-10 17:27:53.000,2025-07-10 17:28:39,2054640715257954540,,,62.0,489650.0,
2025-07-10 17:28:01.000,2025-07-10 17:28:39,2054640715257987308,,,,,106.0
2025-07-10 17:28:11.000,2025-07-10 17:28:39,2054640715258020076,,,,,108.0
2025-07-10 17:28:12.000,2025-07-10 17:28:13,2054640605291610348,,64.0,,,
2025-07-10 17:28:22.000,2025-07-10 17:29:40,2054640969927622892,,,,,116.0
2025-07-10 17:28:32.000,2025-07-10 17:29:40,2054640969927655660,,,,,120.00000000000001
2025-07-10 17:28:43.000,2025-07-10 17:29:40,2054640969927688428,,,,,119.00000000000001
2025-07-10 17:28:53.000,2025-07-10 17:29:40,2054640969927704812,,,62.0,489850.0,116.0
2025-07-10 17:29:03.000,2025-07-10 17:29:40,2054640969927753964,,,,,113.0
2025-07-10 17:29:10.000,2025-07-10 17:29:40,2054640969927786732,111.1922561687049,,,,
2025-07-10 17:29:14.000,2025-07-10 17:29:34,2054640946263359724,,62.0,,,
2025-07-10 17:29:14.000,2025-07-10 17:29:40,2054640969927803116,,,,,112.0
2025-07-10 17:29:24.000,2025-07-10 17:30:41,2054641225805365484,,,,,114.0
2025-07-10 17:29:35.000,2025-07-10 17:30:41,2054641225813754092,,,,,113.0
2025-07-10 17:29:45.000,2025-07-10 17:30:41,2054641225813786860,,,,,109.0
2025-07-10 17:29:53.000,2025-07-10 17:30:41,2054641225813803244,,,62.0,490010.0,
2025-07-10 17:29:55.000,2025-07-10 17:30:41,2054641225813819628,,,,,110.0
2025-07-10 17:30:06.000,2025-07-10 17:30:41,2054641225813836012,,,,,111.0
2025-07-10 17:30:14.000,2025-07-10 17:30:34,2054641196029985004,,60.0,,,
2025-07-10 17:30:16.000,2025-07-10 17:30:41,2054641225813868780,,,,,114.0
2025-07-10 17:30:37.000,2025-07-10 17:31:42,2054641482232512748,,,,,109.0
2025-07-10 17:30:40.000,2025-07-10 17:31:42,2054641482232529132,109.17727965824419,,,,
2025-07-10 17:30:47.000,2025-07-10 17:31:42,2054641482232545516,,,,,105.0
2025-07-10 17:30:53.000,2025-07-10 17:31:42,2054641482232578284,,,62.0,490160.0,
2025-07-10 17:30:58.000,2025-07-10 17:31:42,2054641482232594668,,,,,83.0
2025-07-10 17:31:08.000,2025-07-10 17:31:42,2054641482232643820,,,,,85.0
2025-07-10 17:31:15.000,2025-07-10 17:31:19,2054641386342318316,,53.0,,,
2025-07-10 17:31:18.000,2025-07-10 17:31:42,2054641482232676588,,,,,100.0
2025-07-10 17:31:29.000,2025-07-10 17:32:43,2054641738487726316,,,,,105.0
2025-07-10 17:31:40.000,2025-07-10 17:32:43,2054641738496114924,103.88981831875397,,,,
2025-07-10 17:31:50.000,2025-07-10 17:32:43,2054641738496164076,,,,,108.0
2025-07-10 17:31:54.000,2025-07-10 17:32:43,2054641738496245996,,,62.0,490260.0,
2025-07-10 17:32:00.000,2025-07-10 17:32:43,2054641738496278764,,,,,117.0
2025-07-10 17:32:10.000,2025-07-10 17:32:43,2054641738496311532,,,,,118.0
2025-07-10 17:32:16.000,2025-07-10 17:32:17,2054641629725196524,,64.0,,,
2025-07-10 17:32:18.000,2025-07-10 17:32:43,2054641738496327916,121.11527468253628,,,,121.99999999999999
2025-07-10 17:32:21.000,2025-07-10 17:32:43,2054641738496360684,,,,,120.99999999999999
2025-07-10 17:32:26.000,2025-07-10 17:33:45,2054641998916223212,118.32616197596104,,,,120.00000000000001
2025-07-10 17:32:31.000,2025-07-10 17:33:45,2054641998920417516,,,,,120.99999999999999
2025-07-10 17:32:39.000,2025-07-10 17:33:45,2054641998920450284,124.66185558100342,,,,127.0
2025-07-10 17:32:41.000,2025-07-10 17:33:45,2054641998920466668,,,,,128.0
2025-07-10 17:32:52.000,2025-07-10 17:33:45,2054641998920483052,,,,,124.0
2025-07-10 17:32:54.000,2025-07-10 17:33:45,2054641998920499436,,,62.0,490470.0,
2025-07-10 17:33:02.000,2025-07-10 17:33:45,2054641998920515820,118.07428991215347,,,,120.00000000000001
2025-07-10 17:33:11.000,2025-07-10 17:33:45,2054641998920548588,119.38550624432825,,,,
2025-07-10 17:33:12.000,2025-07-10 17:33:45,2054641998920564972,,,,,121.99999999999999
2025-07-10 17:33:17.000,2025-07-10 17:33:18,2054641884860514540,,62.0,,,
2025-07-10 17:33:23.000,2025-07-10 17:33:45,2054641998920614124,,,,,115.0
2025-07-10 17:33:33.000,2025-07-10 17:34:46,2054642251669176556,,,,,114.0
2025-07-10 17:33:44.000,2025-07-10 17:34:46,2054642251669209324,,,,,115.0
2025-07-10 17:33:54.000,2025-07-10 17:34:46,2054642251669225708,,,61.0,490660.0,112.0
2025-07-10 17:33:58.000,2025-07-10 17:34:46,2054642251669258476,117.68907381456536,,,,
2025-07-10 17:34:04.000,2025-07-10 17:34:46,2054642251669274860,,,,,118.0
2025-07-10 17:34:15.000,2025-07-10 17:34:46,2054642251669307628,,,,,116.0
2025-07-10 17:34:18.000,2025-07-10 17:34:20,2054642142130749676,,57.99999999999999,,,
2025-07-10 17:34:25.000,2025-07-10 17:34:46,2054642251669356780,,,,,109.0
2025-07-10 17:34:35.000,2025-07-10 17:35:47,2054642507152621804,,,,,103.0
2025-07-10 17:34:46.000,2025-07-10 17:35:47,2054642507152670956,,,,,102.0
2025-07-10 17:34:54.000,2025-07-10 17:35:47,2054642507152687340,,,61.0,490760.0,
2025-07-10 17:35:07.000,2025-07-10 17:35:47,2054642507152752876,,,,,114.0
2025-07-10 17:35:17.000,2025-07-10 17:35:47,2054642507152785644,,,,,115.0
2025-07-10 17:35:19.000,2025-07-10 17:35:20,2054642395789656300,,60.0,,,
2025-07-10 17:35:27.000,2025-07-10 17:36:48,2054642762942251244,,,,,110.0
2025-07-10 17:35:29.000,2025-07-10 17:36:48,2054642762946478316,107.41973121299858,,,,
2025-07-10 17:35:38.000,2025-07-10 17:36:48,2054642762946494700,,,,,106.0
2025-07-10 17:35:48.000,2025-07-10 17:36:48,2054642762946511084,,,,,120.00000000000001
2025-07-10 17:35:54.000,2025-07-10 17:36:48,2054642762946527468,,,61.0,490920.0,
2025-07-10 17:35:59.000,2025-07-10 17:36:48,2054642762946543852,,,,,121.99999999999999
2025-07-10 17:36:09.000,2025-07-10 17:36:48,2054642762946576620,,,,,120.00000000000001
2025-07-10 17:36:19.000,2025-07-10 17:36:48,2054642762946593004,,,,,118.0
2025-07-10 17:36:20.000,2025-07-10 17:36:22,2054642656130105580,,62.0,,,
2025-07-10 17:36:30.000,2025-07-10 17:37:49,2054643020145361132,,,,,119.00000000000001
2025-07-10 17:36:40.000,2025-07-10 17:37:49,2054643020153782508,,,,,107.0
2025-07-10 17:36:50.000,2025-07-10 17:37:49,2054643020153798892,,,,,114.0
2025-07-10 17:36:55.000,2025-07-10 17:37:49,2054643020153897196,,,60.0,491130.0,
2025-07-10 17:36:59.000,2025-07-10 17:37:49,2054643020153946348,115.11849716335261,,,,
2025-07-10 17:37:00.000,2025-07-10 17:37:49,2054643020153962732,,,,,118.0
2025-07-10 17:37:11.000,2025-07-10 17:37:49,2054643020154011884,,,,,111.0
2025-07-10 17:37:21.000,2025-07-10 17:37:22,2054642906697826540,,59.0,,,
2025-07-10 17:37:21.000,2025-07-10 17:37:49,2054643020154044652,,,,,109.0
2025-07-10 17:37:31.000,2025-07-10 17:38:49,2054643273061908716,,,,,111.0
2025-07-10 17:37:42.000,2025-07-10 17:38:49,2054643273070313708,,,,,78.0
2025-07-10 17:37:48.000,2025-07-10 17:38:49,2054643273070346476,65.59044861624697,,,,
2025-07-10 17:37:52.000,2025-07-10 17:38:49,2054643273070362860,,,,,43.0
2025-07-10 17:37:56.000,2025-07-10 17:38:49,2054643273070379244,,,60.0,491210.0,
2025-07-10 17:38:01.000,2025-07-10 17:38:49,2054643273070412012,17.09211233000179,,,,
2025-07-10 17:38:02.000,2025-07-10 17:38:49,2054643273070428396,,,,,16.0
2025-07-10 17:38:13.000,2025-07-10 17:38:49,2054643273070493932,,,,,59.0
2025-07-10 17:38:22.000,2025-07-10 17:38:23,2054643162562953452,,55.00000000000001,,,
2025-07-10 17:38:23.000,2025-07-10 17:38:49,2054643273070526700,,,,,57.0
2025-07-10 17:38:27.000,2025-07-10 17:38:49,2054643273070592236,47.131559939995185,,,,
2025-07-10 17:38:33.000,2025-07-10 17:39:50,2054643529434546412,,,,,40.0
2025-07-10 17:38:42.000,2025-07-10 17:39:50,2054643529434579180,30.061671615623478,,,,
2025-07-10 17:38:44.000,2025-07-10 17:39:50,2054643529434595564,,,,,28.0
2025-07-10 17:38:54.000,2025-07-10 17:39:50,2054643529434628332,,,,,39.0
2025-07-10 17:38:56.000,2025-07-10 17:39:50,2054643529434644716,41.81446659299821,,60.0,491250.0,
2025-07-10 17:39:05.000,2025-07-10 17:39:50,2054643529434661100,,,,,47.0
2025-07-10 17:39:15.000,2025-07-10 17:39:50,2054643529434693868,,,,,53.0
2025-07-10 17:39:22.000,2025-07-10 17:39:24,2054643416997822700,,62.0,,,
2025-07-10 17:39:25.000,2025-07-10 17:39:50,2054643529434726636,,,,,0.0
2025-07-10 17:39:46.000,2025-07-10 17:40:51,2054643785887072492,,,,,49.0
2025-07-10 17:39:56.000,2025-07-10 17:40:51,2054643785887105260,,,,,36.0
2025-07-10 17:39:57.000,2025-07-10 17:40:51,2054643785887121644,,,60.0,491310.0,
2025-07-10 17:40:06.000,2025-07-10 17:40:51,2054643785887154412,,,,,16.0
2025-07-10 17:40:17.000,2025-07-10 17:40:51,2054643785887187180,,,,,53.0
2025-07-10 17:40:23.000,2025-07-10 17:40:25,2054643672690983148,,56.99999999999999,,,
2025-07-10 17:40:26.000,2025-07-10 17:40:51,2054643785887203564,74.09853877162982,,,,
2025-07-10 17:40:27.000,2025-07-10 17:40:51,2054643785887219948,,,,,80.0
2025-07-10 17:40:40.000,2025-07-10 17:41:52,2054644041487745260,78.26924382820845,,,,
2025-07-10 17:40:48.000,2025-07-10 17:41:52,2054644041487778028,,,,,81.0
2025-07-10 17:40:57.000,2025-07-10 17:41:52,2054644041487794412,,,60.0,491460.0,
2025-07-10 17:40:58.000,2025-07-10 17:41:52,2054644041487810796,,,,,89.0
2025-07-10 17:41:09.000,2025-07-10 17:41:52,2054644041487827180,,,,,84.0
2025-07-10 17:41:12.000,2025-07-10 17:41:52,2054644041487859948,83.77153722212276,,,,
2025-07-10 17:41:19.000,2025-07-10 17:41:52,2054644041487876332,,,,,82.0
2025-07-10 17:41:24.000,2025-07-10 17:41:25,2054643928199610604,,45.0,,,
2025-07-10 17:41:30.000,2025-07-10 17:41:52,2054644041487892716,,,,,86.0
2025-07-10 17:41:40.000,2025-07-10 17:42:53,2054644297415819500,,,,,88.0
2025-07-10 17:41:50.000,2025-07-10 17:42:53,2054644297415852268,,,,,99.0
2025-07-10 17:41:57.000,2025-07-10 17:42:53,2054644297415917804,,,60.0,491630.0,
2025-07-10 17:42:01.000,2025-07-10 17:42:53,2054644297415966956,,,,,98.0
2025-07-10 17:42:11.000,2025-07-10 17:42:53,2054644297415983340,,,,,103.0
2025-07-10 17:42:21.000,2025-07-10 17:42:53,2054644297416016108,,,,,89.0
2025-07-10 17:42:25.000,2025-07-10 17:42:26,2054644183989223660,,59.0,,,
2025-07-10 17:42:32.000,2025-07-10 17:42:53,2054644297416032492,,,,,92.0
2025-07-10 17:42:42.000,2025-07-10 17:43:54,2054644553259958508,82.10103279892832,,,,82.0
2025-07-10 17:42:48.000,2025-07-10 17:43:54,2054644553259974892,72.4058103428053,,,,
2025-07-10 17:42:53.000,2025-07-10 17:43:54,2054644553260007660,,,,,58.0
2025-07-10 17:42:58.000,2025-07-10 17:43:54,2054644553260040428,,,59.0,491840.0,
2025-07-10 17:43:03.000,2025-07-10 17:43:54,2054644553260056812,,,,,23.0
2025-07-10 17:43:04.000,2025-07-10 17:43:54,2054644553260073196,20.11828109663121,,,,
2025-07-10 17:43:13.000,2025-07-10 17:43:54,2054644553260105964,,,,,57.0
2025-07-10 17:43:24.000,2025-07-10 17:43:54,2054644553260122348,,,,,80.0
2025-07-10 17:43:26.000,2025-07-10 17:43:27,2054644438856106220,,51.0,,,
2025-07-10 17:43:34.000,2025-07-10 17:43:54,2054644553260155116,,,,,86.0
2025-07-10 17:43:44.000,2025-07-10 17:44:55,2054644808625979628,,,,,91.0
2025-07-10 17:43:55.000,2025-07-10 17:44:55,2054644808625996012,,,,,76.0
2025-07-10 17:43:58.000,2025-07-10 17:44:55,2054644808626028780,,,59.0,491970.0,
2025-07-10 17:44:05.000,2025-07-10 17:44:55,2054644808626045164,,,,,95.0
2025-07-10 17:44:16.000,2025-07-10 17:44:55,2054644808626077932,,,,,92.0
2025-07-10 17:44:26.000,2025-07-10 17:44:55,2054644808626094316,,,,,98.0
2025-07-10 17:44:27.000,2025-07-10 17:44:28,2054644694704537836,,51.0,,,
2025-07-10 17:44:33.000,2025-07-10 17:44:55,2054644808626110700,98.90608505620823,,,,
2025-07-10 17:44:36.000,2025-07-10 17:45:56,2054645064839201004,,,,,102.0
2025-07-10 17:44:47.000,2025-07-10 17:45:56,2054645064839282924,,,,,100.0
2025-07-10 17:44:57.000,2025-07-10 17:45:56,2054645064839315692,,,,,101.0
2025-07-10 17:44:58.000,2025-07-10 17:45:56,2054645064839332076,,,59.0,492150.0,
2025-07-10 17:45:07.000,2025-07-10 17:45:56,2054645064839381228,,,,,88.0
2025-07-10 17:45:18.000,2025-07-10 17:45:56,2054645064839413996,,,,,102.0
2025-07-10 17:45:28.000,2025-07-10 17:45:32,2054644962644984044,,51.0,,,
2025-07-10 17:45:28.000,2025-07-10 17:45:56,2054645064839446764,,,,,97.0
2025-07-10 17:45:39.000,2025-07-10 17:46:57,2054645320712749292,,,,,102.0
2025-07-10 17:45:49.000,2025-07-10 17:46:57,2054645320721154284,,,,,105.0
2025-07-10 17:45:58.000,2025-07-10 17:46:57,2054645320721187052,,,57.99999999999999,492320.0,
2025-07-10 17:45:59.000,2025-07-10 17:46:57,2054645320721203436,,,,,90.0
2025-07-10 17:46:03.000,2025-07-10 17:46:57,2054645320721219820,77.09507553075247,,,,
2025-07-10 17:46:10.000,2025-07-10 17:46:57,2054645320721252588,,,,,85.0
2025-07-10 17:46:20.000,2025-07-10 17:46:57,2054645320721301740,,,,,79.0
2025-07-10 17:46:28.000,2025-07-10 17:46:30,2054645204157235436,,56.99999999999999,,,
2025-07-10 17:46:30.000,2025-07-10 17:46:57,2054645320721334508,,,,,80.0
2025-07-10 17:46:41.000,2025-07-10 17:47:59,2054645577748054252,,,,,91.0
2025-07-10 17:46:51.000,2025-07-10 17:47:59,2054645577748119788,,,,,93.0
2025-07-10 17:46:59.000,2025-07-10 17:47:59,2054645577748136172,95.43358417650799,,57.99999999999999,492380.0,
2025-07-10 17:47:01.000,2025-07-10 17:47:59,2054645577748201708,,,,,97.0
2025-07-10 17:47:22.000,2025-07-10 17:47:59,2054645577748283628,,,,,83.0
2025-07-10 17:47:26.000,2025-07-10 17:47:59,2054645577748300012,85.04015754350658,,,,
2025-07-10 17:47:29.000,2025-07-10 17:47:30,2054645458793398508,,56.99999999999999,,,
2025-07-10 17:47:32.000,2025-07-10 17:47:59,2054645577748316396,,,,,101.0
2025-07-10 17:47:43.000,2025-07-10 17:49:58,2054646078455726316,,,,,88.0
2025-07-10 17:47:53.000,2025-07-10 17:49:58,2054646078455791852,,,,,77.0
2025-07-10 17:48:00.000,2025-07-10 17:49:58,2054646078455808236,,,59.0,492450.0,
2025-07-10 17:48:03.000,2025-07-10 17:49:58,2054646078455824620,,,,,57.0
2025-07-10 17:48:13.000,2025-07-10 17:49:58,2054646078455841004,67.88322519708373,,,,70.0
2025-07-10 17:48:20.000,2025-07-10 17:49:58,2054646078455873772,67.34614506102342,,,,
2025-07-10 17:48:24.000,2025-07-10 17:49:58,2054646078455890156,,,,,64.0
2025-07-10 17:48:30.000,2025-07-10 17:48:31,2054645714935365868,,60.0,,,
2025-07-10 17:48:34.000,2025-07-10 17:49:58,2054646078455939308,,,,,74.0
2025-07-10 17:48:45.000,2025-07-10 17:49:58,2054646078455988460,,,,,82.0
2025-07-10 17:48:55.000,2025-07-10 17:49:58,2054646078456021228,,,,,73.0
2025-07-10 17:49:00.000,2025-07-10 17:49:58,2054646078456070380,,,57.99999999999999,492530.0,
2025-07-10 17:49:02.000,2025-07-10 17:49:58,2054646078456086764,73.63924265527481,,,,
2025-07-10 17:49:16.000,2025-07-10 17:49:58,2054646078456152300,,,,,81.0
2025-07-10 17:49:26.000,2025-07-10 17:49:58,2054646078456201452,,,,,90.0
2025-07-10 17:49:31.000,2025-07-10 17:49:32,2054645970058084588,,68.0,,,
2025-07-10 17:49:31.000,2025-07-10 17:49:58,2054646078456217836,72.40951434374364,,,,
2025-07-10 17:49:36.000,2025-07-10 17:49:58,2054646078456266988,,,,,81.0
2025-07-10 17:49:47.000,2025-07-10 17:51:03,2054646352096346348,,,,,103.0
2025-07-10 17:49:57.000,2025-07-10 17:51:03,2054646352096395500,,,,,101.0
2025-07-10 17:50:01.000,2025-07-10 17:51:03,2054646352096411884,,,57.99999999999999,492600.0,
2025-07-10 17:50:07.000,2025-07-10 17:51:03,2054646352096428268,,,,,87.0
2025-07-10 17:50:18.000,2025-07-10 17:51:03,2054646352096444652,,,,,62.0
2025-07-10 17:50:19.000,2025-07-10 17:51:03,2054646352096461036,61.2160235080593,,,,
2025-07-10 17:50:28.000,2025-07-10 17:51:03,2054646352096477420,,,,,75.0
2025-07-10 17:50:32.000,2025-07-10 17:50:45,2054646274807841004,,54.0,,,
2025-07-10 17:50:38.000,2025-07-10 17:51:03,2054646352096493804,,,,,80.0
2025-07-10 17:50:49.000,2025-07-10 17:52:00,2054646591276482796,,,,,89.0
2025-07-10 17:50:59.000,2025-07-10 17:52:00,2054646591276499180,,,,,93.0
2025-07-10 17:51:01.000,2025-07-10 17:52:00,2054646591276515564,,,57.99999999999999,492730.0,
2025-07-10 17:51:09.000,2025-07-10 17:52:00,2054646591276548332,,,,,84.0
2025-07-10 17:51:18.000,2025-07-10 17:52:00,2054646591276597484,64.1736682573293,,,,
2025-07-10 17:51:20.000,2025-07-10 17:52:00,2054646591276613868,,,,,74.0
2025-07-10 17:51:30.000,2025-07-10 17:52:00,2054646591276646636,,,,,75.0
2025-07-10 17:51:33.000,2025-07-10 17:51:34,2054646482283266284,,57.99999999999999,,,
2025-07-10 17:51:40.000,2025-07-10 17:52:00,2054646591276679404,,,,,82.0
2025-07-10 17:51:51.000,2025-07-10 17:53:01,2054646846986502380,,,,,78.0
2025-07-10 17:51:54.000,2025-07-10 17:53:01,2054646846986535148,77.21360356077957,,,,
2025-07-10 17:52:01.000,2025-07-10 17:53:01,2054646846986551532,,,,,80.0
2025-07-10 17:52:02.000,2025-07-10 17:53:01,2054646846986567916,,,57.99999999999999,492880.0,
2025-07-10 17:52:11.000,2025-07-10 17:53:01,2054646846986666220,,,,,78.0
2025-07-10 17:52:22.000,2025-07-10 17:53:01,2054646846986682604,,,,,67.0
2025-07-10 17:52:32.000,2025-07-10 17:53:01,2054646846986698988,,,,,73.0
2025-07-10 17:52:34.000,2025-07-10 17:52:35,2054646737905123564,,56.99999999999999,,,
2025-07-10 17:52:40.000,2025-07-10 17:53:01,2054646846986748140,59.278831017303865,,,,
2025-07-10 17:52:42.000,2025-07-10 17:54:03,2054647104747356396,,,,,60.00000000000001
2025-07-10 17:52:53.000,2025-07-10 17:54:03,2054647104747438316,,,,,59.0
2025-07-10 17:52:55.000,2025-07-10 17:54:03,2054647104747454700,57.94353867902981,,,,
2025-07-10 17:53:02.000,2025-07-10 17:54:03,2054647104747471084,,,57.99999999999999,492990.0,
2025-07-10 17:53:03.000,2025-07-10 17:54:03,2054647104747487468,,,,,36.0
2025-07-10 17:53:04.000,2025-07-10 17:54:03,2054647104747503852,38.5567977677221,,,,
2025-07-10 17:53:09.000,2025-07-10 17:54:03,2054647104747553004,45.84812361485798,,,,
2025-07-10 17:53:14.000,2025-07-10 17:54:03,2054647104747569388,,,,,42.0
2025-07-10 17:53:16.000,2025-07-10 17:54:03,2054647104747585772,45.99443165192269,,,,
2025-07-10 17:53:24.000,2025-07-10 17:54:03,2054647104747618540,,,,,54.0
2025-07-10 17:53:33.000,2025-07-10 17:54:03,2054647104747667692,64.56073635538655,,,,
2025-07-10 17:53:34.000,2025-07-10 17:54:03,2054647104747684076,,,,,56.0
2025-07-10 17:53:35.000,2025-07-10 17:53:37,2054646995406029036,,60.0,,,
2025-07-10 17:53:39.000,2025-07-10 17:54:03,2054647104747716844,51.74118910776791,,,,
2025-07-10 17:53:44.000,2025-07-10 17:55:03,2054647357232038124,38.94756986671771,,,,
2025-07-10 17:53:45.000,2025-07-10 17:55:03,2054647357232054508,,,,,37.0
2025-07-10 17:53:50.000,2025-07-10 17:55:03,2054647357232087276,42.51822677128411,,,,
2025-07-10 17:53:55.000,2025-07-10 17:55:03,2054647357232120044,,,,,30.000000000000004
2025-07-10 17:53:59.000,2025-07-10 17:55:03,2054647357232136428,30.065375616561827,,,,
2025-07-10 17:54:03.000,2025-07-10 17:55:03,2054647357232169196,,,57.99999999999999,493080.0,
2025-07-10 17:54:05.000,2025-07-10 17:55:03,2054647357232185580,34.03606462246971,,,,34.0
2025-07-10 17:54:15.000,2025-07-10 17:55:03,2054647357232218348,3.7021489378777317,,,,
2025-07-10 17:54:16.000,2025-07-10 17:55:03,2054647357232234732,,,,,4.0
2025-07-10 17:54:26.000,2025-07-10 17:55:03,2054647357232300268,38.66421379493416,,,,33.0
2025-07-10 17:54:36.000,2025-07-10 17:54:37,2054647249434050796,,52.0,,,
2025-07-10 17:54:36.000,2025-07-10 17:55:03,2054647357232316652,,,,,50.0
2025-07-10 17:54:47.000,2025-07-10 17:56:05,2054647616167264492,,,,,46.0
2025-07-10 17:54:55.000,2025-07-10 17:56:05,2054647616167330028,25.13535036762209,,,,
2025-07-10 17:54:57.000,2025-07-10 17:56:05,2054647616167346412,,,,,47.0
2025-07-10 17:55:03.000,2025-07-10 17:56:05,2054647616167379180,,,56.99999999999999,493150.0,
2025-07-10 17:55:07.000,2025-07-10 17:56:05,2054647616167395564,,,,,0.0
2025-07-10 17:55:16.001,2025-07-10 17:56:05,2054647616167624940,0.2018680511399063,,,,
2025-07-10 17:55:38.000,2025-07-10 17:55:39,2054647509011136748,,56.99999999999999,,,
2025-07-10 17:55:59.000,2025-07-10 17:57:05,2054647869108945132,,,,,8.0
2025-07-10 17:56:04.000,2025-07-10 17:57:05,2054647869108977900,,,56.99999999999999,493180.0,
2025-07-10 17:56:09.000,2025-07-10 17:57:05,2054647869108994284,,,,,17.0
2025-07-10 17:56:20.000,2025-07-10 17:57:05,2054647869109010668,,,,,0.0
2025-07-10 17:56:30.000,2025-07-10 17:57:05,2054647869109141740,,,,,3.0
2025-07-10 17:57:04.000,2025-07-10 17:58:06,2054648125007708396,,,56.99999999999999,493190.0,
2025-07-10 17:57:43.000,2025-07-10 17:58:06,2054648125007970540,,,,,0.0
2025-07-10 17:57:47.000,2025-07-10 17:57:48,2054648048205693164,,61.0,,,
2025-07-10 17:58:05.000,2025-07-10 17:59:07,2054648381208281324,,,56.99999999999999,493200.0,
2025-07-10 17:58:48.000,2025-07-10 17:58:49,2054648304779657452,,56.99999999999999,,,
2025-07-10 17:59:05.000,2025-07-10 18:00:08,2054648636985344236,,,56.99999999999999,493210.0,
2025-07-10 17:59:46.000,2025-07-10 18:00:08,2054648636985458924,,,,493220.0,
2025-07-10 17:59:49.000,2025-07-10 17:59:50,2054648562851037420,,56.99999999999999,,,
2025-07-10 18:00:06.000,2025-07-10 18:01:09,2054648893337059564,,,56.99999999999999,,
2025-07-10 18:00:16.000,2025-07-10 18:01:09,2054648893337092332,0.0,,,,
2025-07-10 18:00:50.000,2025-07-10 18:00:51,2054648817474601196,,57.99999999999999,,,
2025-07-10 18:01:07.000,2025-07-10 18:02:10,2054649148929999084,,,56.99999999999999,493230.0,
2025-07-10 18:01:51.000,2025-07-10 18:01:52,2054649071691366636,,56.99999999999999,,,
2025-07-10 18:02:07.000,2025-07-10 18:03:11,2054649404337488108,,,56.99999999999999,493240.0,
2025-07-10 18:02:51.000,2025-07-10 18:02:54,2054649331633357036,,56.99999999999999,,,
2025-07-10 18:03:07.000,2025-07-10 18:04:12,2054649659401519340,,,56.99999999999999,493250.0,
2025-07-10 18:03:15.000,2025-07-10 18:04:12,2054649659401535724,,,,,6.0
2025-07-10 18:03:25.000,2025-07-10 18:04:12,2054649659401601260,,,,,3.0
2025-07-10 18:03:35.000,2025-07-10 18:04:12,2054649659401634028,,,,,11.0
2025-07-10 18:03:46.000,2025-07-10 18:04:12,2054649659401666796,,,,,0.0
2025-07-10 18:03:53.000,2025-07-10 18:03:54,2054649584520528108,,56.99999999999999,,,
2025-07-10 18:04:07.000,2025-07-10 18:05:13,2054649917011460332,,,56.99999999999999,493260.0,
2025-07-10 18:04:14.000,2025-07-10 18:05:13,2054649917011476716,14.38263564360103,,,,
2025-07-10 18:04:17.000,2025-07-10 18:05:13,2054649917011509484,,,,,25.0
2025-07-10 18:04:27.000,2025-07-10 18:05:13,2054649917011525868,,,,,8.0
2025-07-10 18:04:28.000,2025-07-10 18:05:13,2054649917011542252,6.9690777654997005,,,,
2025-07-10 18:04:38.000,2025-07-10 18:05:13,2054649917011624172,,,,,35.0
2025-07-10 18:04:39.000,2025-07-10 18:05:13,2054649917011640556,45.96850364535427,,,,
2025-07-10 18:04:48.000,2025-07-10 18:05:13,2054649917011673324,,,,,53.0
2025-07-10 18:04:51.000,2025-07-10 18:05:13,2054649917011706092,55.79892213572695,,,,
2025-07-10 18:04:53.000,2025-07-10 18:04:56,2054649844953284844,,56.99999999999999,,,
2025-07-10 18:04:58.000,2025-07-10 18:06:15,2054650175024054508,,,,,60.99999999999999
2025-07-10 18:05:07.000,2025-07-10 18:06:15,2054650175024120044,30.50059572681759,,,,
2025-07-10 18:05:08.000,2025-07-10 18:06:15,2054650175024136428,,,56.99999999999999,493310.0,
2025-07-10 18:05:09.000,2025-07-10 18:06:15,2054650175024152812,,,,,30.000000000000004
2025-07-10 18:05:14.000,2025-07-10 18:06:15,2054650175024169196,42.53489477550668,,,,
2025-07-10 18:05:19.000,2025-07-10 18:06:15,2054650175024185580,,,,,36.0
2025-07-10 18:05:26.000,2025-07-10 18:06:15,2054650175024201964,43.64609505701075,,,,
2025-07-10 18:05:29.000,2025-07-10 18:06:15,2054650175024218348,,,,,62.0
2025-07-10 18:05:40.000,2025-07-10 18:06:15,2054650175024251116,,,,,46.0
2025-07-10 18:05:50.000,2025-07-10 18:06:15,2054650175024267500,,,,,45.0
2025-07-10 18:05:54.000,2025-07-10 18:05:56,2054650094686306540,,65.0,,,
2025-07-10 18:05:59.000,2025-07-10 18:07:14,2054650422462922988,41.025514393130315,,,,
2025-07-10 18:06:01.000,2025-07-10 18:07:14,2054650422462939372,,,,,53.0
2025-07-10 18:06:08.000,2025-07-10 18:07:14,2054650422462972140,,,56.99999999999999,493360.0,
2025-07-10 18:06:11.000,2025-07-10 18:07:14,2054650422462988524,,,,,60.99999999999999
2025-07-10 18:06:21.000,2025-07-10 18:07:14,2054650422463021292,,,,,48.0
2025-07-10 18:06:32.000,2025-07-10 18:07:14,2054650422463037676,,,,,44.0
2025-07-10 18:06:36.000,2025-07-10 18:07:14,2054650422463054060,48.281652231351906,,,,
2025-07-10 18:06:42.000,2025-07-10 18:07:14,2054650422463070444,,,,,66.0
2025-07-10 18:06:53.000,2025-07-10 18:07:14,2054650422463086828,,,,,56.0
2025-07-10 18:06:55.000,2025-07-10 18:06:57,2054650351155413228,,51.0,,,
2025-07-10 18:07:03.000,2025-07-10 18:08:16,2054650682635501804,,,,,65.0
2025-07-10 18:07:08.000,2025-07-10 18:08:16,2054650682635518188,,,56.99999999999999,493430.0,
2025-07-10 18:07:13.000,2025-07-10 18:08:16,2054650682635550956,,,,,42.0
2025-07-10 18:07:19.000,2025-07-10 18:08:16,2054650682635583724,19.420076919752823,,,,
2025-07-10 18:07:23.000,2025-07-10 18:08:16,2054650682635600108,,,,,38.0
2025-07-10 18:07:34.000,2025-07-10 18:08:16,2054650682635665644,,,,,16.0
2025-07-10 18:07:44.000,2025-07-10 18:08:16,2054650682635714796,0.0,,,,0.0
2025-07-10 18:07:54.001,2025-07-10 18:08:16,2054650682636009708,,,,,5.0
2025-07-10 18:07:59.000,2025-07-10 18:08:00,2054650615232987372,,51.0,,,
2025-07-10 18:08:04.000,2025-07-10 18:08:49,2054650820577837292,,,,,7.0
2025-07-10 18:08:08.000,2025-07-10 18:08:49,2054650820577853676,,,56.99999999999999,493510.0,
2025-07-10 18:08:15.000,2025-07-10 18:08:49,2054650820577886444,,,,,0.0
2025-07-10 18:09:09.000,2025-07-10 18:09:48,2054651070948442348,,,56.99999999999999,,
2025-07-10 18:10:09.000,2025-07-10 18:10:50,2054651329158152428,,,56.99999999999999,,
2025-07-10 18:11:09.000,2025-07-10 18:11:50,2054651579985903852,,,56.99999999999999,,
2025-07-10 18:12:10.000,2025-07-10 18:12:51,2054651835263828204,,,56.99999999999999,,
2025-07-10 18:13:10.000,2025-07-10 18:13:51,2054652090277511404,,,56.99999999999999,,
2025-07-10 18:14:11.000,2025-07-10 18:14:52,2054652346297827564,,,56.99999999999999,,
2025-07-10 18:15:15.000,2025-07-11 07:52:20,2054858066557403372,,,56.99999999999999,,
2025-07-11 07:51:24.000,2025-07-11 07:52:22,2054858073050185964,,,56.99999999999999,,
2025-07-11 07:51:56.000,2025-07-11 07:52:22,2054858073092391148,,,,,3.0
2025-07-11 07:51:58.000,2025-07-11 07:51:59,2054857979206828268,,50.0,,,
2025-07-11 07:52:06.000,2025-07-11 07:53:23,2054858330039386348,,,,,0.0
2025-07-11 07:52:16.000,2025-07-11 07:53:23,2054858330081640684,,,,,8.0
2025-07-11 07:52:25.000,2025-07-11 07:53:23,2054858330081689836,,,56.00000000000001,493530.0,
2025-07-11 07:52:26.000,2025-07-11 07:53:23,2054858330081706220,20.13680110132295,,,,21.0
2025-07-11 07:52:37.000,2025-07-11 07:53:23,2054858330081738988,,,,,20.0
2025-07-11 07:52:40.000,2025-07-11 07:53:23,2054858330081755372,14.710439726644733,,,,
2025-07-11 07:52:47.000,2025-07-11 07:53:23,2054858330081788140,,,,,22.0
2025-07-11 07:52:57.000,2025-07-11 07:53:23,2054858330081837292,,,,,33.0
2025-07-11 07:53:00.000,2025-07-11 07:53:02,2054858241619263724,,59.0,,,
2025-07-11 07:53:08.000,2025-07-11 07:54:30,2054858611212943596,,,,,47.0
2025-07-11 07:53:18.000,2025-07-11 07:54:30,2054858611254886636,,,,,42.0
2025-07-11 07:53:25.000,2025-07-11 07:54:30,2054858611254903020,,,56.00000000000001,493540.0,
2025-07-11 07:53:29.000,2025-07-11 07:54:30,2054858611254935788,,,,,51.0
2025-07-11 07:53:39.000,2025-07-11 07:54:30,2054858611254952172,,,,,43.0
2025-07-11 07:53:49.000,2025-07-11 07:54:30,2054858611254968556,38.13454166075056,,,,39.0
2025-07-11 07:54:00.000,2025-07-11 07:54:30,2054858611255001324,,,,,41.0
2025-07-11 07:54:02.000,2025-07-11 07:54:05,2054858507613634796,,60.0,,,
2025-07-11 07:54:07.000,2025-07-11 07:55:25,2054858841761267948,46.04813966552872,,,,
2025-07-11 07:54:10.000,2025-07-11 07:55:25,2054858841761284332,,,,,52.0
2025-07-11 07:54:21.000,2025-07-11 07:55:25,2054858841761300716,,,,,49.0
2025-07-11 07:54:26.000,2025-07-11 07:55:25,2054858841761317100,,,56.00000000000001,493570.0,
2025-07-11 07:54:31.000,2025-07-11 07:55:25,2054858841761349868,,,,,40.0
2025-07-11 07:54:39.000,2025-07-11 07:55:25,2054858841761366252,46.83523986492744,,,,
2025-07-11 07:54:41.000,2025-07-11 07:55:25,2054858841761382636,,,,,50.0
2025-07-11 07:54:52.000,2025-07-11 07:55:25,2054858841761399020,,,,,52.0
2025-07-11 07:55:02.000,2025-07-11 07:55:25,2054858841761431788,,,,,39.0
2025-07-11 07:55:03.000,2025-07-11 07:55:05,2054858756692377836,,46.0,,,
2025-07-11 07:55:05.000,2025-07-11 07:56:26,2054859097160810732,38.46790174520178,,,,
2025-07-11 07:55:13.000,2025-07-11 07:56:26,2054859097202770156,,,,,43.0
2025-07-11 07:55:21.000,2025-07-11 07:56:26,2054859097202786540,8.354374116441443,,,,
2025-07-11 07:55:23.000,2025-07-11 07:56:26,2054859097202802924,,,,,4.0
2025-07-11 07:55:26.000,2025-07-11 07:56:26,2054859097202835692,,,56.00000000000001,493620.0,
2025-07-11 07:55:30.000,2025-07-11 07:56:26,2054859097202868460,40.63844629507307,,,,
2025-07-11 07:55:33.000,2025-07-11 07:56:26,2054859097202884844,,,,,51.0
2025-07-11 07:55:43.000,2025-07-11 07:56:26,2054859097202917612,50.29662874181262,,,,
2025-07-11 07:55:44.000,2025-07-11 07:56:26,2054859097202933996,,,,,49.0
2025-07-11 07:55:48.000,2025-07-11 07:56:26,2054859097202950380,45.50179952712255,,,,
2025-07-11 07:55:54.000,2025-07-11 07:56:26,2054859097202966764,,,,,44.0
2025-07-11 07:56:04.000,2025-07-11 07:56:06,2054859013354422508,,54.0,,,
2025-07-11 07:56:04.000,2025-07-11 07:56:26,2054859097202999532,,,,,38.0
2025-07-11 07:56:15.000,2025-07-11 07:57:27,2054859352367448300,,,,,33.0
2025-07-11 07:56:25.000,2025-07-11 07:57:27,2054859352367464684,,,,,39.0
2025-07-11 07:56:26.000,2025-07-11 07:57:27,2054859352367481068,,,56.00000000000001,493700.0,
2025-07-11 07:56:35.000,2025-07-11 07:57:27,2054859352367513836,,,,,34.0
2025-07-11 07:56:46.000,2025-07-11 07:57:27,2054859352367530220,,,,,28.0
2025-07-11 07:56:50.000,2025-07-11 07:57:27,2054859352367546604,27.185514886997105,,,,
2025-07-11 07:56:56.000,2025-07-11 07:57:27,2054859352367562988,,,,,26.0
2025-07-11 07:57:05.000,2025-07-11 07:57:08,2054859272809890028,,51.0,,,
2025-07-11 07:57:06.000,2025-07-11 07:57:27,2054859352367677676,,,,,25.0
2025-07-11 07:57:17.000,2025-07-11 07:58:28,2054859608182227180,,,,,34.0
2025-07-11 07:57:22.000,2025-07-11 07:58:28,2054859608182243564,39.87357010130443,,,,
2025-07-11 07:57:26.000,2025-07-11 07:58:28,2054859608182259948,,,56.00000000000001,493710.0,
2025-07-11 07:57:27.000,2025-07-11 07:58:28,2054859608182276332,,,,,41.0
2025-07-11 07:57:31.000,2025-07-11 07:58:28,2054859608182309100,39.43094198917198,,,,
2025-07-11 07:57:38.000,2025-07-11 07:58:28,2054859608182325484,,,,,46.0
2025-07-11 07:57:48.000,2025-07-11 07:58:28,2054859608182341868,,,,,42.0
2025-07-11 07:57:51.000,2025-07-11 07:58:28,2054859608182358252,40.25323019748499,,,,
2025-07-11 07:57:56.000,2025-07-11 07:58:28,2054859608182374636,44.86285936525771,,,,
2025-07-11 07:57:58.000,2025-07-11 07:58:28,2054859608182391020,,,,,49.0
2025-07-11 07:58:06.000,2025-07-11 07:58:08,2054859525982257388,,56.99999999999999,,,
2025-07-11 07:58:06.000,2025-07-11 07:58:28,2054859608182423788,40.829202343397924,,,,
2025-07-11 07:58:09.000,2025-07-11 07:59:28,2054859863103635692,,,,,42.0
2025-07-11 07:58:12.000,2025-07-11 07:59:28,2054859863103652076,47.25934797236816,,,,
2025-07-11 07:58:19.000,2025-07-11 07:59:28,2054859863103684844,,,,,64.0
2025-07-11 07:58:26.000,2025-07-11 07:59:28,2054859863103701228,,,56.00000000000001,493730.0,
2025-07-11 07:58:29.000,2025-07-11 07:59:28,2054859863103733996,,,,,71.0
2025-07-11 07:58:40.000,2025-07-11 07:59:28,2054859863103750380,,,,,72.0
2025-07-11 07:58:50.000,2025-07-11 07:59:28,2054859863103766764,,,,,66.0
2025-07-11 07:58:54.000,2025-07-11 07:59:28,2054859863103783148,65.42562057449055,,,,
2025-07-11 07:59:01.000,2025-07-11 07:59:28,2054859863103832300,,,,,69.0
2025-07-11 07:59:08.000,2025-07-11 07:59:09,2054859782644318444,,53.0,,,
2025-07-11 07:59:11.000,2025-07-11 08:00:29,2054860117177843948,,,,,76.0
2025-07-11 07:59:21.000,2025-07-11 08:00:29,2054860117177860332,,,,,80.0
2025-07-11 07:59:27.000,2025-07-11 08:00:29,2054860117177876716,,,56.00000000000001,493810.0,
2025-07-11 07:59:32.000,2025-07-11 08:00:29,2054860117177909484,,,,,81.0
2025-07-11 07:59:37.000,2025-07-11 08:00:29,2054860117177925868,81.11206454838968,,,,
2025-07-11 07:59:42.000,2025-07-11 08:00:29,2054860117177942252,,,,,77.0
2025-07-11 07:59:53.000,2025-07-11 08:00:29,2054860117177958636,,,,,79.0
2025-07-11 08:00:03.000,2025-07-11 08:00:29,2054860117177991404,,,,,75.0
2025-07-11 08:00:08.000,2025-07-11 08:00:11,2054860040451408108,,51.0,,,
2025-07-11 08:00:13.000,2025-07-11 08:01:35,2054860392613560556,,,,,64.0
2025-07-11 08:00:24.000,2025-07-11 08:01:35,2054860392613593324,,,,,68.0
2025-07-11 08:00:27.000,2025-07-11 08:01:35,2054860392613609708,,,56.00000000000001,493870.0,
2025-07-11 08:00:34.000,2025-07-11 08:01:35,2054860392613642476,,,,,74.0
2025-07-11 08:00:45.000,2025-07-11 08:01:35,2054860392613658860,,,,,80.0
2025-07-11 08:00:55.000,2025-07-11 08:01:35,2054860392613675244,,,,,85.0
2025-07-11 08:01:05.000,2025-07-11 08:01:35,2054860392613708012,,,,,83.0
2025-07-11 08:01:07.000,2025-07-11 08:01:35,2054860392613724396,80.09161228987512,,,,
2025-07-11 08:01:09.000,2025-07-11 08:01:10,2054860291535012076,,46.0,,,
2025-07-11 08:01:16.000,2025-07-11 08:02:30,2054860627276480748,,,,,80.0
2025-07-11 08:01:26.000,2025-07-11 08:02:30,2054860627276529900,,,,,60.99999999999999
2025-07-11 08:01:27.000,2025-07-11 08:02:30,2054860627276546284,,,56.00000000000001,494030.0,
2025-07-11 08:01:36.000,2025-07-11 08:02:30,2054860627276595436,,,,,66.0
2025-07-11 08:01:47.000,2025-07-11 08:02:30,2054860627276611820,,,,,68.0
2025-07-11 08:01:57.000,2025-07-11 08:02:30,2054860627276628204,,,,,74.0
2025-07-11 08:02:07.000,2025-07-11 08:02:30,2054860627276742892,,,,,81.0
2025-07-11 08:02:10.000,2025-07-11 08:02:22,2054860591067037932,,54.0,,,
2025-07-11 08:02:11.000,2025-07-11 08:03:31,2054860881124131052,81.74730070931619,,,,
2025-07-11 08:02:18.000,2025-07-11 08:03:31,2054860881166106860,,,,,85.0
2025-07-11 08:02:27.000,2025-07-11 08:03:31,2054860881166123244,,,56.00000000000001,494130.0,
2025-07-11 08:02:28.000,2025-07-11 08:03:31,2054860881166139628,,,,,80.0
2025-07-11 08:02:39.000,2025-07-11 08:03:31,2054860881166172396,,,,,78.0
2025-07-11 08:02:49.000,2025-07-11 08:03:31,2054860881166188780,,,,,75.0
2025-07-11 08:02:59.000,2025-07-11 08:03:31,2054860881166205164,,,,,74.0
2025-07-11 08:03:10.000,2025-07-11 08:03:31,2054860881166237932,,,,,80.0
2025-07-11 08:03:11.000,2025-07-11 08:03:12,2054860802317353196,,54.0,,,
2025-07-11 08:03:20.000,2025-07-11 08:04:33,2054861140281802988,,,,,79.0
2025-07-11 08:03:27.000,2025-07-11 08:04:33,2054861140281819372,,,56.00000000000001,494190.0,
2025-07-11 08:03:30.000,2025-07-11 08:04:33,2054861140281835756,,,,,77.0
2025-07-11 08:03:41.000,2025-07-11 08:04:33,2054861140281868524,75.28752307283919,,,,76.0
2025-07-11 08:03:51.000,2025-07-11 08:04:33,2054861140281901292,,,,,77.0
2025-07-11 08:04:01.000,2025-07-11 08:04:33,2054861140281917676,,,,,70.0
2025-07-11 08:04:12.000,2025-07-11 08:04:14,2054861059986047212,,60.0,,,
2025-07-11 08:04:12.000,2025-07-11 08:05:33,2054861391260827884,,,,,69.0
2025-07-11 08:04:18.000,2025-07-11 08:05:33,2054861391260877036,68.80552143073211,,,,
2025-07-11 08:04:22.000,2025-07-11 08:05:33,2054861391260893420,,,,,71.0
2025-07-11 08:04:27.000,2025-07-11 08:05:33,2054861391260909804,,,56.00000000000001,494200.0,
2025-07-11 08:04:33.000,2025-07-11 08:05:33,2054861391260926188,,,,,53.0
2025-07-11 08:04:43.000,2025-07-11 08:05:33,2054861391260958956,,,,,50.0
2025-07-11 08:04:53.000,2025-07-11 08:05:33,2054861391260991724,,,,,48.0
2025-07-11 08:05:04.000,2025-07-11 08:05:33,2054861391261024492,,,,,31.0
2025-07-11 08:05:07.000,2025-07-11 08:05:33,2054861391261040876,32.461864223672265,,,,
2025-07-11 08:05:13.000,2025-07-11 08:05:14,2054861313632370924,,54.0,,,
2025-07-11 08:05:14.000,2025-07-11 08:06:34,2054861646622359788,,,,,37.0
2025-07-11 08:05:15.000,2025-07-11 08:06:34,2054861646664319212,36.6455332835351,,,,
2025-07-11 08:05:28.000,2025-07-11 08:06:34,2054861646664368364,,,56.00000000000001,494240.0,
2025-07-11 08:05:35.000,2025-07-11 08:06:34,2054861646664401132,,,,,26.0
2025-07-11 08:05:36.000,2025-07-11 08:06:34,2054861646664417516,23.774130022779605,,,,
2025-07-11 08:05:45.000,2025-07-11 08:06:34,2054861646664450284,,,,,24.0
2025-07-11 08:05:56.000,2025-07-11 08:06:34,2054861646664466668,,,,,16.0
2025-07-11 08:06:06.000,2025-07-11 08:06:34,2054861646664515820,,,,,1.0
2025-07-11 08:06:09.000,2025-07-11 08:06:34,2054861646664532204,0.06667201689024427,,,,
2025-07-11 08:06:16.000,2025-07-11 08:07:14,2054861814532980972,,,,,0.0
2025-07-11 08:06:21.000,2025-07-11 08:06:22,2054861598442389740,,54.0,,,
2025-07-11 08:06:26.000,2025-07-11 08:07:14,2054861814533210348,,,,,1.0
2025-07-11 08:06:29.000,2025-07-11 08:07:14,2054861814533226732,,,55.00000000000001,494250.0,
2025-07-11 08:06:37.000,2025-07-11 08:07:14,2054861814533259500,,,,,0.0
2025-07-11 08:06:47.002,2025-07-11 08:07:14,2054861814533341420,,,,494260.0,
2025-07-11 08:07:29.000,2025-07-11 08:08:14,2054862069240856812,,,55.00000000000001,,
2025-07-11 08:07:39.000,2025-07-11 08:08:14,2054862069240889580,0.0,,,,
2025-07-11 08:08:29.000,2025-07-11 08:09:15,2054862323977339116,,,55.00000000000001,,
2025-07-11 08:09:29.000,2025-07-11 08:10:16,2054862578206687468,,,55.00000000000001,,
2025-07-11 08:10:15.000,2025-07-11 08:10:39,2054862677779579116,,,,,23.0
2025-07-11 08:10:17.000,2025-07-11 08:10:18,2054862587379581164,,50.0,,,
2025-07-11 08:10:25.000,2025-07-11 08:11:40,2054862931828408556,,,,,20.0
2025-07-11 08:10:30.000,2025-07-11 08:11:40,2054862931828424940,,,55.00000000000001,494270.0,
2025-07-11 08:10:35.000,2025-07-11 08:11:40,2054862931828441324,,,,,22.0
2025-07-11 08:10:46.000,2025-07-11 08:11:40,2054862931828457708,,,,,24.0
2025-07-11 08:10:47.000,2025-07-11 08:11:40,2054862931828474092,23.788946026532997,,,,
2025-07-11 08:10:56.000,2025-07-11 08:11:40,2054862931828506860,,,,,30.000000000000004
2025-07-11 08:11:07.000,2025-07-11 08:11:40,2054862931828556012,,,,,38.0
2025-07-11 08:11:17.000,2025-07-11 08:11:40,2054862931828572396,,,,,40.0
2025-07-11 08:11:19.000,2025-07-11 08:11:28,2054862880867614956,,56.00000000000001,,,
2025-07-11 08:11:27.000,2025-07-11 08:12:41,2054863186498191596,,,,,44.0
2025-07-11 08:11:31.000,2025-07-11 08:12:41,2054863186498207980,,,55.00000000000001,494280.0,
2025-07-11 08:11:38.000,2025-07-11 08:12:41,2054863186498240748,,,,,36.0
2025-07-11 08:11:48.000,2025-07-11 08:12:41,2054863186498273516,,,,,29.0
2025-07-11 08:11:59.000,2025-07-11 08:12:41,2054863186498289900,,,,,31.0
2025-07-11 08:12:09.000,2025-07-11 08:12:41,2054863186498322668,,,,,29.0
2025-07-11 08:12:15.000,2025-07-11 08:12:41,2054863186498339052,19.214504867674567,,,,
2025-07-11 08:12:19.000,2025-07-11 08:12:41,2054863186498371820,,,,,25.0
2025-07-11 08:12:20.000,2025-07-11 08:12:21,2054863105837498604,,46.0,,,
2025-07-11 08:12:25.000,2025-07-11 08:13:42,2054863442287804652,19.75899300561156,,,,
2025-07-11 08:12:30.000,2025-07-11 08:13:42,2054863442287837420,,,,,27.0
2025-07-11 08:12:31.000,2025-07-11 08:13:42,2054863442287853804,,,55.00000000000001,494300.0,
2025-07-11 08:12:40.000,2025-07-11 08:13:42,2054863442287886572,,,,,31.0
2025-07-11 08:12:50.000,2025-07-11 08:13:42,2054863442287919340,,,,,20.0
2025-07-11 08:12:52.000,2025-07-11 08:13:42,2054863442287935724,17.32731638958682,,,,
2025-07-11 08:13:01.000,2025-07-11 08:13:42,2054863442287952108,,,,,12.0
2025-07-11 08:13:11.000,2025-07-11 08:13:42,2054863442287984876,,,,,2.0
2025-07-11 08:13:21.001,2025-07-11 08:13:42,2054863442288214252,,,,,0.0
2025-07-11 08:13:26.000,2025-07-11 08:13:51,2054863481445957868,,,,494320.0,
2025-07-11 08:13:31.000,2025-07-11 08:13:51,2054863481446023404,,,55.00000000000001,,
2025-07-11 08:14:22.000,2025-07-11 08:14:52,2054863736119836908,0.0,,,,
2025-07-11 08:14:32.000,2025-07-11 08:15:52,2054863990785310956,,,55.00000000000001,,
2025-07-11 08:15:32.000,2025-07-11 08:15:52,2054863990785458412,,,55.00000000000001,,
2025-07-11 08:16:33.000,2025-07-11 08:16:53,2054864245937537260,,,55.00000000000001,,
2025-07-11 08:17:33.000,2025-07-11 08:17:54,2054864500821164268,,,55.00000000000001,,
2025-07-11 08:18:33.000,2025-07-11 08:18:55,2054864755469959404,,,55.00000000000001,,
2025-07-11 08:19:34.000,2025-07-11 08:19:56,2054865011154747628,,,55.00000000000001,,
2025-07-11 08:27:22.000,2025-07-11 08:28:14,2054867100215820524,,,55.00000000000001,,
2025-07-11 08:27:54.000,2025-07-11 08:28:18,2054867117097877740,,,,,1.0
2025-07-11 08:27:56.000,2025-07-11 08:27:57,2054867029499838700,,53.0,,,
2025-07-11 08:28:04.000,2025-07-11 08:29:19,2054867372296110316,,,,,0.0
2025-07-11 08:28:23.000,2025-07-11 08:29:19,2054867372304826604,,,55.00000000000001,494330.0,
2025-07-11 08:28:24.000,2025-07-11 08:29:19,2054867372304842988,,,,,3.0
2025-07-11 08:28:35.000,2025-07-11 08:29:19,2054867372304875756,,,,,10.0
2025-07-11 08:28:45.000,2025-07-11 08:29:19,2054867372304892140,,,,,13.0
2025-07-11 08:28:48.000,2025-07-11 08:29:19,2054867372304908524,10.650854698216525,,,,
2025-07-11 08:28:55.000,2025-07-11 08:29:19,2054867372304941292,,,,,5.0
2025-07-11 08:28:58.000,2025-07-11 08:29:04,2054867312284090604,,53.0,,,
2025-07-11 08:29:06.000,2025-07-11 08:30:19,2054867627104370924,,,,,13.0
2025-07-11 08:29:16.000,2025-07-11 08:30:19,2054867627104403692,,,,,18.0
2025-07-11 08:29:23.000,2025-07-11 08:30:19,2054867627104436460,,,55.00000000000001,494350.0,
2025-07-11 08:29:27.000,2025-07-11 08:30:19,2054867627104469228,,,,,15.000000000000002
2025-07-11 08:29:35.000,2025-07-11 08:30:19,2054867627104485612,13.673319463907598,,,,
2025-07-11 08:29:37.000,2025-07-11 08:30:19,2054867627104501996,,,,,16.0
2025-07-11 08:29:47.000,2025-07-11 08:30:19,2054867627104518380,,,,,28.0
2025-07-11 08:29:49.000,2025-07-11 08:30:19,2054867627104534764,28.83009130362313,,,,
2025-07-11 08:29:57.000,2025-07-11 08:30:19,2054867627104567532,29.057887361331467,,,,
2025-07-11 08:29:58.000,2025-07-11 08:30:19,2054867627104583916,,,,,30.000000000000004
2025-07-11 08:30:00.000,2025-07-11 08:30:01,2054867548813394156,,53.0,,,
2025-07-11 08:30:04.000,2025-07-11 08:31:20,2054867882323476716,30.169087642835535,,,,
2025-07-11 08:30:08.000,2025-07-11 08:31:20,2054867882323493100,,,,,39.0
2025-07-11 08:30:19.000,2025-07-11 08:31:20,2054867882323509484,,,,,19.0
2025-07-11 08:30:24.000,2025-07-11 08:31:20,2054867882323525868,,,55.00000000000001,494390.0,
2025-07-11 08:30:29.000,2025-07-11 08:31:20,2054867882323558636,,,,,32.0
2025-07-11 08:30:39.000,2025-07-11 08:31:20,2054867882323575020,,,,,42.0
2025-07-11 08:30:59.000,2025-07-11 08:31:20,2054867882323640556,36.5344132553847,,,,
2025-07-11 08:31:00.000,2025-07-11 08:31:20,2054867882323656940,,,,,36.0
2025-07-11 08:31:01.000,2025-07-11 08:31:02,2054867806654038252,,53.0,,,
2025-07-11 08:31:10.000,2025-07-11 08:32:21,2054868137580429548,,,,,34.0
2025-07-11 08:31:21.000,2025-07-11 08:32:21,2054868137580462316,,,,,25.0
2025-07-11 08:31:24.000,2025-07-11 08:32:21,2054868137580495084,,,55.00000000000001,494440.0,
2025-07-11 08:31:31.000,2025-07-11 08:32:21,2054868137580544236,,,,,24.0
2025-07-11 08:31:41.000,2025-07-11 08:32:21,2054868137580560620,,,,,27.0
2025-07-11 08:31:52.000,2025-07-11 08:32:21,2054868137580577004,,,,,23.0
2025-07-11 08:32:03.000,2025-07-11 08:32:04,2054868067845931244,,56.00000000000001,,,
2025-07-11 08:32:13.000,2025-07-11 08:33:22,2054868393357525228,,,,,27.0
2025-07-11 08:32:23.000,2025-07-11 08:33:22,2054868393357541612,,,,,16.0
2025-07-11 08:32:24.000,2025-07-11 08:33:22,2054868393357557996,,,55.00000000000001,494460.0,
2025-07-11 08:32:30.000,2025-07-11 08:33:22,2054868393357590764,22.774049769425947,,,,
2025-07-11 08:32:33.000,2025-07-11 08:33:22,2054868393357607148,,,,,35.0
2025-07-11 08:32:44.000,2025-07-11 08:33:22,2054868393357639916,,,,,37.0
2025-07-11 08:32:54.000,2025-07-11 08:33:22,2054868393357656300,,,,,30.000000000000004
2025-07-11 08:33:04.000,2025-07-11 08:33:05,2054868321462911212,,65.0,,,
2025-07-11 08:33:04.000,2025-07-11 08:34:23,2054868648660730092,12.978819287967553,,,,14.0
2025-07-11 08:33:15.000,2025-07-11 08:34:23,2054868648660779244,,,,,30.000000000000004
2025-07-11 08:33:17.000,2025-07-11 08:34:23,2054868648660795628,30.739503787340958,,,,
2025-07-11 08:33:25.000,2025-07-11 08:34:23,2054868648660812012,,,55.00000000000001,494470.0,32.0
2025-07-11 08:33:35.000,2025-07-11 08:34:23,2054868648660844780,,,,,27.0
2025-07-11 08:33:46.000,2025-07-11 08:34:23,2054868648660861164,,,,,23.0
2025-07-11 08:33:56.000,2025-07-11 08:34:23,2054868648660877548,,,,,18.0
2025-07-11 08:34:05.000,2025-07-11 08:34:06,2054868576921190636,,51.0,,,
2025-07-11 08:34:07.000,2025-07-11 08:35:23,2054868902583730412,,,,,24.0
2025-07-11 08:34:16.000,2025-07-11 08:35:23,2054868902592119020,24.19453412928198,,,,
2025-07-11 08:34:25.000,2025-07-11 08:35:23,2054868902592151788,,,55.00000000000001,494510.0,
2025-07-11 08:34:26.000,2025-07-11 08:35:23,2054868902592168172,21.25355738423454,,,,
2025-07-11 08:34:27.000,2025-07-11 08:35:23,2054868902592184556,,,,,20.0
2025-07-11 08:34:39.000,2025-07-11 08:35:23,2054868902592217324,18.327396642940485,,,,
2025-07-11 08:34:48.000,2025-07-11 08:35:23,2054868902592233708,,,,,11.0
2025-07-11 08:34:58.000,2025-07-11 08:35:23,2054868902592299244,,,,,21.0
2025-07-11 08:35:05.000,2025-07-11 08:35:07,2054868833751007468,,59.0,,,
2025-07-11 08:35:08.000,2025-07-11 08:36:24,2054869157593219308,31.9859001030947,,,,
2025-07-11 08:35:09.000,2025-07-11 08:36:24,2054869157593235692,,,,,32.0
2025-07-11 08:35:19.000,2025-07-11 08:36:24,2054869157593252076,,,,,22.0
2025-07-11 08:35:25.000,2025-07-11 08:36:24,2054869157593268460,,,55.00000000000001,494520.0,
2025-07-11 08:35:30.000,2025-07-11 08:36:24,2054869157593301228,,,,,18.0
2025-07-11 08:35:38.000,2025-07-11 08:36:24,2054869157593333996,6.669053689493602,,,,
2025-07-11 08:35:40.000,2025-07-11 08:36:24,2054869157593350380,,,,,6.0
2025-07-11 08:35:50.001,2025-07-11 08:36:24,2054869157593415916,,,,,0.0
2025-07-11 08:36:00.000,2025-07-11 08:36:24,2054869157593678060,,,,,2.0
2025-07-11 08:36:07.000,2025-07-11 08:36:08,2054869087355404524,,64.0,,,
2025-07-11 08:36:11.000,2025-07-11 08:37:25,2054869412669817068,,,,,0.0
2025-07-11 08:36:26.000,2025-07-11 08:37:25,2054869412669849836,,,55.00000000000001,494550.0,
2025-07-11 08:36:31.000,2025-07-11 08:37:25,2054869412669898988,,,,,3.0
2025-07-11 08:36:42.000,2025-07-11 08:37:25,2054869412669948140,,,,,22.0
2025-07-11 08:36:52.000,2025-07-11 08:37:25,2054869412669980908,,,,,27.0
2025-07-11 08:37:02.000,2025-07-11 08:37:25,2054869412670013676,,,,,31.0
2025-07-11 08:37:07.000,2025-07-11 08:37:08,2054869342159372524,,56.99999999999999,,,
2025-07-11 08:37:12.000,2025-07-11 08:38:26,2054869668451057900,29.743127534925637,,,,
2025-07-11 08:37:13.000,2025-07-11 08:38:26,2054869668451074284,,,,,29.0
2025-07-11 08:37:23.000,2025-07-11 08:38:26,2054869668451090668,,,,,18.0
2025-07-11 08:37:25.000,2025-07-11 08:38:26,2054869668451107052,15.014167803589178,,,,
2025-07-11 08:37:27.000,2025-07-11 08:38:26,2054869668451123436,,,55.00000000000001,494560.0,
2025-07-11 08:37:33.000,2025-07-11 08:38:26,2054869668451172588,,,,,35.0
2025-07-11 08:37:44.000,2025-07-11 08:38:26,2054869668451188972,,,,,38.0
2025-07-11 08:37:54.000,2025-07-11 08:38:26,2054869668451205356,,,,,44.0
2025-07-11 08:38:05.000,2025-07-11 08:38:26,2054869668451320044,,,,,60.00000000000001
2025-07-11 08:38:09.000,2025-07-11 08:38:11,2054869607109361900,,53.0,,,
2025-07-11 08:38:15.000,2025-07-11 08:39:27,2054869922349072620,,,,,66.0
2025-07-11 08:38:25.000,2025-07-11 08:39:27,2054869922349089004,,,,,69.0
2025-07-11 08:38:27.000,2025-07-11 08:39:27,2054869922349105388,,,55.00000000000001,494640.0,
2025-07-11 08:38:36.000,2025-07-11 08:39:27,2054869922349138156,,,,,72.0
2025-07-11 08:38:38.000,2025-07-11 08:39:27,2054869922349154540,71.64093414903667,,,,
2025-07-11 08:38:46.000,2025-07-11 08:39:27,2054869922349170924,,,,,73.0
2025-07-11 08:39:07.000,2025-07-11 08:40:27,2054870176834257132,,,,,77.0
2025-07-11 08:39:10.000,2025-07-11 08:39:12,2054869859057025260,,53.0,,,
2025-07-11 08:39:17.000,2025-07-11 08:40:27,2054870176842662124,,,,,79.0
2025-07-11 08:39:28.000,2025-07-11 08:40:27,2054870176842678508,,,55.00000000000001,494760.0,72.0
2025-07-11 08:39:38.000,2025-07-11 08:40:27,2054870176842711276,,,,,56.0
2025-07-11 08:39:48.000,2025-07-11 08:40:27,2054870176842727660,,,,,53.0
2025-07-11 08:39:59.000,2025-07-11 08:40:27,2054870176842744044,,,,,71.0
2025-07-11 08:40:07.000,2025-07-11 08:40:27,2054870176842776812,74.92823498181954,,,,
2025-07-11 08:40:09.000,2025-07-11 08:41:28,2054870431369822444,,,,,77.0
2025-07-11 08:40:11.000,2025-07-11 08:40:12,2054870112657211628,,50.0,,,
2025-07-11 08:40:28.000,2025-07-11 08:41:28,2054870431374016748,,,55.00000000000001,494810.0,
2025-07-11 08:40:30.000,2025-07-11 08:41:28,2054870431374033132,,,,,78.0
2025-07-11 08:40:40.000,2025-07-11 08:41:28,2054870431374065900,,,,,80.0
2025-07-11 08:41:11.000,2025-07-11 08:42:29,2054870686375084268,,,,,79.0
2025-07-11 08:41:12.000,2025-07-11 08:41:13,2054870369218593004,,54.0,,,
2025-07-11 08:41:22.000,2025-07-11 08:42:29,2054870686375133420,,,,,76.0
2025-07-11 08:41:28.000,2025-07-11 08:42:29,2054870686375149804,,,55.00000000000001,494870.0,
2025-07-11 08:41:32.000,2025-07-11 08:42:29,2054870686375166188,,,,,75.0
2025-07-11 08:41:37.000,2025-07-11 08:42:29,2054870686375198956,74.93564298369624,,,,
2025-07-11 08:41:42.000,2025-07-11 08:42:29,2054870686375215340,,,,,76.0
2025-07-11 08:41:53.000,2025-07-11 08:42:29,2054870686375231724,,,,,75.0
2025-07-11 08:42:03.000,2025-07-11 08:42:29,2054870686375264492,,,,,70.0
2025-07-11 08:42:13.000,2025-07-11 08:42:15,2054870626660778220,,60.0,,,
2025-07-11 08:42:14.000,2025-07-11 08:43:30,2054870941518921964,,,,,66.0
2025-07-11 08:42:24.000,2025-07-11 08:43:30,2054870941527212268,,,,,60.99999999999999
2025-07-11 08:42:28.000,2025-07-11 08:43:30,2054870941527245036,,,55.00000000000001,494880.0,
2025-07-11 08:42:34.000,2025-07-11 08:43:30,2054870941527277804,,,,,71.0
2025-07-11 08:42:45.000,2025-07-11 08:43:30,2054870941527294188,,,,,79.0
2025-07-11 08:42:55.000,2025-07-11 08:43:30,2054870941527310572,,,,,81.0
2025-07-11 08:43:05.000,2025-07-11 08:43:30,2054870941527392492,,,,,72.0
2025-07-11 08:43:08.000,2025-07-11 08:43:30,2054870941527425260,71.67241815701261,,,,
2025-07-11 08:43:14.000,2025-07-11 08:43:19,2054870896186753260,,54.0,,,
2025-07-11 08:43:16.000,2025-07-11 08:44:31,2054871198449287404,,,,,77.0
2025-07-11 08:43:24.000,2025-07-11 08:44:31,2054871198457692396,73.8633347120448,,,,
2025-07-11 08:43:26.000,2025-07-11 08:44:31,2054871198457708780,,,,,72.0
2025-07-11 08:43:28.000,2025-07-11 08:44:31,2054871198457725164,,,55.00000000000001,495000.0,
2025-07-11 08:43:37.000,2025-07-11 08:44:31,2054871198457757932,,,,,73.0
2025-07-11 08:43:46.000,2025-07-11 08:44:31,2054871198457774316,66.58497286819313,,,,
2025-07-11 08:43:47.000,2025-07-11 08:44:31,2054871198457790700,,,,,66.0
2025-07-11 08:43:54.000,2025-07-11 08:44:31,2054871198457807084,60.499299326489165,,,,
2025-07-11 08:43:57.000,2025-07-11 08:44:31,2054871198457839852,,,,,63.0
2025-07-11 08:44:08.000,2025-07-11 08:44:31,2054871198457872620,,,,,75.0
2025-07-11 08:44:15.000,2025-07-11 08:44:16,2054871137996767468,,53.0,,,
2025-07-11 08:44:28.000,2025-07-11 08:45:31,2054871450317242604,,,55.00000000000001,495060.0,66.0
2025-07-11 08:44:39.000,2025-07-11 08:45:31,2054871450317275372,44.355411236704185,,,,46.0
2025-07-11 08:44:45.000,2025-07-11 08:45:31,2054871450317308140,36.38810521831999,,,,
2025-07-11 08:44:49.000,2025-07-11 08:45:31,2054871450317340908,41.721866569539536,,,,42.0
2025-07-11 08:44:57.000,2025-07-11 08:45:31,2054871450317357292,40.305086210621845,,,,
2025-07-11 08:44:59.000,2025-07-11 08:45:31,2054871450317373676,,,,,40.0
2025-07-11 08:45:03.000,2025-07-11 08:45:31,2054871450317390060,40.81438633964454,,,,
2025-07-11 08:45:10.000,2025-07-11 08:45:31,2054871450317422828,,,,,43.0
2025-07-11 08:45:16.000,2025-07-11 08:45:25,2054871424476119276,,48.0,,,
2025-07-11 08:45:20.000,2025-07-11 08:46:33,2054871710770921708,,,,,42.0
2025-07-11 08:45:22.000,2025-07-11 08:46:33,2054871710775116012,39.14017791551174,,,,
2025-07-11 08:45:29.000,2025-07-11 08:46:33,2054871710775132396,,,55.00000000000001,495130.0,
2025-07-11 08:45:31.000,2025-07-11 08:46:33,2054871710775148780,,,,,28.0
2025-07-11 08:45:41.000,2025-07-11 08:46:33,2054871710775181548,,,,,38.0
2025-07-11 08:45:51.000,2025-07-11 08:46:33,2054871710775214316,26.928086821781996,,,,27.0
2025-07-11 08:46:02.000,2025-07-11 08:46:33,2054871710775230700,,,,,25.0
2025-07-11 08:46:12.000,2025-07-11 08:47:23,2054871921396285676,15.98646804990524,,,,17.0
2025-07-11 08:46:17.000,2025-07-11 08:46:18,2054871647931875564,,46.0,,,
2025-07-11 08:46:23.000,2025-07-11 08:47:23,2054871921400512748,,,,,30.000000000000004
2025-07-11 08:46:29.000,2025-07-11 08:47:23,2054871921400529132,,,54.0,495170.0,
2025-07-11 08:46:33.000,2025-07-11 08:47:23,2054871921400545516,,,,,14.0
2025-07-11 08:46:35.000,2025-07-11 08:47:23,2054871921400578284,9.723002463160624,,,,
2025-07-11 08:46:43.000,2025-07-11 08:47:23,2054871921400611052,,,,,0.0
2025-07-11 08:47:29.000,2025-07-11 08:48:14,2054872133766562028,,,54.0,,
2025-07-11 08:48:06.000,2025-07-11 08:48:35,2054872220483764460,,,,,36.0
2025-07-11 08:48:12.000,2025-07-11 08:48:13,2054872129836417260,,56.99999999999999,,,
2025-07-11 08:48:16.000,2025-07-11 08:49:34,2054872471605084396,,,,,31.0
2025-07-11 08:48:23.000,2025-07-11 08:49:34,2054872471613473004,16.101292078993996,,,,
2025-07-11 08:48:27.000,2025-07-11 08:49:34,2054872471613505772,,,,,16.0
2025-07-11 08:48:30.000,2025-07-11 08:49:34,2054872471613522156,,,55.00000000000001,495200.0,
2025-07-11 08:48:37.000,2025-07-11 08:49:34,2054872471613554924,,,,,22.0
2025-07-11 08:48:43.000,2025-07-11 08:49:34,2054872471613571308,13.686283467191812,,,,
2025-07-11 08:48:47.000,2025-07-11 08:49:34,2054872471613587692,,,,,7.0
2025-07-11 08:48:58.000,2025-07-11 08:49:34,2054872471613620460,,,,,4.0
2025-07-11 08:49:08.000,2025-07-11 08:49:34,2054872471613685996,,,,495210.0,0.0
2025-07-11 08:49:30.000,2025-07-11 08:50:35,2054872726438428908,,,55.00000000000001,,
2025-07-11 08:50:15.000,2025-07-11 08:50:35,2054872726438543596,0.06111601548272393,,,,
2025-07-11 08:50:30.000,2025-07-11 08:51:36,2054872980650983660,,,55.00000000000001,,
2025-07-11 08:51:31.000,2025-07-11 08:52:37,2054873235794723052,,,55.00000000000001,,
2025-07-11 08:52:31.000,2025-07-11 08:53:37,2054873490439291116,,,55.00000000000001,,
2025-07-11 08:53:31.000,2025-07-11 08:54:38,2054873745436197100,,,55.00000000000001,,
2025-07-11 08:54:32.000,2025-07-11 08:55:33,2054873976689148140,,,55.00000000000001,,
2025-07-11 08:55:32.000,2025-07-11 09:48:05,2054887197718364396,0.0,,55.00000000000001,,
2025-07-11 09:47:08.000,2025-07-11 09:48:05,2054887197768696044,,,55.00000000000001,,
2025-07-11 09:47:36.000,2025-07-11 09:47:38,2054887082127540460,,46.0,,,
2025-07-11 09:47:39.000,2025-07-11 09:48:05,2054887197769056492,,,,,3.0
2025-07-11 09:47:49.001,2025-07-11 09:49:06,2054887451331363052,,,,,0.0
2025-07-11 09:48:00.000,2025-07-11 09:49:06,2054887451331641580,,,,,13.0
2025-07-11 09:48:07.000,2025-07-11 09:49:06,2054887451331674348,22.64255773611463,,,,
2025-07-11 09:48:09.000,2025-07-11 09:49:06,2054887451331690732,,,54.0,495230.0,
2025-07-11 09:48:10.000,2025-07-11 09:49:06,2054887451331707116,,,,,21.0
2025-07-11 09:48:20.000,2025-07-11 09:49:06,2054887451331723500,,,,,0.0
2025-07-11 09:48:23.000,2025-07-11 09:49:06,2054887451331739884,0.9704482458468889,,,,
2025-07-11 09:49:09.000,2025-07-11 09:50:07,2054887708173549804,,,54.0,495240.0,
2025-07-11 09:50:09.000,2025-07-11 09:51:03,2054887943289487596,,,54.0,,
2025-07-11 09:51:09.000,2025-07-11 09:52:03,2054888194641576172,,,54.0,,
2025-07-11 09:52:10.000,2025-07-11 09:53:04,2054888449474871532,,,54.0,,
2025-07-11 09:53:10.000,2025-07-11 09:54:04,2054888701237936364,,,54.0,,
2025-07-11 09:53:23.000,2025-07-11 09:54:04,2054888701238034668,5.261533332921778,,,,
2025-07-11 09:53:32.000,2025-07-11 09:54:04,2054888701238051052,36.64738528400427,,,,
2025-07-11 09:53:41.000,2025-07-11 09:53:42,2054888608782876908,,54.0,,,
2025-07-11 09:53:42.000,2025-07-11 09:54:04,2054888701238231276,,,,,37.0
2025-07-11 09:53:49.000,2025-07-11 09:55:05,2054888957509894380,33.8619765783674,,,,
2025-07-11 09:53:52.000,2025-07-11 09:55:05,2054888957560226028,,,,,38.0
2025-07-11 09:53:59.000,2025-07-11 09:55:05,2054888957560242412,47.89643613376382,,,,
2025-07-11 09:54:03.000,2025-07-11 09:55:05,2054888957560258796,,,,,50.0
2025-07-11 09:54:10.000,2025-07-11 09:55:05,2054888957560291564,23.853766042954067,,,,
2025-07-11 09:54:11.000,2025-07-11 09:55:05,2054888957560307948,,,54.0,495260.0,
2025-07-11 09:54:13.000,2025-07-11 09:55:05,2054888957560324332,,,,,26.0
2025-07-11 09:54:17.000,2025-07-11 09:55:05,2054888957560340716,23.537073962725405,,,,
2025-07-11 09:54:23.000,2025-07-11 09:55:05,2054888957560357100,,,,,28.0
2025-07-11 09:54:34.000,2025-07-11 09:55:05,2054888957560373484,,,,,34.0
2025-07-11 09:54:37.000,2025-07-11 09:55:05,2054888957560389868,45.86664361954971,,,,
2025-07-11 09:54:42.000,2025-07-11 09:54:44,2054888869303681260,,54.0,,,
2025-07-11 09:54:44.000,2025-07-11 09:55:05,2054888957560422636,,,,,49.0
2025-07-11 09:54:55.000,2025-07-11 09:56:11,2054889234807914732,,,,,43.0
2025-07-11 09:55:05.000,2025-07-11 09:56:11,2054889234808094956,,,,,40.0
2025-07-11 09:55:11.000,2025-07-11 09:56:11,2054889234808127724,35.34357695370616,,54.0,495300.0,
2025-07-11 09:55:15.000,2025-07-11 09:56:11,2054889234808471788,,,,,48.0
2025-07-11 09:55:26.000,2025-07-11 09:56:11,2054889234808488172,,,,,51.0
2025-07-11 09:55:36.000,2025-07-11 09:56:11,2054889234808520940,,,,,44.0
2025-07-11 09:55:40.000,2025-07-11 09:56:11,2054889234808537324,39.29574595492231,,,,
2025-07-11 09:55:44.000,2025-07-11 09:56:11,2054889235579666668,,50.0,,,
2025-07-11 09:55:51.000,2025-07-11 09:57:09,2054889477653971180,37.63079753313538,,,,
2025-07-11 09:55:56.000,2025-07-11 09:57:09,2054889477653987564,48.11867619006463,,,,
2025-07-11 09:55:57.000,2025-07-11 09:57:09,2054889477654003948,,,,,55.0
2025-07-11 09:56:12.000,2025-07-11 09:57:09,2054889477654036716,,,54.0,495370.0,
2025-07-11 09:56:16.000,2025-07-11 09:57:09,2054889477654069484,47.05747992122825,,,,
2025-07-11 09:56:18.000,2025-07-11 09:57:09,2054889477654085868,,,,,49.0
2025-07-11 09:56:28.000,2025-07-11 09:57:09,2054889477654102252,,,,,50.0
2025-07-11 09:56:39.000,2025-07-11 09:57:09,2054889477654118636,,,,,38.0
2025-07-11 09:56:40.000,2025-07-11 09:57:09,2054889477654135020,35.11763289646701,,,,
2025-07-11 09:56:46.000,2025-07-11 09:56:47,2054889384670396652,,45.0,,,
2025-07-11 09:56:49.000,2025-07-11 09:58:08,2054889725881237740,34.819460820930075,,,,35.0
2025-07-11 09:56:59.000,2025-07-11 09:58:08,2054889725881270508,16.886540277923537,,,,16.0
2025-07-11 09:57:10.000,2025-07-11 09:58:08,2054889725885415660,,,,,2.0
2025-07-11 09:57:12.000,2025-07-11 09:58:08,2054889725885432044,,,54.0,495450.0,
2025-07-11 09:57:20.001,2025-07-11 09:58:08,2054889725885497580,,,,,0.0
2025-07-11 09:58:13.000,2025-07-11 09:59:09,2054889979770880236,,,54.0,,
2025-07-11 09:58:34.000,2025-07-11 09:59:09,2054889979770945772,0.15556803941057,,,,
2025-07-11 09:59:13.000,2025-07-11 10:00:09,2054890234549682412,,,54.0,,
2025-07-11 10:00:14.000,2025-07-11 10:01:10,2054890490138018028,,,54.0,,
2025-07-11 10:01:14.000,2025-07-11 10:02:11,2054890744254071020,,,54.0,,
2025-07-11 10:02:15.000,2025-07-11 10:03:12,2054890998353445100,,,54.0,,
2025-07-11 10:03:15.000,2025-07-11 10:04:13,2054891254491169004,,,54.0,,
2025-07-11 10:03:35.000,2025-07-11 10:04:13,2054891254491218156,0.0,,,,
2025-07-11 10:04:15.000,2025-07-11 10:05:00,2054891452814622956,,,54.0,,
2025-07-12 10:05:10.000,2025-07-12 10:05:59,2055254089356280044,,,54.0,,
2025-07-12 10:06:11.000,2025-07-12 10:07:00,2055254344521007340,,,54.0,,
2025-07-12 10:07:11.000,2025-07-12 10:08:01,2055254600042201324,,,54.0,,
2025-07-12 10:08:11.000,2025-07-12 10:09:02,2055254854833586412,,,54.0,,
2025-07-12 10:09:12.000,2025-07-12 10:10:02,2055255109729829100,,,54.0,,
2025-07-12 10:10:12.000,2025-07-12 10:11:03,2055255364508860652,,,54.0,,
2025-07-12 10:11:12.000,2025-07-12 10:11:46,2055255543324360940,,,54.0,,
2025-07-13 10:11:55.000,2025-07-13 10:12:43,2055618171284488428,,,54.0,,
2025-07-13 10:14:02.000,2025-07-13 10:15:04,2055618761293054188,,,54.0,495450.0,0.0
2025-07-13 10:14:10.000,2025-07-13 10:15:04,2055618761293136108,0.0,,,,
2025-07-13 10:15:02.000,2025-07-13 10:16:05,2055619017221112044,,,54.0,,
2025-07-13 10:16:02.000,2025-07-13 10:17:21,2055619334981566700,,,54.0,,
2025-07-13 10:17:02.000,2025-07-13 10:18:06,2055619526967443692,,,54.0,,
2025-07-13 10:18:03.000,2025-07-13 10:19:08,2055619786959765740,,,54.0,,
2025-07-13 10:19:03.000,2025-07-13 10:20:08,2055620038672531692,,,54.0,,
2025-07-13 10:20:20.000,2025-07-14 10:21:24,2055982743853990124,,,54.0,,
2025-07-14 10:20:30.000,2025-07-14 10:21:26,2055982754113257708,,,54.0,,
2025-07-14 16:02:29.000,2025-07-14 16:03:32,2056068845113704684,,,54.0,,
2025-07-14 16:03:29.000,2025-07-14 16:04:33,2056069099720704236,,,54.0,,
2025-07-14 16:04:29.000,2025-07-14 16:05:33,2056069353744400620,,,54.0,,
2025-07-14 16:05:30.000,2025-07-14 16:06:34,2056069607747256556,,,54.0,,
2025-07-14 16:06:30.000,2025-07-14 16:07:35,2056069863511769324,,,54.0,,
2025-07-14 16:07:30.000,2025-07-14 16:07:54,2056069945795559660,,,54.0,,
2025-07-14 17:00:07.000,2025-07-14 17:00:58,2056083297875837164,,,54.0,,
2025-07-14 17:01:07.000,2025-07-14 17:02:00,2056083559047741676,,,54.0,,
2025-07-14 17:02:08.000,2025-07-14 17:03:01,2056083813843189996,,,54.0,,
2025-07-14 17:03:08.000,2025-07-14 17:04:02,2056084072187183340,,,54.0,,
2025-07-14 17:04:09.001,2025-07-14 17:05:04,2056084330439082220,,,54.0,,
2025-07-14 17:05:09.000,2025-07-14 17:06:06,2056084589848035564,,,54.0,,
2025-07-14 17:06:10.000,2025-07-14 17:07:03,2056084828282077420,,,54.0,,
2025-07-15 04:41:06.000,2025-07-15 04:42:03,2056259731386794220,,,54.0,,
2025-07-15 04:41:45.000,2025-07-15 04:41:45,2056259658263298284,,53.0,,,
2025-07-15 04:41:57.000,2025-07-15 04:43:04,2056259988346732780,,,,,8.0
2025-07-15 04:42:06.000,2025-07-15 04:43:04,2056259988346765548,,,54.0,495470.0,
2025-07-15 04:42:07.000,2025-07-15 04:43:04,2056259988346781932,,,,,14.0
2025-07-15 04:42:14.000,2025-07-15 04:43:04,2056259988346798316,24.998302332903258,,,,
2025-07-15 04:42:18.000,2025-07-15 04:43:04,2056259988346814700,,,,,30.000000000000004
2025-07-15 04:42:26.000,2025-07-15 04:43:04,2056259988346831084,16.303160130133904,,,,
2025-07-15 04:42:28.000,2025-07-15 04:43:04,2056259988346847468,,,,,21.0
2025-07-15 04:42:39.000,2025-07-15 04:43:04,2056259988346880236,,,,,40.0
2025-07-15 04:42:48.000,2025-07-15 04:42:48,2056259921632035052,,60.0,,,
2025-07-15 04:42:49.000,2025-07-15 04:44:18,2056260297823355116,,,,,50.0
2025-07-15 04:42:59.000,2025-07-15 04:44:18,2056260297823371500,,,,,47.0
2025-07-15 04:43:07.000,2025-07-15 04:44:18,2056260297823387884,,,54.0,495490.0,
2025-07-15 04:43:10.000,2025-07-15 04:44:18,2056260297823420652,,,,,53.0
2025-07-15 04:43:20.000,2025-07-15 04:44:18,2056260297823453420,,,,,42.0
2025-07-15 04:43:26.000,2025-07-15 04:44:18,2056260297823469804,37.52893750733084,,,,
2025-07-15 04:43:31.000,2025-07-15 04:44:18,2056260297823486188,,,,,50.0
2025-07-15 04:43:41.000,2025-07-15 04:44:18,2056260297823518956,,,,,46.0
2025-07-15 04:43:50.000,2025-07-15 04:44:18,2056260299912118508,,50.0,,,
2025-07-15 04:43:51.000,2025-07-15 04:45:06,2056260497900044524,,,,,51.0
2025-07-15 04:44:02.000,2025-07-15 04:45:06,2056260497900060908,,,,,39.0
2025-07-15 04:44:05.000,2025-07-15 04:45:06,2056260497900077292,40.879206356065616,,,,
2025-07-15 04:44:07.000,2025-07-15 04:45:06,2056260497900093676,,,54.0,495520.0,
2025-07-15 04:44:12.000,2025-07-15 04:45:06,2056260497900126444,,,,,46.0
2025-07-15 04:44:16.000,2025-07-15 04:45:06,2056260497900142828,51.62636507867916,,,,
2025-07-15 04:44:22.000,2025-07-15 04:45:06,2056260497900159212,,,,,51.0
2025-07-15 04:44:33.000,2025-07-15 04:45:06,2056260497900175596,,,,,44.0
2025-07-15 04:44:43.000,2025-07-15 04:45:06,2056260497900208364,,,,,42.0
2025-07-15 04:44:52.000,2025-07-15 04:44:52,2056260441931268332,,59.0,,,
2025-07-15 04:44:54.000,2025-07-15 04:46:07,2056260754725683436,,,,,20.0
2025-07-15 04:44:56.000,2025-07-15 04:46:07,2056260754725699820,9.935982517115573,,,,
2025-07-15 04:45:04.000,2025-07-15 04:46:07,2056260754725716204,42.01448264366894,,,,45.0
2025-07-15 04:45:07.000,2025-07-15 04:46:07,2056260754725732588,,,54.0,495620.0,
2025-07-15 04:45:14.000,2025-07-15 04:46:07,2056260754725765356,,,,,52.0
2025-07-15 04:45:15.000,2025-07-15 04:46:07,2056260754725781740,49.865112632495205,,,,
2025-07-15 04:45:21.000,2025-07-15 04:46:07,2056260754725798124,52.48569329637564,,,,
2025-07-15 04:45:25.000,2025-07-15 04:46:07,2056260754725814508,,,,,55.0
2025-07-15 04:45:34.000,2025-07-15 04:46:07,2056260754725830892,17.86995252705464,,,,
2025-07-15 04:45:35.000,2025-07-15 04:46:07,2056260754725847276,,,,,13.0
2025-07-15 04:45:43.000,2025-07-15 04:46:07,2056260754725880044,32.20443615845716,,,,
2025-07-15 04:45:46.000,2025-07-15 04:46:07,2056260754725896428,,,,,33.0
2025-07-15 04:45:52.000,2025-07-15 04:47:07,2056261007440888044,11.493514911690445,,,,
2025-07-15 04:45:53.000,2025-07-15 04:45:53,2056260698089980140,,63.0,,,
2025-07-15 04:45:56.000,2025-07-15 04:47:07,2056261007440920812,,,,,13.0
2025-07-15 04:46:06.000,2025-07-15 04:47:07,2056261007440953580,,,,,9.0
2025-07-15 04:46:07.000,2025-07-15 04:47:07,2056261007440969964,,,54.0,495670.0,
2025-07-15 04:46:17.000,2025-07-15 04:47:07,2056261007441019116,,,,,1.0
2025-07-15 04:46:27.000,2025-07-15 04:47:07,2056261007441035500,,,,,0.0
2025-07-15 04:46:57.000,2025-07-15 04:46:57,2056260966315720940,,54.0,,,
2025-07-15 04:47:08.000,2025-07-15 04:48:08,2056261262920384748,,,53.0,495680.0,
2025-07-15 04:47:25.000,2025-07-15 04:48:08,2056261262920433900,0.290764073660232,,,,
2025-07-15 04:47:58.000,2025-07-15 04:47:59,2056261225666314476,,53.0,,,
2025-07-15 04:48:09.000,2025-07-15 04:49:09,2056261517178863852,,,53.0,495690.0,
2025-07-15 04:48:11.000,2025-07-15 04:49:09,2056261517178896620,,,,,8.0
2025-07-15 04:48:21.000,2025-07-15 04:49:09,2056261517178929388,,,,,10.0
2025-07-15 04:48:32.000,2025-07-15 04:49:09,2056261517178945772,,,,,23.0
2025-07-15 04:48:33.000,2025-07-15 04:49:09,2056261517178962156,23.68893800119763,,,,
2025-07-15 04:48:42.000,2025-07-15 04:49:09,2056261517178994924,,,,,15.000000000000002
2025-07-15 04:48:52.000,2025-07-15 04:50:09,2056261770913251564,,,,,1.0
2025-07-15 04:48:57.000,2025-07-15 04:50:09,2056261770913267948,13.80295949674974,,,,
2025-07-15 04:48:59.000,2025-07-15 04:49:00,2056261481229451500,,62.0,,,
2025-07-15 04:49:03.000,2025-07-15 04:50:09,2056261770913300716,,,,,29.0
2025-07-15 04:49:09.000,2025-07-15 04:50:09,2056261770913317100,,,53.0,495720.0,
2025-07-15 04:49:13.000,2025-07-15 04:50:09,2056261770913349868,,,,,42.0
2025-07-15 04:49:23.000,2025-07-15 04:50:09,2056261770913366252,,,,,40.0
2025-07-15 04:49:34.000,2025-07-15 04:50:09,2056261770913382636,,,,,29.0
2025-07-15 04:49:44.000,2025-07-15 04:50:09,2056261770913415404,,,,,25.0
2025-07-15 04:49:46.000,2025-07-15 04:50:09,2056261770913431788,25.60575848679215,,,,
2025-07-15 04:49:55.000,2025-07-15 04:51:10,2056262025696248044,,,,,21.0
2025-07-15 04:49:56.000,2025-07-15 04:51:10,2056262025696264428,25.85207454919222,,,,
2025-07-15 04:50:01.000,2025-07-15 04:50:03,2056261742916272364,,57.99999999999999,,,
2025-07-15 04:50:05.000,2025-07-15 04:51:10,2056262025696297196,,,,,34.0
2025-07-15 04:50:08.000,2025-07-15 04:51:10,2056262025696313580,30.932111836135004,,,,
2025-07-15 04:50:09.000,2025-07-15 04:51:10,2056262025696329964,,,53.0,495730.0,
2025-07-15 04:50:14.000,2025-07-15 04:51:10,2056262025696362732,37.30484545056085,,,,
2025-07-15 04:50:15.000,2025-07-15 04:51:10,2056262025696379116,,,,,38.0
2025-07-15 04:50:20.000,2025-07-15 04:51:10,2056262025696395500,44.80915135165168,,,,
2025-07-15 04:50:26.000,2025-07-15 04:51:10,2056262025696411884,,,,,53.0
2025-07-15 04:50:34.000,2025-07-15 04:51:10,2056262025696428268,41.395914486965005,,,,
2025-07-15 04:50:36.000,2025-07-15 04:51:10,2056262025696444652,,,,,43.0
2025-07-15 04:50:47.000,2025-07-15 04:51:10,2056262025696477420,,,,,51.0
2025-07-15 04:50:53.000,2025-07-15 04:52:11,2056262281141944556,38.06231364245279,,,,
2025-07-15 04:50:57.000,2025-07-15 04:52:11,2056262281141977324,,,,,37.0
2025-07-15 04:51:00.000,2025-07-15 04:52:11,2056262281141993708,42.75528283133831,,,,
2025-07-15 04:51:02.000,2025-07-15 04:51:03,2056261995358847212,,50.0,,,
2025-07-15 04:51:05.000,2025-07-15 04:52:11,2056262281142042860,52.16344521473946,,,,
2025-07-15 04:51:07.000,2025-07-15 04:52:11,2056262281142075628,,,,,54.0
2025-07-15 04:51:09.000,2025-07-15 04:52:11,2056262281142092012,55.08404995462599,,54.0,495760.0,
2025-07-15 04:51:28.000,2025-07-15 04:52:11,2056262281142141164,,,,,60.00000000000001
2025-07-15 04:51:39.000,2025-07-15 04:52:11,2056262281142255852,,,,,64.0
2025-07-15 04:51:49.000,2025-07-15 04:52:11,2056262281142288620,,,,,69.0
2025-07-15 04:51:59.000,2025-07-15 04:53:11,2056262534922502380,,,,,71.0
2025-07-15 04:52:03.000,2025-07-15 04:52:03,2056262249915351276,,53.0,,,
2025-07-15 04:52:10.000,2025-07-15 04:53:11,2056262534922551532,,,53.0,495860.0,68.0
2025-07-15 04:52:15.000,2025-07-15 04:53:11,2056262534922584300,67.42207708025954,,,,
2025-07-15 04:52:20.000,2025-07-15 04:53:11,2056262534922617068,,,,,76.0
2025-07-15 04:52:27.000,2025-07-15 04:53:11,2056262534922649836,77.42473161426534,,,,
2025-07-15 04:52:31.000,2025-07-15 04:53:11,2056262534922666220,,,,,79.0
2025-07-15 04:52:41.000,2025-07-15 04:53:11,2056262534922682604,,,,,75.0
2025-07-15 04:52:51.000,2025-07-15 04:53:11,2056262534922698988,,,,,57.0
2025-07-15 04:52:54.000,2025-07-15 04:54:12,2056262790213009644,54.72661386407552,,,,
2025-07-15 04:53:02.000,2025-07-15 04:54:12,2056262790213026028,,,,,74.0
2025-07-15 04:53:04.000,2025-07-15 04:53:05,2056262507844075756,,54.0,,,
2025-07-15 04:53:10.000,2025-07-15 04:54:12,2056262790213075180,,,53.0,495920.0,
2025-07-15 04:53:12.000,2025-07-15 04:54:12,2056262790217203948,,,,,81.0
2025-07-15 04:53:23.000,2025-07-15 04:54:12,2056262790217220332,,,,,84.0
2025-07-15 04:53:33.000,2025-07-15 04:54:12,2056262790217236716,,,,,73.0
2025-07-15 04:53:43.000,2025-07-15 04:54:12,2056262790217269484,,,,,78.0
2025-07-15 04:53:53.000,2025-07-15 04:55:13,2056263044173922540,69.10184150579985,,,,
2025-07-15 04:53:54.000,2025-07-15 04:55:13,2056263044173938924,,,,,60.99999999999999
2025-07-15 04:53:59.000,2025-07-15 04:55:13,2056263044173955308,59.63071110644682,,,,
2025-07-15 04:54:04.000,2025-07-15 04:55:13,2056263044173971692,,,,,68.0
2025-07-15 04:54:05.000,2025-07-15 04:54:08,2056262773297381612,,48.0,,,
2025-07-15 04:54:10.000,2025-07-15 04:55:13,2056263044174020844,,,54.0,495970.0,
2025-07-15 04:54:15.000,2025-07-15 04:55:13,2056263044174053612,,,,,80.0
2025-07-15 04:54:25.000,2025-07-15 04:55:13,2056263044174069996,,,,,84.0
2025-07-15 04:54:35.000,2025-07-15 04:55:13,2056263044174086380,,,,,82.0
2025-07-15 04:54:46.000,2025-07-15 04:55:13,2056263044174119148,,,,,67.0
2025-07-15 04:54:56.000,2025-07-15 04:56:13,2056263298722070764,,,,,65.0
2025-07-15 04:55:06.000,2025-07-15 04:55:08,2056263023043018988,,43.0,,,
2025-07-15 04:55:07.000,2025-07-15 04:56:13,2056263298722087148,65.10892849426189,,,,66.0
2025-07-15 04:55:11.000,2025-07-15 04:56:13,2056263298722119916,,,53.0,496110.0,
2025-07-15 04:55:17.000,2025-07-15 04:56:13,2056263298722152684,,,,,70.0
2025-07-15 04:55:19.000,2025-07-15 04:56:13,2056263298722169068,70.72974991820332,,,,
2025-07-15 04:55:27.000,2025-07-15 04:56:13,2056263298722185452,,,,,75.0
2025-07-15 04:55:33.000,2025-07-15 04:56:13,2056263298722201836,64.46258033052037,,,,
2025-07-15 04:55:38.000,2025-07-15 04:56:13,2056263298722218220,,,,,67.0
2025-07-15 04:55:42.000,2025-07-15 04:56:13,2056263298726232300,69.6555896460827,,,,
2025-07-15 04:55:48.000,2025-07-15 04:56:13,2056263298726248684,,,,,77.0
2025-07-15 04:55:58.000,2025-07-15 04:57:14,2056263552406126828,,,,,71.0
2025-07-15 04:56:08.000,2025-07-15 04:56:08,2056263277230424300,,48.0,,,
2025-07-15 04:56:09.000,2025-07-15 04:57:14,2056263552410337516,,,,,58.0
2025-07-15 04:56:11.000,2025-07-15 04:57:14,2056263552410353900,,,53.0,496220.0,
2025-07-15 04:56:19.000,2025-07-15 04:57:14,2056263552410386668,,,,,70.0
2025-07-15 04:56:22.000,2025-07-15 04:57:14,2056263552410403052,70.85938995104547,,,,
2025-07-15 04:56:30.000,2025-07-15 04:57:14,2056263552410419436,,,,,55.0
2025-07-15 04:56:40.000,2025-07-15 04:57:14,2056263552410517740,,,,,65.0
2025-07-15 04:56:50.000,2025-07-15 04:57:14,2056263552410550508,,,,,75.0
2025-07-15 04:57:01.000,2025-07-15 04:58:14,2056263805691756780,,,,,74.0
2025-07-15 04:57:08.000,2025-07-15 04:57:08,2056263529194848492,,51.0,,,
2025-07-15 04:57:11.000,2025-07-15 04:58:14,2056263805695967468,,,53.0,496260.0,76.0
2025-07-15 04:57:21.000,2025-07-15 04:58:14,2056263805696000236,,,,,67.0
2025-07-15 04:57:32.000,2025-07-15 04:58:14,2056263805696016620,,,,,65.0
2025-07-15 04:57:42.000,2025-07-15 04:58:14,2056263805696033004,,,,,70.0
2025-07-15 04:57:53.000,2025-07-15 04:58:14,2056263805696049388,73.83555470500721,,,,76.0
2025-07-15 04:58:03.000,2025-07-15 04:59:15,2056264059703017708,,,,,83.0
2025-07-15 04:58:09.000,2025-07-15 04:58:10,2056263786658021612,,54.0,,,
2025-07-15 04:58:11.000,2025-07-15 04:59:15,2056264059703050476,,,53.0,496390.0,
2025-07-15 04:58:13.000,2025-07-15 04:59:15,2056264059703083244,,,,,86.0
2025-07-15 04:58:24.000,2025-07-15 04:59:15,2056264059703099628,,,,,85.0
2025-07-15 04:58:34.000,2025-07-15 04:59:15,2056264059703116012,,,,,81.0
2025-07-15 04:58:42.000,2025-07-15 04:59:15,2056264059703132396,71.59278213683814,,,,
2025-07-15 04:58:45.000,2025-07-15 04:59:15,2056264059703165164,,,,,67.0
2025-07-15 04:58:55.000,2025-07-15 04:59:15,2056264059703181548,,,,,70.0
2025-07-15 04:58:58.000,2025-07-15 05:00:15,2056264313420644588,68.56476136973954,,,,
2025-07-15 04:59:05.000,2025-07-15 05:00:15,2056264313420660972,,,,,73.0
2025-07-15 04:59:10.000,2025-07-15 04:59:10,2056264040652472556,,56.00000000000001,,,
2025-07-15 04:59:12.000,2025-07-15 05:00:15,2056264313420693740,,,52.0,496550.0,
2025-07-15 04:59:16.000,2025-07-15 05:00:15,2056264313420726508,,,,,67.0
2025-07-15 04:59:26.000,2025-07-15 05:00:15,2056264313420759276,,,,,75.0
2025-07-15 04:59:37.000,2025-07-15 05:00:15,2056264313420775660,,,,,74.0
2025-07-15 04:59:47.000,2025-07-15 05:00:15,2056264313420808428,,,,,77.0
2025-07-15 04:59:57.000,2025-07-15 05:01:16,2056264567385751788,,,,,82.0
2025-07-15 05:00:08.000,2025-07-15 05:01:16,2056264567385768172,,,,,86.0
2025-07-15 05:00:11.000,2025-07-15 05:00:11,2056264296161083628,,48.0,,,
2025-07-15 05:00:12.000,2025-07-15 05:01:16,2056264567385784556,,,52.0,496650.0,
2025-07-15 05:00:18.000,2025-07-15 05:01:16,2056264567385817324,,,,,80.0
2025-07-15 05:00:28.000,2025-07-15 05:01:16,2056264567385850092,76.68948742800349,,,,79.0
2025-07-15 05:00:39.000,2025-07-15 05:01:16,2056264567385882860,,,,,83.0
2025-07-15 05:00:49.000,2025-07-15 05:01:16,2056264567385915628,,,,,86.0
2025-07-15 05:01:10.000,2025-07-15 05:02:17,2056264821875196140,,,,,85.0
2025-07-15 05:01:12.000,2025-07-15 05:01:13,2056264553397747948,,56.00000000000001,,,
2025-07-15 05:01:12.000,2025-07-15 05:02:17,2056264821875212524,,,52.0,496740.0,
2025-07-15 05:01:20.000,2025-07-15 05:02:17,2056264821875261676,,,,,80.0
2025-07-15 05:01:31.000,2025-07-15 05:02:17,2056264821875294444,,,,,76.0
2025-07-15 05:01:41.000,2025-07-15 05:02:17,2056264821879374060,,,,,80.0
2025-07-15 05:01:52.000,2025-07-15 05:02:17,2056264821879439596,,,,,84.0
2025-07-15 05:01:59.000,2025-07-15 05:03:18,2056265078453305580,75.61903115682124,,,,
2025-07-15 05:02:02.000,2025-07-15 05:03:18,2056265078457499884,,,,,71.0
2025-07-15 05:02:12.000,2025-07-15 05:02:13,2056264806305890540,,60.0,,,
2025-07-15 05:02:12.000,2025-07-15 05:03:18,2056265078457516268,,,52.0,496790.0,57.0
2025-07-15 05:02:23.000,2025-07-15 05:03:18,2056265078457565420,,,,,25.0
2025-07-15 05:02:24.000,2025-07-15 05:03:18,2056265078457581804,27.398494940952055,,,,
2025-07-15 05:02:33.000,2025-07-15 05:03:18,2056265078457614572,,,,,56.0
2025-07-15 05:02:43.000,2025-07-15 05:03:18,2056265078457630956,,,,,80.0
2025-07-15 05:02:44.000,2025-07-15 05:03:18,2056265078457647340,82.08251279423658,,,,
2025-07-15 05:02:54.000,2025-07-15 05:03:18,2056265078457663724,,,,,88.0
2025-07-15 05:03:04.000,2025-07-15 05:04:18,2056265332359692524,,,,,89.0
2025-07-15 05:03:13.000,2025-07-15 05:03:14,2056265061688672492,,48.0,,,
2025-07-15 05:03:13.000,2025-07-15 05:04:18,2056265332363886828,,,52.0,496840.0,
2025-07-15 05:03:15.000,2025-07-15 05:04:18,2056265332363919596,,,,,92.0
2025-07-15 05:03:35.000,2025-07-15 05:04:18,2056265332363968748,,,,,88.0
2025-07-15 05:03:46.000,2025-07-15 05:04:18,2056265332364001516,,,,,86.0
2025-07-15 05:03:50.000,2025-07-15 05:04:18,2056265332364017900,81.97139276608617,,,,
2025-07-15 05:03:56.000,2025-07-15 05:04:18,2056265332364034284,,,,,80.0
2025-07-15 05:04:07.000,2025-07-15 05:05:19,2056265586241323244,,,,,77.0
2025-07-15 05:04:09.000,2025-07-15 05:05:19,2056265586241339628,76.04499126473114,,,,
2025-07-15 05:04:13.000,2025-07-15 05:05:19,2056265586241356012,,,53.0,496880.0,
2025-07-15 05:04:14.000,2025-07-15 05:04:15,2056265317029511404,,53.0,,,
2025-07-15 05:04:17.000,2025-07-15 05:05:19,2056265586241405164,,,,,80.0
2025-07-15 05:04:22.000,2025-07-15 05:05:19,2056265586241421548,78.29702383524605,,,,
2025-07-15 05:04:27.000,2025-07-15 05:05:19,2056265586241437932,,,,,85.0
2025-07-15 05:04:38.000,2025-07-15 05:05:19,2056265586241454316,,,,,78.0
2025-07-15 05:04:48.000,2025-07-15 05:05:19,2056265586241487084,,,,,76.0
2025-07-15 05:04:58.000,2025-07-15 05:05:19,2056265586241503468,,,,,78.0
2025-07-15 05:05:09.000,2025-07-15 05:06:19,2056265840449290476,,,,,62.0
2025-07-15 05:05:13.000,2025-07-15 05:06:19,2056265840453484780,,,53.0,496900.0,
2025-07-15 05:05:15.000,2025-07-15 05:05:16,2056265573192450284,,60.0,,,
2025-07-15 05:05:19.000,2025-07-15 05:06:19,2056265840453533932,,,,,40.0
2025-07-15 05:05:30.000,2025-07-15 05:06:19,2056265840453550316,,,,,2.0
2025-07-15 05:05:40.000,2025-07-15 05:06:19,2056265840453763308,,,,,0.0
2025-07-15 05:05:50.000,2025-07-15 05:06:19,2056265840453910764,,,,,44.0
2025-07-15 05:05:53.000,2025-07-15 05:06:19,2056265840453927148,43.042342904060206,,,,
2025-07-15 05:06:00.000,2025-07-15 05:07:20,2056266095144206572,,,,,43.0
2025-07-15 05:06:11.000,2025-07-15 05:07:20,2056266095144239340,,,,,1.0
2025-07-15 05:06:14.000,2025-07-15 05:07:20,2056266095144272108,,,53.0,496920.0,
2025-07-15 05:06:16.000,2025-07-15 05:06:17,2056265830320046316,,40.0,,,
2025-07-15 05:06:21.000,2025-07-15 05:07:20,2056266095144354028,,,,,40.0
2025-07-15 05:06:32.000,2025-07-15 05:07:20,2056266095144386796,,,,,49.0
2025-07-15 05:06:42.000,2025-07-15 05:07:20,2056266095144403180,,,,,45.0
2025-07-15 05:06:47.000,2025-07-15 05:07:20,2056266095144517868,24.36677017291511,,,,
2025-07-15 05:06:52.000,2025-07-15 05:07:20,2056266095144534252,,,,,37.0
2025-07-15 05:06:53.000,2025-07-15 05:07:20,2056266095144550636,43.31273497255953,,,,
2025-07-15 05:07:03.000,2025-07-15 05:08:21,2056266349608452332,,,,,62.0
2025-07-15 05:07:13.000,2025-07-15 05:08:21,2056266349608468716,,,,,75.0
2025-07-15 05:07:14.000,2025-07-15 05:08:21,2056266349608485100,,,53.0,497010.0,
2025-07-15 05:07:17.000,2025-07-15 05:07:19,2056266088378794220,,45.0,,,
2025-07-15 05:07:23.000,2025-07-15 05:08:21,2056266349608550636,,,,,69.0
2025-07-15 05:07:34.000,2025-07-15 05:08:21,2056266349608567020,,,,,38.0
2025-07-15 05:07:36.000,2025-07-15 05:08:21,2056266349608583404,41.67741855827937,,,,
2025-07-15 05:07:41.000,2025-07-15 05:08:21,2056266349608616172,51.048540932297044,,,,
2025-07-15 05:07:44.000,2025-07-15 05:08:21,2056266349608632556,,,,,49.0
2025-07-15 05:07:46.000,2025-07-15 05:08:21,2056266349608665324,43.85351910955817,,,,
2025-07-15 05:07:51.000,2025-07-15 05:08:21,2056266349608698092,52.017137177674755,,,,
2025-07-15 05:07:55.000,2025-07-15 05:08:21,2056266349608714476,,,,,67.0
2025-07-15 05:08:05.000,2025-07-15 05:09:21,2056266602944397548,,,,,107.0
2025-07-15 05:08:14.000,2025-07-15 05:09:21,2056266602944413932,,,53.0,497060.0,
2025-07-15 05:08:15.000,2025-07-15 05:09:21,2056266602944430316,,,,,110.0
2025-07-15 05:08:19.000,2025-07-15 05:08:19,2056266343824490732,,56.00000000000001,,,
2025-07-15 05:08:26.000,2025-07-15 05:09:21,2056266602944479468,,,,,109.0
2025-07-15 05:08:36.000,2025-07-15 05:09:21,2056266602944495852,,,,,115.0
2025-07-15 05:09:07.000,2025-07-15 05:10:22,2056266856720761068,,,,,114.0
2025-07-15 05:09:15.000,2025-07-15 05:10:22,2056266856720777452,,,52.0,497340.0,
2025-07-15 05:09:18.000,2025-07-15 05:10:22,2056266856720810220,,,,,119.00000000000001
2025-07-15 05:09:19.000,2025-07-15 05:09:20,2056266598146113772,,54.0,,,
2025-07-15 05:09:22.000,2025-07-15 05:10:22,2056266856720842988,119.15585818615075,,,,
2025-07-15 05:09:49.000,2025-07-15 05:10:22,2056266856720908524,,,,,117.0
2025-07-15 05:09:59.000,2025-07-15 05:10:22,2056266856720924908,,,,,116.0
2025-07-15 05:10:10.000,2025-07-15 05:11:25,2056267123449151724,,,,,118.0
2025-07-15 05:10:15.000,2025-07-15 05:11:25,2056267123449168108,,,52.0,497490.0,
2025-07-15 05:10:20.000,2025-07-15 05:10:21,2056266854036406508,,48.0,,,
2025-07-15 05:10:20.000,2025-07-15 05:11:25,2056267123449200876,,,,,111.0
2025-07-15 05:10:30.000,2025-07-15 05:11:25,2056267123449233644,,,,,114.0
2025-07-15 05:10:41.000,2025-07-15 05:11:25,2056267123449250028,,,,,115.0
2025-07-15 05:10:51.000,2025-07-15 05:11:25,2056267123449282796,111.20151617105077,,,,113.0
2025-07-15 05:11:12.000,2025-07-15 05:12:23,2056267365846384876,,,,,118.0
2025-07-15 05:11:15.000,2025-07-15 05:12:23,2056267365846401260,,,52.0,497700.0,
2025-07-15 05:11:21.000,2025-07-15 05:11:26,2056267125269463276,,51.0,,,
2025-07-15 05:11:22.000,2025-07-15 05:12:23,2056267365846434028,,,,,115.0
2025-07-15 05:11:33.000,2025-07-15 05:12:23,2056267365846483180,,,,,116.0
2025-07-15 05:11:43.000,2025-07-15 05:12:23,2056267365846499564,,,,,118.0
2025-07-15 05:11:53.000,2025-07-15 05:12:23,2056267365846630636,,,,,117.0
2025-07-15 05:12:04.000,2025-07-15 05:13:24,2056267619459137772,,,,,113.0
2025-07-15 05:12:14.000,2025-07-15 05:13:24,2056267619459154156,,,,,111.0
2025-07-15 05:12:15.000,2025-07-15 05:13:24,2056267619459170540,,,51.0,497900.0,
2025-07-15 05:12:22.000,2025-07-15 05:12:23,2056267365150097644,,51.0,,,
2025-07-15 05:12:23.000,2025-07-15 05:13:24,2056267619459203308,113.69060480161988,,,,
2025-07-15 05:12:25.000,2025-07-15 05:13:24,2056267619459236076,,,,,116.0
2025-07-15 05:12:35.000,2025-07-15 05:13:24,2056267619459252460,,,,,115.0
2025-07-15 05:12:56.000,2025-07-15 05:13:24,2056267619459301612,,,,,118.0
2025-07-15 05:13:06.000,2025-07-15 05:14:24,2056267873424244972,,,,,114.0
2025-07-15 05:13:15.000,2025-07-15 05:14:24,2056267873424261356,,,52.0,498030.0,
2025-07-15 05:13:17.000,2025-07-15 05:14:24,2056267873424277740,,,,,108.0
2025-07-15 05:13:23.000,2025-07-15 05:13:24,2056267620105060588,,56.00000000000001,,,
2025-07-15 05:13:27.000,2025-07-15 05:14:24,2056267873424326892,,,,,109.0
2025-07-15 05:13:37.000,2025-07-15 05:14:24,2056267873424343276,,,,,112.0
2025-07-15 05:13:48.000,2025-07-15 05:14:24,2056267873424376044,,,,,105.0
2025-07-15 05:13:53.000,2025-07-15 05:14:24,2056267873424392428,99.90246130862354,,,,
2025-07-15 05:13:58.000,2025-07-15 05:14:24,2056267873424408812,,,,,98.0
2025-07-15 05:14:08.000,2025-07-15 05:15:25,2056268127070585068,,,,,96.0
2025-07-15 05:14:16.000,2025-07-15 05:15:25,2056268127070601452,,,51.0,498190.0,
2025-07-15 05:14:23.000,2025-07-15 05:14:24,2056267872581189868,,40.0,,,
2025-07-15 05:14:29.000,2025-07-15 05:15:25,2056268127070683372,,,,,99.0
2025-07-15 05:14:40.000,2025-07-15 05:15:25,2056268127070699756,,,,,102.0
2025-07-15 05:14:50.000,2025-07-15 05:15:25,2056268127070732524,,,,,109.0
2025-07-15 05:15:00.000,2025-07-15 05:15:25,2056268127070748908,,,,,110.0
2025-07-15 05:15:11.000,2025-07-15 05:17:55,2056268757285732588,,,,,109.0
2025-07-15 05:15:16.000,2025-07-15 05:17:55,2056268757323481324,,,51.0,498360.0,
2025-07-15 05:15:21.000,2025-07-15 05:17:55,2056268757323514092,,,,,112.0
2025-07-15 05:15:23.000,2025-07-15 05:17:55,2056268757323530476,111.95342836153519,,,,
2025-07-15 05:15:24.000,2025-07-15 05:15:25,2056268129054490860,,48.0,,,
2025-07-15 05:15:32.000,2025-07-15 05:17:55,2056268757323579628,,,,,116.0
2025-07-15 05:15:42.000,2025-07-15 05:17:55,2056268757323596012,,,,,114.0
2025-07-15 05:15:52.000,2025-07-15 05:17:55,2056268757323628780,,,,,112.0
2025-07-15 05:16:03.000,2025-07-15 05:17:55,2056268757323645164,,,,,113.0
2025-07-15 05:16:13.000,2025-07-15 05:17:55,2056268757323677932,,,,,109.0
2025-07-15 05:16:16.000,2025-07-15 05:17:55,2056268757323694316,,,51.0,498480.0,
2025-07-15 05:16:24.000,2025-07-15 05:17:55,2056268757323727084,,,,,111.0
2025-07-15 05:16:25.000,2025-07-15 05:17:16,2056268592638329068,,51.0,,,
2025-07-15 05:16:34.000,2025-07-15 05:17:55,2056268757323776236,,,,,113.0
2025-07-15 05:16:44.000,2025-07-15 05:17:55,2056268757323792620,,,,,116.0
2025-07-15 05:16:55.000,2025-07-15 05:17:55,2056268757323923692,110.06068388203992,,,,112.0
2025-07-15 05:17:05.000,2025-07-15 05:17:55,2056268757323940076,,,,,120.99999999999999
2025-07-15 05:17:15.000,2025-07-15 05:17:55,2056268757323956460,,,,,120.00000000000001
2025-07-15 05:17:16.000,2025-07-15 05:17:55,2056268757323972844,,,51.0,498690.0,
2025-07-15 05:17:26.000,2025-07-15 05:17:26,2056268635839660268,,46.0,,,
2025-07-15 05:17:26.000,2025-07-15 05:17:55,2056268757324005612,,,,,117.0
2025-07-15 05:17:36.000,2025-07-15 05:19:01,2056269034227237100,,,,,119.00000000000001
2025-07-15 05:17:47.000,2025-07-15 05:19:01,2056269034269180140,,,,,118.0
2025-07-15 05:17:57.000,2025-07-15 05:19:01,2056269034269212908,,,,,116.0
2025-07-15 05:18:07.000,2025-07-15 05:19:01,2056269034269229292,,,,,114.0
2025-07-15 05:18:17.000,2025-07-15 05:19:01,2056269034269245676,,,50.0,498920.0,
2025-07-15 05:18:18.000,2025-07-15 05:19:01,2056269034269262060,,,,,115.0
2025-07-15 05:18:26.000,2025-07-15 05:19:01,2056269034269278444,110.44775198009717,,,,
2025-07-15 05:18:27.000,2025-07-15 05:18:31,2056268907857051884,,50.0,,,
2025-07-15 05:18:28.000,2025-07-15 05:19:01,2056269034269294828,,,,,113.0
2025-07-15 05:18:49.000,2025-07-15 05:19:59,2056269276712550636,,,,,114.0
2025-07-15 05:18:59.000,2025-07-15 05:19:59,2056269276712567020,,,,,104.0
2025-07-15 05:19:10.000,2025-07-15 05:19:59,2056269276712583404,,,,,103.0
2025-07-15 05:19:17.000,2025-07-15 05:19:59,2056269276712599788,,,50.0,499030.0,
2025-07-15 05:19:20.000,2025-07-15 05:19:59,2056269276712632556,,,,,93.0
2025-07-15 05:19:27.000,2025-07-15 05:19:59,2056269278545445100,,46.0,,,
2025-07-15 05:19:31.000,2025-07-15 05:19:59,2056269276712681708,,,,,96.0
2025-07-15 05:19:35.000,2025-07-15 05:19:59,2056269276712698092,91.38881515183317,,,,
2025-07-15 05:19:41.000,2025-07-15 05:20:58,2056269523333415148,,,,,84.0
2025-07-15 05:19:51.000,2025-07-15 05:20:58,2056269523375407340,,,,,83.0
2025-07-15 05:20:02.000,2025-07-15 05:20:58,2056269523375423724,,,,,85.0
2025-07-15 05:20:12.000,2025-07-15 05:20:58,2056269523375440108,,,,,84.0
2025-07-15 05:20:17.000,2025-07-15 05:20:58,2056269523375456492,,,50.0,499070.0,
2025-07-15 05:20:23.000,2025-07-15 05:20:58,2056269523375489260,,,,,94.0
2025-07-15 05:20:28.000,2025-07-15 05:20:29,2056269404043231468,,54.0,,,
2025-07-15 05:20:33.000,2025-07-15 05:20:58,2056269523375538412,,,,,82.0
2025-07-15 05:20:43.000,2025-07-15 05:21:58,2056269778070274284,,,,,76.0
2025-07-15 05:20:54.000,2025-07-15 05:21:58,2056269778112233708,,,,,58.0
2025-07-15 05:20:55.000,2025-07-15 05:21:58,2056269778112250092,58.14911073110806,,,,
2025-07-15 05:21:04.000,2025-07-15 05:21:58,2056269778112266476,,,,,20.0
2025-07-15 05:21:12.000,2025-07-15 05:21:58,2056269778112332012,35.14911690444295,,,,
2025-07-15 05:21:15.000,2025-07-15 05:21:58,2056269778112348396,,,,,36.0
2025-07-15 05:21:18.000,2025-07-15 05:21:58,2056269778112381164,,,51.0,499110.0,
2025-07-15 05:21:25.000,2025-07-15 05:21:58,2056269778112430316,,,,,75.0
2025-07-15 05:21:29.000,2025-07-15 05:21:30,2056269658784268524,,48.0,,,
2025-07-15 05:21:35.000,2025-07-15 05:21:58,2056269778112479468,,,,,92.0
2025-07-15 05:21:36.000,2025-07-15 05:21:58,2056269778112495852,91.48141517529184,,,,
2025-07-15 05:21:46.000,2025-07-15 05:22:59,2056270034224808172,,,,,91.0
2025-07-15 05:21:56.000,2025-07-15 05:22:59,2056270034266833132,,,,,92.0
2025-07-15 05:22:17.000,2025-07-15 05:22:59,2056270034266882284,,,,,66.0
2025-07-15 05:22:18.000,2025-07-15 05:22:59,2056270034266898668,,,50.0,499320.0,
2025-07-15 05:22:27.000,2025-07-15 05:22:59,2056270034266947820,,,,,3.0
2025-07-15 05:22:29.000,2025-07-15 05:22:59,2056270034266964204,0.44448011260162856,,,,
2025-07-15 05:22:37.001,2025-07-15 05:22:59,2056270034267177196,,,,,0.0
2025-07-15 05:22:39.000,2025-07-15 05:22:59,2056270034267242732,32.75633229827085,,,,
2025-07-15 05:22:40.000,2025-07-15 05:22:42,2056269960304394476,,50.0,,,
2025-07-15 05:22:44.000,2025-07-15 05:25:35,2056270685579280620,43.879447116126606,,,,
2025-07-15 05:22:47.000,2025-07-15 05:25:35,2056270685579297004,,,,,53.0
2025-07-15 05:22:58.000,2025-07-15 05:25:35,2056270685579346156,,,,,85.0
2025-07-15 05:23:08.000,2025-07-15 05:25:35,2056270685579362540,,,,,93.0
2025-07-15 05:23:19.000,2025-07-15 05:25:35,2056270685579378924,,,50.0,499410.0,102.0
2025-07-15 05:23:29.000,2025-07-15 05:25:35,2056270685579411692,,,,,95.0
2025-07-15 05:23:39.000,2025-07-15 05:25:35,2056270685579428076,,,,,91.0
2025-07-15 05:23:41.000,2025-07-15 05:24:40,2056270456742215916,,56.00000000000001,,,
2025-07-15 05:23:50.000,2025-07-15 05:25:35,2056270685579460844,,,,,70.0
2025-07-15 05:24:00.000,2025-07-15 05:25:35,2056270685579477228,,,,,19.0
2025-07-15 05:24:04.000,2025-07-15 05:25:35,2056270685579493612,27.15403087902116,,,,
2025-07-15 05:24:09.000,2025-07-15 05:25:35,2056270685579526380,47.21304796063882,,,,
2025-07-15 05:24:10.000,2025-07-15 05:25:35,2056270685579542764,,,,,60.00000000000001
2025-07-15 05:24:19.000,2025-07-15 05:25:35,2056270685579575532,,,50.0,499450.0,
2025-07-15 05:24:21.000,2025-07-15 05:25:35,2056270685579608300,,,,,89.0
2025-07-15 05:24:31.000,2025-07-15 05:25:35,2056270685579624684,,,,,94.0
2025-07-15 05:24:42.000,2025-07-15 05:24:52,2056270508080496876,,46.0,,,
2025-07-15 05:24:51.000,2025-07-15 05:25:35,2056270685579690220,93.51861569138265,,,,
2025-07-15 05:24:52.000,2025-07-15 05:25:35,2056270685579706604,,,,,86.0
2025-07-15 05:25:02.000,2025-07-15 05:25:35,2056270685579722988,,,,,51.0
2025-07-15 05:25:13.000,2025-07-15 05:25:35,2056270685579739372,,,,,28.0
2025-07-15 05:25:19.000,2025-07-15 05:26:35,2056270940697788652,,,50.0,499620.0,
2025-07-15 05:25:21.000,2025-07-15 05:26:35,2056270940702032108,39.577250026236676,,,,
2025-07-15 05:25:23.000,2025-07-15 05:26:35,2056270940702048492,,,,,41.0
2025-07-15 05:25:26.000,2025-07-15 05:26:35,2056270940702064876,39.88838610505781,,,,
2025-07-15 05:25:34.000,2025-07-15 05:26:35,2056270940702081260,,,,,49.0
2025-07-15 05:25:43.000,2025-07-15 05:25:44,2056270723181183212,,54.0,,,
2025-07-15 05:25:44.000,2025-07-15 05:26:35,2056270940702097644,,,,,50.0
2025-07-15 05:25:54.000,2025-07-15 05:26:35,2056270940702130412,,,,,53.0
2025-07-15 05:26:05.000,2025-07-15 05:26:35,2056270940702146796,,,,,62.0
2025-07-15 05:26:15.000,2025-07-15 05:26:35,2056270940702179564,,,,,77.0
2025-07-15 05:26:19.000,2025-07-15 05:27:36,2056271195799552236,82.28252884490732,,50.0,499690.0,
2025-07-15 05:26:25.000,2025-07-15 05:27:36,2056271195803762924,,,,,85.0
2025-07-15 05:26:36.000,2025-07-15 05:27:36,2056271195803779308,,,,,89.0
2025-07-15 05:26:44.000,2025-07-15 05:26:44,2056270977850933484,,48.0,,,
2025-07-15 05:26:46.000,2025-07-15 05:27:36,2056271195803812076,,,,,88.0
2025-07-15 05:26:48.000,2025-07-15 05:27:36,2056271195803828460,85.63835369504962,,,,
2025-07-15 05:26:57.000,2025-07-15 05:27:36,2056271195803877612,,,,,82.0
2025-07-15 05:27:03.000,2025-07-15 05:27:36,2056271195803926764,66.99982097328798,,,,
2025-07-15 05:27:07.000,2025-07-15 05:27:36,2056271195803943148,,,,,49.0
2025-07-15 05:27:12.000,2025-07-15 05:27:36,2056271195803975916,6.544969658058981,,,,
2025-07-15 05:27:17.000,2025-07-15 05:28:37,2056271451433992428,,,,,28.0
2025-07-15 05:27:19.000,2025-07-15 05:28:37,2056271451442381036,,,50.0,499750.0,
2025-07-15 05:27:21.000,2025-07-15 05:28:37,2056271451442413804,27.850383055430378,,,,
2025-07-15 05:27:28.000,2025-07-15 05:28:37,2056271451442430188,42.944186879194014,,,,42.0
2025-07-15 05:27:38.000,2025-07-15 05:28:37,2056271451442462956,,,,,67.0
2025-07-15 05:27:45.000,2025-07-15 05:27:45,2056271232608764140,,56.00000000000001,,,
2025-07-15 05:27:59.000,2025-07-15 05:28:37,2056271451442544876,,,,,47.0
2025-07-15 05:28:04.000,2025-07-15 05:28:37,2056271451442561260,36.42144122676511,,,,
2025-07-15 05:28:09.000,2025-07-15 05:28:37,2056271451442577644,36.41588522535759,,,,37.0
2025-07-15 05:28:20.000,2025-07-15 05:29:38,2056271707173290220,,,50.0,499820.0,56.0
2025-07-15 05:28:30.000,2025-07-15 05:29:38,2056271707181695212,,,,,76.0
2025-07-15 05:28:41.000,2025-07-15 05:29:38,2056271707181727980,74.10224277256818,,,,75.0
2025-07-15 05:28:45.000,2025-07-15 05:28:46,2056271488239026412,,56.99999999999999,,,
2025-07-15 05:28:51.000,2025-07-15 05:29:38,2056271707181809900,,,,,44.0
2025-07-15 05:28:57.000,2025-07-15 05:29:38,2056271707181826284,16.868020273231807,,,,
2025-07-15 05:29:01.000,2025-07-15 05:29:38,2056271707181842668,,,,,28.0
2025-07-15 05:29:09.000,2025-07-15 05:29:38,2056271707181875436,29.980183594979845,,,,
2025-07-15 05:29:12.000,2025-07-15 05:29:38,2056271707181891820,,,,,30.000000000000004
2025-07-15 05:29:20.000,2025-07-15 05:32:06,2056272329066954988,,,50.0,499910.0,
2025-07-15 05:29:22.000,2025-07-15 05:32:06,2056272329075343596,,,,,46.0
2025-07-15 05:29:32.000,2025-07-15 05:32:06,2056272329075359980,,,,,33.0
2025-07-15 05:29:43.000,2025-07-15 05:32:06,2056272329075376364,,,,,45.0
2025-07-15 05:29:46.000,2025-07-15 05:29:57,2056271785321578732,,49.0,,,
2025-07-15 05:29:50.000,2025-07-15 05:32:06,2056272329075425516,64.76816040793398,,,,
2025-07-15 05:29:53.000,2025-07-15 05:32:06,2056272329075458284,,,,,71.0
2025-07-15 05:30:14.000,2025-07-15 05:32:06,2056272329075523820,,,,,76.0
2025-07-15 05:30:20.000,2025-07-15 05:32:06,2056272329075540204,,,50.0,500000.0,
2025-07-15 05:30:24.000,2025-07-15 05:32:06,2056272329075572972,,,,,77.0
2025-07-15 05:30:35.000,2025-07-15 05:32:06,2056272329075589356,,,,,76.0
2025-07-15 05:30:45.000,2025-07-15 05:32:06,2056272329075605740,,,,,79.0
2025-07-15 05:30:47.000,2025-07-15 05:31:27,2056272162162999532,,48.0,,,
2025-07-15 05:30:55.000,2025-07-15 05:32:06,2056272329075671276,,,,,82.0
2025-07-15 05:31:06.000,2025-07-15 05:32:06,2056272329075687660,,,,,79.0
2025-07-15 05:31:16.000,2025-07-15 05:32:06,2056272329075736812,,,,,81.0
2025-07-15 05:31:20.000,2025-07-15 05:32:06,2056272329075753196,84.11600930938903,,49.0,500050.0,
2025-07-15 05:31:27.000,2025-07-15 05:32:06,2056272329075785964,,,,,78.0
2025-07-15 05:31:37.000,2025-07-15 05:32:06,2056272329075802348,,,,,70.0
2025-07-15 05:31:47.000,2025-07-15 05:31:50,2056272261815468268,,53.0,,,
2025-07-15 05:31:47.000,2025-07-15 05:33:07,2056272583417938156,,,,,31.0
2025-07-15 05:31:58.000,2025-07-15 05:33:07,2056272583426359532,,,,,35.0
2025-07-15 05:32:08.000,2025-07-15 05:33:07,2056272583426474220,,,,,55.0
2025-07-15 05:32:18.000,2025-07-15 05:33:07,2056272583426490604,,,,,73.0
2025-07-15 05:32:21.000,2025-07-15 05:33:07,2056272583426506988,,,49.0,500110.00000000006,
2025-07-15 05:32:29.000,2025-07-15 05:33:07,2056272583426539756,,,,,80.0
2025-07-15 05:32:39.000,2025-07-15 05:33:07,2056272583426556140,,,,,79.0
2025-07-15 05:32:49.000,2025-07-15 05:32:52,2056272520557904108,,48.0,,,
2025-07-15 05:32:51.000,2025-07-15 05:34:08,2056272838460981484,77.21730756171792,,,,
2025-07-15 05:33:00.000,2025-07-15 05:34:08,2056272838461014252,,,,,76.0
2025-07-15 05:33:10.000,2025-07-15 05:34:08,2056272838461030636,,,,,75.0
2025-07-15 05:33:21.000,2025-07-15 05:34:08,2056272838461047020,,,49.0,500179.99999999994,49.0
2025-07-15 05:33:30.000,2025-07-15 05:34:08,2056272838461079788,29.620895503960195,,,,
2025-07-15 05:33:31.000,2025-07-15 05:34:08,2056272838461096172,,,,,33.0
2025-07-15 05:33:42.000,2025-07-15 05:34:08,2056272838461112556,,,,,52.0
2025-07-15 05:33:50.000,2025-07-15 05:33:52,2056272770567766252,,46.0,,,
2025-07-15 05:33:52.000,2025-07-15 05:35:09,2056273092845519084,,,,,60.99999999999999
2025-07-15 05:34:02.000,2025-07-15 05:35:09,2056273092845535468,,,,,72.0
2025-07-15 05:34:13.000,2025-07-15 05:35:09,2056273092845551852,,,,,74.0
2025-07-15 05:34:21.000,2025-07-15 05:35:09,2056273092845568236,,,49.0,500260.00000000006,
2025-07-15 05:34:33.000,2025-07-15 05:35:09,2056273092845617388,,,,,73.0
2025-07-15 05:34:44.000,2025-07-15 05:35:09,2056273092845633772,,,,,43.0
2025-07-15 05:34:51.000,2025-07-15 05:34:54,2056273030610419948,,55.00000000000001,,,
2025-07-15 05:34:54.000,2025-07-15 05:36:10,2056273349922799852,,,,,26.0
2025-07-15 05:35:01.000,2025-07-15 05:36:10,2056273349922832620,35.98436911604018,,,,
2025-07-15 05:35:05.000,2025-07-15 05:36:10,2056273349922849004,,,,,39.0
2025-07-15 05:35:15.000,2025-07-15 05:36:10,2056273349922865388,,,,,64.0
2025-07-15 05:35:21.000,2025-07-15 05:36:10,2056273349922881772,,,49.0,500310.00000000006,
2025-07-15 05:35:25.000,2025-07-15 05:36:10,2056273349922914540,,,,,68.0
2025-07-15 05:35:36.000,2025-07-15 05:36:10,2056273349922930924,,,,,73.0
2025-07-15 05:35:46.000,2025-07-15 05:36:10,2056273349922947308,57.64907060443123,,,,59.0
2025-07-15 05:35:52.000,2025-07-15 05:35:52,2056273276954476780,,43.0,,,
2025-07-15 05:35:56.000,2025-07-15 05:37:09,2056273599538413804,,,,,67.0
2025-07-15 05:36:07.000,2025-07-15 05:37:09,2056273599538430188,,,,,60.00000000000001
2025-07-15 05:36:17.000,2025-07-15 05:37:09,2056273599538462956,,,,,49.0
2025-07-15 05:36:21.000,2025-07-15 05:37:09,2056273599538479340,,,49.0,500360.0,
2025-07-15 05:36:25.000,2025-07-15 05:37:09,2056273599538512108,33.598992511744775,,,,
2025-07-15 05:36:28.000,2025-07-15 05:37:09,2056273599538528492,,,,,33.0
2025-07-15 05:36:38.000,2025-07-15 05:37:09,2056273599538544876,,,,,53.0
2025-07-15 05:36:49.000,2025-07-15 05:37:09,2056273599538561260,,,,,62.0
2025-07-15 05:36:53.000,2025-07-15 05:36:53,2056273532920266988,,46.0,,,
2025-07-15 05:36:59.000,2025-07-15 05:38:18,2056273887544525036,,,,,71.0
2025-07-15 05:37:09.000,2025-07-15 05:38:18,2056273887544639724,,,,,75.0
2025-07-15 05:37:20.000,2025-07-15 05:38:18,2056273887544656108,,,,,73.0
2025-07-15 05:37:22.000,2025-07-15 05:38:18,2056273887544672492,,,49.0,500430.00000000006,
2025-07-15 05:37:30.000,2025-07-15 05:38:18,2056273887544705260,,,,,80.0
2025-07-15 05:37:40.000,2025-07-15 05:38:18,2056273887544721644,,,,,78.0
2025-07-15 05:37:51.000,2025-07-15 05:39:11,2056274108601073900,,,,,76.0
2025-07-15 05:37:53.000,2025-07-15 05:37:56,2056273795974430956,,45.0,,,
2025-07-15 05:37:56.000,2025-07-15 05:39:11,2056274108609495276,74.75785093865558,,,,
2025-07-15 05:38:01.000,2025-07-15 05:39:11,2056274108609511660,,,,,77.0
2025-07-15 05:38:11.000,2025-07-15 05:39:11,2056274108609528044,,,,,80.0
2025-07-15 05:38:22.000,2025-07-15 05:39:11,2056274108609544428,,,49.0,500460.00000000006,73.0
2025-07-15 05:38:32.000,2025-07-15 05:39:11,2056274108609577196,,,,,74.0
2025-07-15 05:38:43.000,2025-07-15 05:39:11,2056274108609593580,,,,,60.99999999999999
2025-07-15 05:38:52.000,2025-07-15 05:40:12,2056274363597979884,28.18559514035077,,,,
2025-07-15 05:38:53.000,2025-07-15 05:40:12,2056274363606368492,,,,,30.000000000000004
2025-07-15 05:38:54.000,2025-07-15 05:38:55,2056274044298199276,,46.0,,,
2025-07-15 05:38:58.000,2025-07-15 05:40:12,2056274363606417644,34.24719267595548,,,,
2025-07-15 05:39:03.000,2025-07-15 05:40:12,2056274363606434028,,,,,50.0
2025-07-15 05:39:14.000,2025-07-15 05:40:12,2056274363606450412,,,,,60.00000000000001
2025-07-15 05:39:21.000,2025-07-15 05:40:12,2056274363606466796,51.537469056158834,,,,
2025-07-15 05:39:22.000,2025-07-15 05:40:12,2056274363606483180,,,49.0,500490.0,
2025-07-15 05:39:24.000,2025-07-15 05:40:12,2056274363606515948,,,,,48.0
2025-07-15 05:39:35.000,2025-07-15 05:40:12,2056274363606532332,,,,,38.0
2025-07-15 05:39:43.000,2025-07-15 05:40:12,2056274363606548716,35.47692098748665,,,,
2025-07-15 05:39:45.000,2025-07-15 05:40:12,2056274363606565100,,,,,34.0
2025-07-15 05:39:53.000,2025-07-15 05:41:12,2056274617219154156,46.635223814256705,,,,
2025-07-15 05:39:55.000,2025-07-15 05:39:57,2056274303502024940,,36.0,,,
2025-07-15 05:39:55.000,2025-07-15 05:41:12,2056274617227542764,,,,,57.0
2025-07-15 05:40:06.000,2025-07-15 05:41:12,2056274617227591916,,,,,70.0
2025-07-15 05:40:16.000,2025-07-15 05:41:12,2056274617227608300,,,,,77.0
2025-07-15 05:40:23.000,2025-07-15 05:41:12,2056274617227624684,,,49.0,500539.99999999994,
2025-07-15 05:40:27.000,2025-07-15 05:41:12,2056274617227657452,,,,,82.0
2025-07-15 05:40:37.000,2025-07-15 05:41:12,2056274617227673836,,,,,80.0
2025-07-15 05:40:47.000,2025-07-15 05:41:12,2056274617227690220,,,,,76.0
2025-07-15 05:40:56.000,2025-07-15 05:40:57,2056274554916962540,,46.0,,,
2025-07-15 05:40:58.000,2025-07-15 05:42:13,2056274872044093676,,,,,65.0
2025-07-15 05:41:08.000,2025-07-15 05:42:13,2056274872044142828,,,,,30.000000000000004
2025-07-15 05:41:17.000,2025-07-15 05:42:13,2056274872044191980,36.89184934593517,,,,
2025-07-15 05:41:19.000,2025-07-15 05:42:13,2056274872044208364,,,,,44.0
2025-07-15 05:41:23.000,2025-07-15 05:42:13,2056274872044224748,,,49.0,500659.99999999994,
2025-07-15 05:41:29.000,2025-07-15 05:42:13,2056274872044257516,69.1814775259743,,,,71.0
2025-07-15 05:41:39.000,2025-07-15 05:42:13,2056274872044273900,,,,,74.0
2025-07-15 05:41:50.000,2025-07-15 05:42:13,2056274872044290284,,,,,68.0
2025-07-15 05:41:57.000,2025-07-15 05:42:04,2056274835171967212,,54.0,,,
2025-07-15 05:42:00.000,2025-07-15 05:43:14,2056275127674372332,,,,,43.0
2025-07-15 05:42:07.000,2025-07-15 05:43:14,2056275127674454252,26.553982727008957,,,,
2025-07-15 05:42:10.000,2025-07-15 05:43:14,2056275127674503404,,,,,41.0
2025-07-15 05:42:16.000,2025-07-15 05:43:14,2056275127674519788,52.31530925321168,,,,
2025-07-15 05:42:21.000,2025-07-15 05:43:14,2056275127674536172,,,,,63.0
2025-07-15 05:42:23.000,2025-07-15 05:43:14,2056275127674552556,,,48.0,500730.0,
2025-07-15 05:42:31.000,2025-07-15 05:43:14,2056275127674585324,,,,,62.0
2025-07-15 05:42:42.000,2025-07-15 05:43:14,2056275127674601708,,,,,70.0
2025-07-15 05:42:52.000,2025-07-15 05:43:14,2056275127674618092,,,,,51.0
2025-07-15 05:42:58.000,2025-07-15 05:42:59,2056275064436818156,,66.0,,,
2025-07-15 05:43:02.000,2025-07-15 05:44:14,2056275381559787756,,,,,11.0
2025-07-15 05:43:13.000,2025-07-15 05:44:14,2056275381559804140,,,,,58.0
2025-07-15 05:43:22.000,2025-07-15 05:44:14,2056275381559820524,39.2124059338095,,,,
2025-07-15 05:43:23.000,2025-07-15 05:44:14,2056275381559836908,,,48.0,500769.99999999994,38.0
2025-07-15 05:43:29.000,2025-07-15 05:44:14,2056275381559869676,35.851025082259696,,,,
2025-07-15 05:43:34.000,2025-07-15 05:44:14,2056275381559886060,,,,,44.0
2025-07-15 05:43:44.000,2025-07-15 05:44:14,2056275381559902444,,,,,60.00000000000001
2025-07-15 05:43:54.000,2025-07-15 05:44:14,2056275381559918828,,,,,60.99999999999999
2025-07-15 05:43:58.000,2025-07-15 05:43:59,2056275317823111404,,46.0,,,
2025-07-15 05:44:05.000,2025-07-15 05:45:19,2056275652448895212,,,,,69.0
2025-07-15 05:44:09.000,2025-07-15 05:45:19,2056275652448911596,66.07382073870126,,,,
2025-07-15 05:44:15.000,2025-07-15 05:45:19,2056275652448927980,,,,,72.0
2025-07-15 05:44:23.000,2025-07-15 05:45:19,2056275652448944364,,,48.0,500900.00000000006,
2025-07-15 05:44:26.000,2025-07-15 05:45:19,2056275652448960748,,,,,74.0
2025-07-15 05:44:46.000,2025-07-15 05:45:19,2056275652448993516,,,,,76.0
2025-07-15 05:44:57.000,2025-07-15 05:46:16,2056275891478069484,,,,,73.0
2025-07-15 05:44:59.000,2025-07-15 05:45:00,2056275573671461100,,46.0,,,
2025-07-15 05:45:07.000,2025-07-15 05:46:16,2056275891478102252,,,,,75.0
2025-07-15 05:45:17.000,2025-07-15 05:46:16,2056275891478118636,,,,,81.0
2025-07-15 05:45:24.000,2025-07-15 05:46:16,2056275891478135020,,,48.0,501020.00000000006,
2025-07-15 05:45:28.000,2025-07-15 05:46:16,2056275891478167788,,,,,83.0
2025-07-15 05:45:38.000,2025-07-15 05:46:16,2056275891478184172,84.9494095205171,,,,86.0
2025-07-15 05:45:49.000,2025-07-15 05:46:16,2056275891478200556,,,,,83.0
2025-07-15 05:45:59.000,2025-07-15 05:47:17,2056276146407866604,,,,,77.0
2025-07-15 05:46:00.000,2025-07-15 05:46:01,2056275828823572716,,48.0,,,
2025-07-15 05:46:09.000,2025-07-15 05:47:17,2056276146407899372,,,,,71.0
2025-07-15 05:46:24.000,2025-07-15 05:47:17,2056276146407948524,,,48.0,501089.99999999994,
2025-07-15 05:46:30.000,2025-07-15 05:47:17,2056276146407981292,,,,,68.0
2025-07-15 05:46:41.000,2025-07-15 05:47:17,2056276146407997676,,,,,78.0
2025-07-15 05:47:01.000,2025-07-15 05:47:02,2056276083929514220,,43.0,,,
2025-07-15 05:47:01.000,2025-07-15 05:48:17,2056276401706762476,,,,,79.0
2025-07-15 05:47:10.000,2025-07-15 05:48:17,2056276401711022316,82.3677208664893,,,,
2025-07-15 05:47:12.000,2025-07-15 05:48:17,2056276401711055084,,,,,85.0
2025-07-15 05:47:22.000,2025-07-15 05:48:17,2056276401711071468,,,,,77.0
2025-07-15 05:47:24.000,2025-07-15 05:48:17,2056276401711087852,,,48.0,501150.0,
2025-07-15 05:47:32.000,2025-07-15 05:48:17,2056276401711120620,,,,,78.0
2025-07-15 05:47:43.000,2025-07-15 05:48:17,2056276401711137004,,,,,69.0
2025-07-15 05:47:53.000,2025-07-15 05:48:17,2056276401711153388,,,,,77.0
2025-07-15 05:48:02.000,2025-07-15 05:48:03,2056276339861749996,,53.0,,,
2025-07-15 05:48:04.000,2025-07-15 05:49:18,2056276655994831084,,,,,76.0
2025-07-15 05:48:14.000,2025-07-15 05:49:18,2056276655999041772,,,,,70.0
2025-07-15 05:48:24.000,2025-07-15 05:49:18,2056276655999058156,,,48.0,501190.0,65.0
2025-07-15 05:48:35.000,2025-07-15 05:49:18,2056276655999090924,,,,,76.0
2025-07-15 05:48:40.000,2025-07-15 05:49:18,2056276655999107308,75.67459117089643,,,,
2025-07-15 05:48:45.000,2025-07-15 05:49:18,2056276655999123692,,,,,74.0
2025-07-15 05:48:56.000,2025-07-15 05:49:18,2056276655999140076,,,,,80.0
2025-07-15 05:49:03.000,2025-07-15 05:49:04,2056276597324906732,,46.0,,,
2025-07-15 05:49:06.000,2025-07-15 05:50:19,2056276911889318124,,,,,79.0
2025-07-15 05:49:16.000,2025-07-15 05:50:19,2056276911889334508,,,,,77.0
2025-07-15 05:49:25.000,2025-07-15 05:50:19,2056276911889350892,,,48.0,501240.0,
2025-07-15 05:49:27.000,2025-07-15 05:50:19,2056276911889367276,,,,,82.0
2025-07-15 05:49:37.000,2025-07-15 05:50:19,2056276911889400044,,,,,78.0
2025-07-15 05:49:47.000,2025-07-15 05:50:19,2056276911889416428,,,,,71.0
2025-07-15 05:49:58.000,2025-07-15 05:50:19,2056276911889432812,,,,,66.0
2025-07-15 05:50:04.000,2025-07-15 05:50:05,2056276852044988652,,45.0,,,
2025-07-15 05:50:08.000,2025-07-15 05:51:20,2056277167049818348,,,,,60.99999999999999
2025-07-15 05:50:10.000,2025-07-15 05:51:20,2056277167049834732,59.93629118386043,,,,
2025-07-15 05:50:19.000,2025-07-15 05:51:20,2056277167049851116,,,,,62.0
2025-07-15 05:50:25.000,2025-07-15 05:51:20,2056277167049867500,,,48.0,501280.0,
2025-07-15 05:50:29.000,2025-07-15 05:51:20,2056277167049900268,,,,,63.0
2025-07-15 05:50:39.000,2025-07-15 05:51:20,2056277167049916652,,,,,64.0
2025-07-15 05:50:50.000,2025-07-15 05:51:20,2056277167049933036,,,,,60.99999999999999
2025-07-15 05:51:00.000,2025-07-15 05:52:21,2056277424412295404,,,,,59.0
2025-07-15 05:51:05.000,2025-07-15 05:51:07,2056277112721015020,,53.0,,,
2025-07-15 05:51:11.000,2025-07-15 05:52:21,2056277424416538860,,,,,58.0
2025-07-15 05:51:21.000,2025-07-15 05:52:21,2056277424416571628,,,,,20.0
2025-07-15 05:51:25.000,2025-07-15 05:52:21,2056277424416588012,,,48.0,501340.00000000006,
2025-07-15 05:51:31.000,2025-07-15 05:52:21,2056277424416620780,,,,,30.000000000000004
2025-07-15 05:51:41.000,2025-07-15 05:52:21,2056277424416637164,47.696420083093095,,,,
2025-07-15 05:51:42.000,2025-07-15 05:52:21,2056277424416653548,,,,,53.0
2025-07-15 05:51:52.000,2025-07-15 05:52:21,2056277424416669932,,,,,52.0
2025-07-15 05:52:03.000,2025-07-15 05:53:21,2056277674665443564,,,,,39.0
2025-07-15 05:52:05.000,2025-07-15 05:53:21,2056277674673832172,36.38254921691247,,,,
2025-07-15 05:52:06.000,2025-07-15 05:52:07,2056277365293662444,,41.0,,,
2025-07-15 05:52:10.000,2025-07-15 05:53:21,2056277674673864940,43.74239908140777,,,,
2025-07-15 05:52:13.000,2025-07-15 05:53:21,2056277674673897708,,,,,42.0
2025-07-15 05:52:17.000,2025-07-15 05:53:21,2056277674673979628,32.36926420021361,,,,
2025-07-15 05:52:21.000,2025-07-15 05:53:21,2056277674673996012,41.866322606135064,,,,
2025-07-15 05:52:23.000,2025-07-15 05:53:21,2056277674674012396,,,,,48.0
2025-07-15 05:52:25.000,2025-07-15 05:53:21,2056277674674028780,,,48.0,501400.0,
2025-07-15 05:52:34.000,2025-07-15 05:53:21,2056277674674061548,,,,,15.000000000000002
2025-07-15 05:52:41.000,2025-07-15 05:53:21,2056277674674077932,22.67589374455975,,,,
2025-07-15 05:52:44.000,2025-07-15 05:53:21,2056277674674094316,,,,,38.0
2025-07-15 05:52:54.000,2025-07-15 05:53:21,2056277674674110700,,,,,55.0
2025-07-15 05:53:07.000,2025-07-15 05:53:07,2056277617480302828,,41.0,,,
2025-07-15 05:53:15.000,2025-07-15 05:54:22,2056277929033236716,,,,,50.0
2025-07-15 05:53:26.000,2025-07-15 05:54:22,2056277929033253100,,,48.0,501470.00000000006,42.0
2025-07-15 05:53:36.000,2025-07-15 05:54:22,2056277929033285868,,,,,26.0
2025-07-15 05:53:47.000,2025-07-15 05:54:22,2056277929033302252,,,,,41.0
2025-07-15 05:53:57.000,2025-07-15 05:54:22,2056277929033318636,,,,,36.0
2025-07-15 05:54:07.000,2025-07-15 05:55:22,2056278183803617516,,,,,54.0
2025-07-15 05:54:08.000,2025-07-15 05:54:08,2056277873781637356,,43.0,,,
2025-07-15 05:54:10.000,2025-07-15 05:55:22,2056278183803633900,52.737565360183225,,,,
2025-07-15 05:54:18.000,2025-07-15 05:55:22,2056278183803666668,,,,,49.0
2025-07-15 05:54:26.000,2025-07-15 05:55:22,2056278183803683052,,,48.0,501510.0,
2025-07-15 05:54:28.000,2025-07-15 05:55:22,2056278183803699436,,,,,17.0
2025-07-15 05:54:38.000,2025-07-15 05:55:22,2056278183803732204,,,,,25.0
2025-07-15 05:54:49.000,2025-07-15 05:55:22,2056278183803748588,,,,,39.0
2025-07-15 05:55:05.000,2025-07-15 05:56:23,2056278438473367788,6.159753560470903,,,,
2025-07-15 05:55:09.000,2025-07-15 05:55:13,2056278145023082732,,60.0,,,
2025-07-15 05:55:10.000,2025-07-15 05:56:23,2056278438481772780,,,,,14.0
2025-07-15 05:55:17.000,2025-07-15 05:56:23,2056278438481805548,24.887182304752855,,,,
2025-07-15 05:55:20.000,2025-07-15 05:56:23,2056278438481821932,,,,,30.000000000000004
2025-07-15 05:55:26.000,2025-07-15 05:56:23,2056278438481838316,,,47.0,501670.00000000006,
2025-07-15 05:55:30.000,2025-07-15 05:56:23,2056278438481871084,,,,,19.0
2025-07-15 05:55:41.000,2025-07-15 05:56:23,2056278438481887468,,,,,29.0
2025-07-15 05:55:44.000,2025-07-15 05:56:23,2056278438481903852,28.785643292362966,,,,
2025-07-15 05:55:51.000,2025-07-15 05:56:23,2056278438481920236,,,,,27.0
2025-07-15 05:56:02.000,2025-07-15 05:56:23,2056278438481953004,,,,,10.0
2025-07-15 05:56:10.000,2025-07-15 05:56:10,2056278384752722156,,41.0,,,
2025-07-15 05:56:12.000,2025-07-15 05:57:24,2056278693113757932,,,,,19.0
2025-07-15 05:56:22.000,2025-07-15 05:57:24,2056278693113790700,,,,,29.0
2025-07-15 05:56:27.000,2025-07-15 05:57:24,2056278693113807084,,,47.0,501739.99999999994,
2025-07-15 05:56:33.000,2025-07-15 05:57:24,2056278693113839852,,,,,27.0
2025-07-15 05:56:43.000,2025-07-15 05:57:24,2056278693113856236,26.79103878706316,,,,
2025-07-15 05:56:54.000,2025-07-15 05:57:24,2056278693113872620,30.189459647996443,,,,30.000000000000004
2025-07-15 05:57:04.000,2025-07-15 05:58:25,2056278948576231660,,,,,23.0
2025-07-15 05:57:10.000,2025-07-15 05:57:10,2056278637279183084,,56.99999999999999,,,
2025-07-15 05:57:14.000,2025-07-15 05:58:25,2056278948584620268,,,,,20.0
2025-07-15 05:57:20.000,2025-07-15 05:58:25,2056278948584734956,9.269262348213129,,,,
2025-07-15 05:57:25.000,2025-07-15 05:58:25,2056278948584751340,,,,,12.0
2025-07-15 05:57:27.000,2025-07-15 05:58:25,2056278948584767724,,,47.0,501780.00000000006,
2025-07-15 05:57:35.000,2025-07-15 05:58:25,2056278948584800492,,,,,9.0
2025-07-15 05:57:45.000,2025-07-15 05:58:25,2056278948584833260,,,,,0.0
2025-07-15 05:57:55.000,2025-07-15 05:58:25,2056278948585111788,,,,,1.0
2025-07-15 05:58:06.000,2025-07-15 05:58:53,2056279069296689388,,,,,0.0
2025-07-15 05:58:12.000,2025-07-15 05:58:12,2056278896210346220,,46.0,,,
2025-07-15 05:58:27.000,2025-07-15 05:58:53,2056279069301555436,,,,501810.0,
2025-07-15 05:58:28.000,2025-07-15 05:58:53,2056279069301571820,,,48.0,,
2025-07-15 05:58:51.000,2025-07-15 05:59:54,2056279324457222380,0.0,,,,
2025-07-15 05:59:28.000,2025-07-15 05:59:54,2056279324465627372,,,48.0,,
2025-07-15 06:00:28.000,2025-07-15 06:00:55,2056279579814871276,,,48.0,,
2025-07-15 06:01:29.000,2025-07-15 06:01:56,2056279834853753068,,,48.0,,
2025-07-15 06:02:29.000,2025-07-15 06:02:57,2056280089544442092,,,48.0,,
2025-07-15 06:03:30.000,2025-07-15 06:03:57,2056280344205820140,,,48.0,,
2025-07-15 06:03:52.000,2025-07-15 06:04:58,2056280599399792876,0.0814880206436319,,,,
2025-07-15 06:04:30.000,2025-07-15 06:04:58,2056280599399874796,,,48.0,,
2025-07-15 06:05:31.000,2025-07-15 06:05:59,2056280854564552940,,,48.0,,
2025-07-15 06:06:31.000,2025-07-15 06:07:00,2056281109674688748,,,48.0,,
2025-07-15 06:31:55.000,2025-07-15 06:32:50,2056287611097481452,,,48.0,,
2025-07-15 06:32:55.000,2025-07-15 06:33:51,2056287866123813100,,,48.0,,
2025-07-15 06:33:33.000,2025-07-15 06:34:51,2056288120789270764,0.1277880323729682,,,,
2025-07-15 06:33:56.000,2025-07-15 06:34:51,2056288120831246572,,,48.0,,
2025-07-15 06:34:56.000,2025-07-15 06:35:52,2056288375815569644,,,48.0,,
2025-07-15 06:35:56.000,2025-07-15 06:36:54,2056288633937232108,,,48.0,,
2025-07-15 06:36:57.000,2025-07-15 06:37:20,2056288745346351340,,,48.0,,
2025-07-15 06:38:23.000,2025-07-15 06:39:18,2056289238239953132,,,48.0,,
2025-07-15 06:39:20.000,2025-07-15 06:40:19,2056289494180593900,0.0,,,,
2025-07-15 06:39:23.000,2025-07-15 06:40:19,2056289494180610284,,,48.0,,
2025-07-15 06:40:23.000,2025-07-15 06:41:20,2056289750943285484,,,48.0,,
2025-07-15 06:41:24.000,2025-07-15 06:42:20,2056290001947230444,,,48.0,,
2025-07-15 06:42:24.000,2025-07-15 06:43:21,2056290256596009196,,,48.0,,
2025-07-15 06:43:25.000,2025-07-15 06:44:22,2056290513283875052,,,48.0,,
2025-07-15 06:44:25.000,2025-07-15 06:45:22,2056290763968381164,,,48.0,,
2025-07-15 06:45:25.000,2025-07-16 06:46:22,2056653403156676844,,,48.0,,
2025-07-16 06:45:32.000,2025-07-16 06:46:23,2056653408961560812,,,48.0,,
2025-07-17 06:46:39.000,2025-07-17 06:47:30,2057016078898299116,,,48.0,,
2025-07-17 16:33:05.000,2025-07-17 16:33:57,2057163661071384812,,,48.0,,
2025-07-17 16:33:46.000,2025-07-17 16:34:11,2057163722467672300,,,,,6.0
2025-07-17 16:33:49.000,2025-07-17 16:33:50,2057163633271898348,,45.0,,,
2025-07-17 16:33:56.000,2025-07-17 16:36:40,2057164345036751084,,,,,8.0
2025-07-17 16:34:04.000,2025-07-17 16:36:40,2057164345078448364,6.444961632723614,,,,
2025-07-17 16:34:05.000,2025-07-17 16:36:40,2057164345078464748,,,48.0,501820.00000000006,
2025-07-17 16:34:17.000,2025-07-17 16:36:40,2057164345078513900,,,,,27.0
2025-07-17 16:34:18.000,2025-07-17 16:36:40,2057164345078530284,26.781778784717297,,,,
2025-07-17 16:34:27.000,2025-07-17 16:36:40,2057164345078546668,,,,,26.0
2025-07-17 16:34:38.000,2025-07-17 16:36:40,2057164345078595820,,,,,18.0
2025-07-17 16:34:45.000,2025-07-17 16:36:40,2057164345078628588,9.324822362288334,,,,
2025-07-17 16:34:48.000,2025-07-17 16:36:40,2057164345078661356,,,,,17.0
2025-07-17 16:34:51.000,2025-07-17 16:34:52,2057163895063183596,,45.0,,,
2025-07-17 16:34:58.000,2025-07-17 16:36:40,2057164345078694124,25.955786575465936,,,,24.0
2025-07-17 16:35:06.000,2025-07-17 16:36:40,2057164345078710508,,,47.0,501889.99999999994,
2025-07-17 16:35:09.000,2025-07-17 16:36:40,2057164345078743276,,,,,21.0
2025-07-17 16:35:19.000,2025-07-17 16:36:40,2057164345078759660,,,,,16.0
2025-07-17 16:35:26.000,2025-07-17 16:36:40,2057164345078776044,13.943711532406923,,,,
2025-07-17 16:35:29.000,2025-07-17 16:36:40,2057164345078792428,,,,,18.0
2025-07-17 16:35:39.000,2025-07-17 16:36:40,2057164345078825196,4.981881262076587,,,,
2025-07-17 16:35:40.000,2025-07-17 16:36:40,2057164345078841580,,,,,4.0
2025-07-17 16:35:50.001,2025-07-17 16:36:40,2057164345079005420,,,,,0.0
2025-07-17 16:35:56.000,2025-07-17 16:35:57,2057164167143489772,,53.0,,,
2025-07-17 16:36:00.000,2025-07-17 16:36:40,2057164345079185644,,,,,29.0
2025-07-17 16:36:06.000,2025-07-17 16:36:40,2057164345079202028,,,47.0,501940.00000000006,
2025-07-17 16:36:11.000,2025-07-17 16:36:40,2057164345079234796,,,,,18.0
2025-07-17 16:36:13.000,2025-07-17 16:36:40,2057164345079251180,25.000154333372436,,,,
2025-07-17 16:36:21.000,2025-07-17 16:37:41,2057164601140707564,,,,,33.0
2025-07-17 16:36:29.000,2025-07-17 16:37:41,2057164601182650604,27.60036299209196,,,,
2025-07-17 16:36:31.000,2025-07-17 16:37:41,2057164601182666988,,,,,23.0
2025-07-17 16:36:42.000,2025-07-17 16:37:41,2057164601182699756,,,,,43.0
2025-07-17 16:36:52.000,2025-07-17 16:37:41,2057164601182716140,,,,,20.0
2025-07-17 16:36:53.000,2025-07-17 16:37:41,2057164601182732524,23.75931401902622,,,,
2025-07-17 16:36:58.000,2025-07-17 16:36:59,2057164427098063084,,41.0,,,
2025-07-17 16:37:03.000,2025-07-17 16:37:41,2057164601182765292,,,,,17.0
2025-07-17 16:37:07.000,2025-07-17 16:37:41,2057164601182781676,,,47.0,502000.0,
2025-07-17 16:37:08.000,2025-07-17 16:37:41,2057164601182798060,38.16787766919568,,,,
2025-07-17 16:37:13.000,2025-07-17 16:37:41,2057164601182814444,,,,,40.0
2025-07-17 16:37:23.000,2025-07-17 16:38:42,2057164857026822380,,,,,36.0
2025-07-17 16:37:34.000,2025-07-17 16:38:42,2057164857026838764,,,,,18.0
2025-07-17 16:37:40.000,2025-07-17 16:38:42,2057164857026871532,27.5836949878694,,,,
2025-07-17 16:37:44.000,2025-07-17 16:38:42,2057164857026887916,,,,,37.0
2025-07-17 16:37:55.000,2025-07-17 16:38:42,2057164857026904300,,,,,42.0
2025-07-17 16:37:59.000,2025-07-17 16:38:01,2057164684942901484,,51.0,,,
2025-07-17 16:38:05.000,2025-07-17 16:38:42,2057164857026953452,,,,,52.0
2025-07-17 16:38:07.000,2025-07-17 16:38:42,2057164857026969836,,,47.0,502040.0,
2025-07-17 16:38:15.000,2025-07-17 16:38:42,2057164857027002604,,,,,13.0
2025-07-17 16:38:20.000,2025-07-17 16:38:42,2057164857027018988,14.614135702247713,,,,
2025-07-17 16:38:26.000,2025-07-17 16:39:43,2057165112388616428,,,,,40.0
2025-07-17 16:38:36.000,2025-07-17 16:39:43,2057165112388632812,,,,,39.0
2025-07-17 16:38:46.000,2025-07-17 16:39:43,2057165112388665580,,,,,48.0
2025-07-17 16:38:57.000,2025-07-17 16:39:43,2057165112388780268,,,,,60.99999999999999
2025-07-17 16:39:00.000,2025-07-17 16:39:04,2057164950580756716,,46.0,,,
2025-07-17 16:39:07.000,2025-07-17 16:39:43,2057165112388829420,,,47.0,502129.99999999994,68.0
2025-07-17 16:39:17.000,2025-07-17 16:39:43,2057165112388862188,,,,,57.0
2025-07-17 16:39:28.000,2025-07-17 16:40:43,2057165367372939500,18.55704470111799,,,,20.0
2025-07-17 16:39:38.000,2025-07-17 16:40:43,2057165367414964460,,,,,55.0
2025-07-17 16:39:46.000,2025-07-17 16:40:43,2057165367414997228,39.1012859056591,,,,
2025-07-17 16:39:49.000,2025-07-17 16:40:43,2057165367415013612,,,,,39.0
2025-07-17 16:39:52.000,2025-07-17 16:40:43,2057165367415029996,41.257014451776996,,,,
2025-07-17 16:39:58.000,2025-07-17 16:40:43,2057165367415046380,34.699080790433804,,,,
2025-07-17 16:39:59.000,2025-07-17 16:40:43,2057165367415062764,,,,,40.0
2025-07-17 16:40:01.000,2025-07-17 16:40:02,2057165194919985388,,41.0,,,
2025-07-17 16:40:03.000,2025-07-17 16:40:43,2057165367415079148,44.55172328643657,,,,
2025-07-17 16:40:07.000,2025-07-17 16:40:43,2057165367415095532,,,46.0,502179.99999999994,
2025-07-17 16:40:09.000,2025-07-17 16:40:43,2057165367415111916,,,,,63.0
2025-07-17 16:40:20.000,2025-07-17 16:40:43,2057165367415128300,,,,,60.99999999999999
2025-07-17 16:40:25.000,2025-07-17 16:41:44,2057165622436954348,62.22165976282048,,,,
2025-07-17 16:40:30.000,2025-07-17 16:41:44,2057165622483091692,,,,,71.0
2025-07-17 16:40:41.000,2025-07-17 16:41:44,2057165622483124460,,,,,80.0
2025-07-17 16:40:51.000,2025-07-17 16:41:44,2057165622483140844,,,,,84.0
2025-07-17 16:41:02.000,2025-07-17 16:41:04,2057165452865470700,,45.0,,,
2025-07-17 16:41:02.000,2025-07-17 16:41:44,2057165622483157228,,,,,87.0
2025-07-17 16:41:08.000,2025-07-17 16:41:44,2057165622483206380,,,46.0,502320.0,
2025-07-17 16:41:12.000,2025-07-17 16:41:44,2057165622483239148,,,,,84.0
2025-07-17 16:41:22.000,2025-07-17 16:41:44,2057165622483255532,,,,,93.0
2025-07-17 16:41:33.000,2025-07-17 16:42:45,2057165879082221804,,,,,90.0
2025-07-17 16:41:43.000,2025-07-17 16:42:45,2057165879082254572,,,,,81.0
2025-07-17 16:41:53.000,2025-07-17 16:42:45,2057165879082270956,,,,,82.0
2025-07-17 16:41:54.000,2025-07-17 16:42:45,2057165879082287340,81.04539253149944,,,,
2025-07-17 16:42:03.000,2025-07-17 16:42:05,2057165710831927532,,45.0,,,
2025-07-17 16:42:04.000,2025-07-17 16:42:45,2057165879082303724,,,,,85.0
2025-07-17 16:42:08.000,2025-07-17 16:42:45,2057165879082336492,,,46.0,502460.00000000006,
2025-07-17 16:42:25.000,2025-07-17 16:43:45,2057166130056790252,,,,,89.0
2025-07-17 16:42:35.000,2025-07-17 16:43:45,2057166130098733292,,,,,93.0
2025-07-17 16:42:45.000,2025-07-17 16:43:45,2057166130098766060,,,,,95.0
2025-07-17 16:42:56.000,2025-07-17 16:43:45,2057166130098782444,,,,,88.0
2025-07-17 16:43:04.000,2025-07-17 16:43:05,2057165962817306860,,50.0,,,
2025-07-17 16:43:08.000,2025-07-17 16:43:45,2057166130098831596,,,46.0,502600.0,
2025-07-17 16:43:16.000,2025-07-17 16:43:45,2057166130098864364,,,,,81.0
2025-07-17 16:43:26.000,2025-07-17 16:44:46,2057166385779556588,78.61927191688223,,,,
2025-07-17 16:43:27.000,2025-07-17 16:44:46,2057166385779605740,,,,,80.0
2025-07-17 16:43:37.000,2025-07-17 16:44:46,2057166385779622124,,,,,85.0
2025-07-17 16:43:48.000,2025-07-17 16:44:46,2057166385779654892,,,,,83.0
2025-07-17 16:44:05.000,2025-07-17 16:44:07,2057166220540526828,,45.0,,,
2025-07-17 16:44:08.000,2025-07-17 16:44:46,2057166385779802348,,,46.0,502659.99999999994,77.0
2025-07-17 16:44:19.000,2025-07-17 16:44:46,2057166385779835116,,,,,80.0
2025-07-17 16:44:29.000,2025-07-17 16:45:50,2057166653837295852,,,,,76.0
2025-07-17 16:44:40.000,2025-07-17 16:45:50,2057166653837312236,,,,,73.0
2025-07-17 16:44:48.000,2025-07-17 16:45:50,2057166653837345004,63.632884120330644,,,,
2025-07-17 16:44:50.000,2025-07-17 16:45:50,2057166653837361388,,,,,69.0
2025-07-17 16:45:00.000,2025-07-17 16:45:50,2057166653837377772,,,,,84.0
2025-07-17 16:45:06.000,2025-07-17 16:45:08,2057166476162433260,,41.0,,,
2025-07-17 16:45:09.000,2025-07-17 16:45:50,2057166653837410540,,,46.0,502790.00000000006,
2025-07-17 16:45:11.000,2025-07-17 16:45:50,2057166653837426924,,,,,89.0
2025-07-17 16:45:21.000,2025-07-17 16:45:50,2057166653837443308,,,,,88.0
2025-07-17 16:45:32.000,2025-07-17 16:47:33,2057167085578109164,,,,,79.0
2025-07-17 16:45:42.000,2025-07-17 16:47:33,2057167085578141932,,,,,69.0
2025-07-17 16:45:52.000,2025-07-17 16:47:33,2057167085578158316,,,,,53.0
2025-07-17 16:46:03.000,2025-07-17 16:47:33,2057167085578174700,,,,,63.0
2025-07-17 16:46:07.000,2025-07-17 16:46:49,2057166903041851628,,43.0,,,
2025-07-17 16:46:09.000,2025-07-17 16:47:33,2057167085578207468,,,46.0,502870.00000000006,
2025-07-17 16:46:13.000,2025-07-17 16:47:33,2057167085578256620,,,,,74.0
2025-07-17 16:46:17.000,2025-07-17 16:47:33,2057167085578273004,72.54100637705496,,,,
2025-07-17 16:46:34.000,2025-07-17 16:47:33,2057167085578305772,,,,,84.0
2025-07-17 16:46:44.000,2025-07-17 16:47:33,2057167085578338540,,,,,85.0
2025-07-17 16:46:55.000,2025-07-17 16:47:33,2057167085578354924,,,,,73.0
2025-07-17 16:47:05.000,2025-07-17 16:47:33,2057167085578371308,,,,,70.0
2025-07-17 16:47:08.000,2025-07-17 16:47:10,2057166988001755372,,46.0,,,
2025-07-17 16:47:09.000,2025-07-17 16:47:33,2057167085578387692,,,46.0,502920.0,
2025-07-17 16:47:16.000,2025-07-17 16:48:41,2057167369880469740,,,,,60.00000000000001
2025-07-17 16:47:26.000,2025-07-17 16:48:41,2057167369922412780,,,,,53.0
2025-07-17 16:47:28.000,2025-07-17 16:48:41,2057167369922429164,51.183736966546704,,,,
2025-07-17 16:47:36.000,2025-07-17 16:48:41,2057167369922445548,,,,,32.0
2025-07-17 16:47:44.000,2025-07-17 16:48:41,2057167369922478316,27.38553093766784,,,,
2025-07-17 16:47:47.000,2025-07-17 16:48:41,2057167369922494700,,,,,26.0
2025-07-17 16:47:54.000,2025-07-17 16:48:41,2057167369922511084,17.799576509226053,,,,
2025-07-17 16:47:57.000,2025-07-17 16:48:41,2057167369922543852,,,,,27.0
2025-07-17 16:48:08.000,2025-07-17 16:48:41,2057167369922593004,,,,,54.0
2025-07-17 16:48:10.000,2025-07-17 16:48:11,2057167245003456748,,40.0,,,
2025-07-17 16:48:10.000,2025-07-17 16:48:41,2057167369922609388,,,46.0,502950.0,
2025-07-17 16:48:18.000,2025-07-17 16:49:35,2057167595970298092,,,,,63.0
2025-07-17 16:48:28.000,2025-07-17 16:49:35,2057167595970314476,,,,,48.0
2025-07-17 16:48:39.000,2025-07-17 16:49:35,2057167595970330860,,,,,35.0
2025-07-17 16:48:49.000,2025-07-17 16:49:35,2057167595970363628,,,,,47.0
2025-07-17 16:48:59.000,2025-07-17 16:49:35,2057167595970478316,,,,,41.0
2025-07-17 16:49:10.000,2025-07-17 16:49:12,2057167500050694380,,46.0,,,
2025-07-17 16:49:10.000,2025-07-17 16:49:35,2057167595970494700,,,46.0,503040.0,40.0
2025-07-17 16:49:20.000,2025-07-17 16:50:35,2057167850757423340,,,,,30.000000000000004
2025-07-17 16:49:24.000,2025-07-17 16:50:35,2057167850757439724,48.50389228765272,,,,
2025-07-17 16:49:31.000,2025-07-17 16:50:35,2057167850757456108,,,,,49.0
2025-07-17 16:49:41.000,2025-07-17 16:50:35,2057167850757472492,,,,,50.0
2025-07-17 16:49:51.000,2025-07-17 16:50:35,2057167850757505260,,,,,46.0
2025-07-17 16:50:02.000,2025-07-17 16:50:35,2057167850757521644,,,,,49.0
2025-07-17 16:50:10.000,2025-07-17 16:50:35,2057167850757538028,,,45.0,503120.0,
2025-07-17 16:50:12.000,2025-07-17 16:50:17,2057167773158621420,,48.0,,,
2025-07-17 16:50:12.000,2025-07-17 16:50:35,2057167850757554412,,,,,41.0
2025-07-17 16:50:23.000,2025-07-17 16:51:36,2057168105137815788,,,,,23.0
2025-07-17 16:50:32.000,2025-07-17 16:51:36,2057168105137832172,23.927846061721002,,,,
2025-07-17 16:50:33.000,2025-07-17 16:51:36,2057168105137848556,,,,,24.0
2025-07-17 16:50:40.000,2025-07-17 16:51:36,2057168105137864940,30.26724366770173,,,,
2025-07-17 16:50:43.000,2025-07-17 16:51:36,2057168105137897708,,,,,35.0
2025-07-17 16:50:54.000,2025-07-17 16:51:36,2057168105137930476,,,,,60.00000000000001
2025-07-17 16:51:04.000,2025-07-17 16:51:36,2057168105137963244,,,,,71.0
2025-07-17 16:51:10.000,2025-07-17 16:51:36,2057168105137979628,,,46.0,503140.00000000006,
2025-07-17 16:51:13.000,2025-07-17 16:51:32,2057168088620613868,,46.0,,,
2025-07-17 16:51:14.000,2025-07-17 16:51:36,2057168105138012396,74.41523085185848,,,,75.0
2025-07-17 16:51:25.000,2025-07-17 16:52:37,2057168361762095340,,,,,77.0
2025-07-17 16:51:35.000,2025-07-17 16:52:37,2057168361762111724,,,,,75.0
2025-07-17 16:51:46.000,2025-07-17 16:52:37,2057168361762144492,,,,,73.0
2025-07-17 16:51:56.000,2025-07-17 16:52:37,2057168361762160876,,,,,52.0
2025-07-17 16:52:06.000,2025-07-17 16:52:37,2057168361762177260,,,,,25.0
2025-07-17 16:52:11.000,2025-07-17 16:52:37,2057168361762193644,,,46.0,503150.0,
2025-07-17 16:52:14.000,2025-07-17 16:52:15,2057168270158495980,,53.0,,,
2025-07-17 16:52:17.000,2025-07-17 16:53:38,2057168616926740716,,,,,30.000000000000004
2025-07-17 16:52:27.000,2025-07-17 16:53:38,2057168616926757100,,,,,40.0
2025-07-17 16:52:38.000,2025-07-17 16:53:38,2057168616926773484,,,,,46.0
2025-07-17 16:52:46.000,2025-07-17 16:53:38,2057168616926806252,65.30153654305593,,,,
2025-07-17 16:52:48.000,2025-07-17 16:53:38,2057168616926822636,,,,,65.0
2025-07-17 16:52:58.000,2025-07-17 16:53:38,2057168616926839020,,,,,28.0
2025-07-17 16:53:09.000,2025-07-17 16:53:38,2057168616926888172,,,,,18.0
2025-07-17 16:53:11.000,2025-07-17 16:53:38,2057168616926904556,,,46.0,503200.0,
2025-07-17 16:53:15.000,2025-07-17 16:53:16,2057168526061338860,,30.0,,,
2025-07-17 16:53:19.000,2025-07-17 16:54:39,2057168872209023212,,,,,58.0
2025-07-17 16:53:30.000,2025-07-17 16:54:39,2057168872209039596,,,,,90.0
2025-07-17 16:53:40.000,2025-07-17 16:54:39,2057168872209055980,,,,,94.0
2025-07-17 16:53:50.000,2025-07-17 16:54:39,2057168872209088748,,,,,68.0
2025-07-17 16:54:01.000,2025-07-17 16:54:39,2057168872209203436,,,,,55.0
2025-07-17 16:54:11.000,2025-07-17 16:54:39,2057168872209236204,,,45.0,503380.00000000006,
2025-07-17 16:54:15.000,2025-07-17 16:54:39,2057168872209285356,55.145165970108714,,,,
2025-07-17 16:54:16.000,2025-07-17 16:54:17,2057168779510546668,,43.0,,,
2025-07-17 16:54:21.000,2025-07-17 16:55:40,2057169127440711916,,,,,60.00000000000001
2025-07-17 16:54:32.000,2025-07-17 16:55:40,2057169127440728300,,,,,65.0
2025-07-17 16:54:53.000,2025-07-17 16:55:40,2057169127440777452,,,,,60.00000000000001
2025-07-17 16:55:03.000,2025-07-17 16:55:40,2057169127440793836,,,,,77.0
2025-07-17 16:55:11.000,2025-07-17 16:55:40,2057169127440810220,,,45.0,503440.0,
2025-07-17 16:55:14.000,2025-07-17 16:55:40,2057169127440826604,,,,,64.0
2025-07-17 16:55:17.000,2025-07-17 16:55:18,2057169035417616620,,48.0,,,
2025-07-17 16:55:24.000,2025-07-17 16:56:41,2057169382567575788,,,,,60.00000000000001
2025-07-17 16:55:34.000,2025-07-17 16:56:41,2057169382567592172,,,,,51.0
2025-07-17 16:55:45.000,2025-07-17 16:56:41,2057169382567608556,,,,,35.0
2025-07-17 16:55:47.000,2025-07-17 16:56:41,2057169382567624940,22.790717773648502,,,,
2025-07-17 16:55:55.000,2025-07-17 16:56:41,2057169382567641324,,,,,19.0
2025-07-17 16:56:03.000,2025-07-17 16:56:41,2057169382567657708,21.02205732558786,,,,
2025-07-17 16:56:05.000,2025-07-17 16:56:41,2057169382567674092,,,,,34.0
2025-07-17 16:56:12.000,2025-07-17 16:56:41,2057169382567690476,,,45.0,503499.99999999994,
2025-07-17 16:56:16.000,2025-07-17 16:56:41,2057169382567723244,,,,,42.0
2025-07-17 16:56:18.000,2025-07-17 16:56:19,2057169291001741548,,45.0,,,
2025-07-17 16:56:26.000,2025-07-17 16:57:42,2057169638420152556,,,,,51.0
2025-07-17 16:56:37.000,2025-07-17 16:57:42,2057169638462062828,,,,,62.0
2025-07-17 16:56:47.000,2025-07-17 16:57:42,2057169638462095596,,,,,65.0
2025-07-17 16:56:56.000,2025-07-17 16:57:42,2057169638462111980,63.279152030718514,,,,
2025-07-17 16:56:57.000,2025-07-17 16:57:42,2057169638462128364,,,,,62.0
2025-07-17 16:57:12.000,2025-07-17 16:57:42,2057169638462161132,,,45.0,503560.0,
2025-07-17 16:57:18.000,2025-07-17 16:57:19,2057169542899040492,,46.0,,,
2025-07-17 16:57:18.000,2025-07-17 16:57:42,2057169638462193900,,,,,67.0
2025-07-17 16:57:28.000,2025-07-17 17:00:12,2057170268589129964,,,,,37.0
2025-07-17 16:57:37.000,2025-07-17 17:00:12,2057170268639461612,27.978171087803343,,,,
2025-07-17 16:57:39.000,2025-07-17 17:00:12,2057170268639477996,,,,,25.0
2025-07-17 16:57:45.000,2025-07-17 17:00:12,2057170268639494380,28.63563125435992,,,,
2025-07-17 16:57:49.000,2025-07-17 17:00:12,2057170268639510764,,,,,37.0
2025-07-17 16:58:00.000,2025-07-17 17:00:12,2057170268639543532,,,,,54.0
2025-07-17 16:58:10.000,2025-07-17 17:00:12,2057170268639592684,,,,,60.00000000000001
2025-07-17 16:58:12.000,2025-07-17 17:00:12,2057170268639609068,,,45.0,503600.0,
2025-07-17 16:58:19.000,2025-07-17 16:58:21,2057169803382096108,,48.0,,,
2025-07-17 16:58:29.000,2025-07-17 17:00:12,2057170268639674604,63.90512818929914,,,,
2025-07-17 16:58:31.000,2025-07-17 17:00:12,2057170268639690988,,,,,66.0
2025-07-17 16:58:41.000,2025-07-17 17:00:12,2057170268639707372,,,,,72.0
2025-07-17 16:58:52.000,2025-07-17 17:00:12,2057170268639740140,,,,,68.0
2025-07-17 16:59:02.000,2025-07-17 17:00:12,2057170268639838444,,,,,40.0
2025-07-17 16:59:12.000,2025-07-17 17:00:12,2057170268639871212,,,45.0,503630.0,22.0
2025-07-17 16:59:20.000,2025-07-17 16:59:38,2057170125005521132,,36.0,,,
2025-07-17 16:59:23.000,2025-07-17 17:00:12,2057170268639920364,,,,,46.0
2025-07-17 16:59:33.000,2025-07-17 17:00:12,2057170268639936748,,,,,55.0
2025-07-17 16:59:43.000,2025-07-17 17:00:12,2057170268639953132,,,,,67.0
2025-07-17 16:59:54.000,2025-07-17 17:01:12,2057170522696843500,,,,,66.0
2025-07-17 16:59:59.000,2025-07-17 17:01:12,2057170522747175148,73.11512652249873,,,,
2025-07-17 17:00:04.000,2025-07-17 17:01:12,2057170522747191532,,,,,70.0
2025-07-17 17:00:13.000,2025-07-17 17:01:12,2057170522747207916,,,45.0,503680.0,
2025-07-17 17:00:15.000,2025-07-17 17:01:12,2057170522747224300,,,,,66.0
2025-07-17 17:00:21.000,2025-07-17 17:00:23,2057170315120771308,,43.0,,,
2025-07-17 17:00:25.000,2025-07-17 17:01:12,2057170522747289836,,,,,67.0
2025-07-17 17:00:35.000,2025-07-17 17:01:12,2057170522747306220,,,,,72.0
2025-07-17 17:00:46.000,2025-07-17 17:01:12,2057170522747322604,,,,,54.0
2025-07-17 17:00:56.000,2025-07-17 17:02:13,2057170777966379244,,,,,17.0
2025-07-17 17:01:07.000,2025-07-17 17:02:13,2057170778016710892,,,,,25.0
2025-07-17 17:01:13.000,2025-07-17 17:02:13,2057170778016743660,24.687166254082122,,45.0,503730.0,
2025-07-17 17:01:17.000,2025-07-17 17:02:13,2057170778016776428,,,,,34.0
2025-07-17 17:01:22.000,2025-07-17 17:01:23,2057170567349502188,,40.0,,,
2025-07-17 17:01:27.000,2025-07-17 17:02:13,2057170778016841964,,,,,54.0
2025-07-17 17:01:38.000,2025-07-17 17:02:13,2057170778016858348,,,,,64.0
2025-07-17 17:01:48.000,2025-07-17 17:02:13,2057170778016891116,,,,,68.0
2025-07-17 17:01:58.000,2025-07-17 17:03:14,2057171033361744108,,,,,66.0
2025-07-17 17:02:09.000,2025-07-17 17:03:14,2057171033412092140,,,,,70.0
2025-07-17 17:02:12.000,2025-07-17 17:03:14,2057171033412108524,73.02808250044757,,,,
2025-07-17 17:02:13.000,2025-07-17 17:03:14,2057171033412124908,,,45.0,503790.00000000006,
2025-07-17 17:02:23.000,2025-07-17 17:02:25,2057170824988721388,,45.0,,,
2025-07-17 17:02:30.000,2025-07-17 17:03:14,2057171033412206828,,,,,72.0
2025-07-17 17:02:40.000,2025-07-17 17:03:14,2057171033412223212,,,,,66.0
2025-07-17 17:02:50.000,2025-07-17 17:03:14,2057171033412255980,,,,,76.0
2025-07-17 17:03:01.000,2025-07-17 17:04:15,2057171288731943148,,,,,60.99999999999999
2025-07-17 17:03:11.000,2025-07-17 17:04:15,2057171288782487788,,,,,69.0
2025-07-17 17:03:13.000,2025-07-17 17:04:15,2057171288782504172,,,45.0,503840.0,
2025-07-17 17:03:22.000,2025-07-17 17:04:15,2057171288782536940,,,,,71.0
2025-07-17 17:03:24.000,2025-07-17 17:03:25,2057171079939490028,,46.0,,,
2025-07-17 17:03:32.000,2025-07-17 17:04:15,2057171288782586092,,,,,64.0
2025-07-17 17:03:42.000,2025-07-17 17:04:15,2057171288782602476,29.165303388543528,,,,29.0
2025-07-17 17:03:53.000,2025-07-17 17:04:15,2057171288782635244,,,,,35.0
2025-07-17 17:04:03.000,2025-07-17 17:05:16,2057171543422681324,,,,,27.0
2025-07-17 17:04:14.000,2025-07-17 17:05:16,2057171543422779628,,,45.0,503870.00000000006,40.0
2025-07-17 17:04:24.000,2025-07-17 17:05:16,2057171543422812396,,,,,27.0
2025-07-17 17:04:25.000,2025-07-17 17:04:26,2057171335636861164,,33.0,,,
2025-07-17 17:04:25.000,2025-07-17 17:05:16,2057171543422828780,32.83411631797613,,,,
2025-07-17 17:04:34.000,2025-07-17 17:05:16,2057171543422861548,,,,,60.00000000000001
2025-07-17 17:04:45.000,2025-07-17 17:05:16,2057171543422877932,,,,,68.0
2025-07-17 17:04:55.000,2025-07-17 17:05:16,2057171543422910700,,,,,55.0
2025-07-17 17:05:05.000,2025-07-17 17:06:17,2057171798482501868,,,,,38.0
2025-07-17 17:05:12.000,2025-07-17 17:06:17,2057171798482518252,30.191311648465618,,,,
2025-07-17 17:05:14.000,2025-07-17 17:06:17,2057171798482534636,,,45.0,503910.00000000006,
2025-07-17 17:05:16.000,2025-07-17 17:06:17,2057171798482551020,,,,,23.0
2025-07-17 17:05:20.000,2025-07-17 17:06:17,2057171798482583788,31.469191972195304,,,,
2025-07-17 17:05:26.000,2025-07-17 17:05:35,2057171624104296684,,46.0,,,
2025-07-17 17:05:26.000,2025-07-17 17:06:17,2057171798482616556,,,,,49.0
2025-07-17 17:05:47.000,2025-07-17 17:06:17,2057171798482698476,,,,,52.0
2025-07-17 17:05:57.000,2025-07-17 17:07:18,2057172053835907308,,,,,48.0
2025-07-17 17:06:08.000,2025-07-17 17:07:18,2057172053835923692,,,,,31.0
2025-07-17 17:06:10.000,2025-07-17 17:07:18,2057172053835940076,33.508244488755274,,,,
2025-07-17 17:06:14.000,2025-07-17 17:07:18,2057172053835956460,,,45.0,503960.0,
2025-07-17 17:06:15.000,2025-07-17 17:07:18,2057172053835972844,46.531511787982986,,,,
2025-07-17 17:06:18.000,2025-07-17 17:07:18,2057172053835989228,,,,,47.0
2025-07-17 17:06:27.000,2025-07-17 17:06:28,2057171847392264428,,41.0,,,
2025-07-17 17:06:28.000,2025-07-17 17:07:18,2057172053836021996,,,,,52.0
2025-07-17 17:06:30.000,2025-07-17 17:07:18,2057172053836054764,52.53199330810497,,,,
2025-07-17 17:06:39.000,2025-07-17 17:07:18,2057172053836071148,,,,,55.0
2025-07-17 17:06:49.000,2025-07-17 17:07:18,2057172053836087532,,,,,68.0
2025-07-17 17:06:53.000,2025-07-17 17:07:18,2057172053836103916,65.71268064721244,,,,
2025-07-17 17:07:10.000,2025-07-17 17:08:18,2057172308769915116,,,,,71.0
2025-07-17 17:07:14.000,2025-07-17 17:08:18,2057172308769931500,,,45.0,504040.0,
2025-07-17 17:07:28.000,2025-07-17 17:07:29,2057172103521648876,,53.0,,,
2025-07-17 17:07:31.000,2025-07-17 17:08:18,2057172308769997036,,,,,60.99999999999999
2025-07-17 17:07:51.000,2025-07-17 17:08:18,2057172308770046188,,,,,53.0
2025-07-17 17:08:02.000,2025-07-17 17:09:19,2057172563288654060,,,,,52.0
2025-07-17 17:08:12.000,2025-07-17 17:09:19,2057172563288686828,,,,,39.0
2025-07-17 17:08:14.000,2025-07-17 17:09:19,2057172563288703212,38.94386586577936,,45.0,504070.0,
2025-07-17 17:08:22.000,2025-07-17 17:09:19,2057172563288768748,47.5001080333607,,,,51.0
2025-07-17 17:08:29.000,2025-07-17 17:08:30,2057172358828916972,,30.0,,,
2025-07-17 17:08:33.000,2025-07-17 17:09:19,2057172563288834284,,,,,91.0
2025-07-17 17:08:39.000,2025-07-17 17:09:19,2057172563288850668,98.0560168408576,,,,
2025-07-17 17:08:43.000,2025-07-17 17:09:19,2057172563288867052,,,,,99.0
2025-07-17 17:08:54.000,2025-07-17 17:09:19,2057172563288899820,,,,,110.0
2025-07-17 17:09:04.000,2025-07-17 17:10:20,2057172818864406764,,,,,98.0
2025-07-17 17:09:12.000,2025-07-17 17:10:20,2057172818864521452,57.69537061616056,,,,
2025-07-17 17:09:14.000,2025-07-17 17:10:20,2057172818864537836,,,,,45.0
2025-07-17 17:09:15.000,2025-07-17 17:10:20,2057172818864554220,,,45.0,504209.99999999994,
2025-07-17 17:09:25.000,2025-07-17 17:10:20,2057172818864586988,,,,,42.0
2025-07-17 17:09:30.000,2025-07-17 17:09:31,2057172615268679916,,50.0,,,
2025-07-17 17:09:31.000,2025-07-17 17:10:20,2057172818864603372,37.777105570200085,,,,
2025-07-17 17:09:35.000,2025-07-17 17:10:20,2057172818864652524,,,,,40.0
2025-07-17 17:09:36.000,2025-07-17 17:10:20,2057172818864668908,40.406946236426386,,,,
2025-07-17 17:09:45.000,2025-07-17 17:10:20,2057172818864685292,,,,,89.0
2025-07-17 17:09:56.000,2025-07-17 17:10:20,2057172818864734444,,,,,103.0
2025-07-17 17:10:06.000,2025-07-17 17:11:21,2057173073114841324,,,,,111.0
2025-07-17 17:10:09.000,2025-07-17 17:11:21,2057173073114857708,110.51627599745659,,,,
2025-07-17 17:10:16.000,2025-07-17 17:11:21,2057173073114874092,,,45.0,504329.99999999994,
2025-07-17 17:10:17.000,2025-07-17 17:11:21,2057173073114890476,,,,,106.0
2025-07-17 17:10:27.000,2025-07-17 17:11:21,2057173073114923244,,,,,103.0
2025-07-17 17:10:31.000,2025-07-17 17:10:32,2057172870164906220,,45.0,,,
2025-07-17 17:10:37.000,2025-07-17 17:11:21,2057173073114972396,,,,,71.0
2025-07-17 17:10:48.000,2025-07-17 17:11:21,2057173073114988780,32.16369214813535,,,,31.0
2025-07-17 17:10:55.000,2025-07-17 17:11:21,2057173073115021548,37.26039743930069,,,,
2025-07-17 17:10:58.000,2025-07-17 17:11:21,2057173073115054316,,,,,46.0
2025-07-17 17:11:08.000,2025-07-17 17:12:21,2057173328568828140,,,,,101.0
2025-07-17 17:11:16.000,2025-07-17 17:12:21,2057173328568860908,93.43157166933149,,44.0,504449.99999999994,
2025-07-17 17:11:19.000,2025-07-17 17:12:21,2057173328568877292,,,,,99.0
2025-07-17 17:11:29.000,2025-07-17 17:12:21,2057173328568910060,,,,,98.0
2025-07-17 17:11:32.000,2025-07-17 17:11:34,2057173127737147628,,50.0,,,
2025-07-17 17:11:40.000,2025-07-17 17:12:21,2057173328568975596,,,,,94.0
2025-07-17 17:11:50.000,2025-07-17 17:12:21,2057173328568991980,,,,,66.0
2025-07-17 17:12:00.000,2025-07-17 17:12:21,2057173328569041132,,,,,50.0
2025-07-17 17:12:10.000,2025-07-17 17:13:23,2057173586241749228,37.547457512022575,,,,
2025-07-17 17:12:11.000,2025-07-17 17:13:23,2057173586241765612,,,,,36.0
2025-07-17 17:12:16.000,2025-07-17 17:13:23,2057173586241781996,34.63611277448191,,44.0,504499.99999999994,
2025-07-17 17:12:21.000,2025-07-17 17:13:23,2057173586241847532,,,,,49.0
2025-07-17 17:12:32.000,2025-07-17 17:13:23,2057173586241863916,,,,,68.0
2025-07-17 17:12:33.000,2025-07-17 17:12:35,2057173383853900012,,41.0,,,
2025-07-17 17:12:52.000,2025-07-17 17:13:23,2057173586241945836,,,,,90.0
2025-07-17 17:13:03.000,2025-07-17 17:15:59,2057174242079850732,,,,,96.0
2025-07-17 17:13:13.000,2025-07-17 17:15:59,2057174242084045036,,,,,110.0
2025-07-17 17:13:16.000,2025-07-17 17:15:59,2057174242084061420,,,44.0,504560.0,
2025-07-17 17:13:24.000,2025-07-17 17:15:59,2057174242084126956,,,,,88.0
2025-07-17 17:13:34.000,2025-07-17 17:13:37,2057173644479578348,,38.0,,,
2025-07-17 17:13:34.000,2025-07-17 17:15:59,2057174242084159724,,,,,86.0
2025-07-17 17:13:44.000,2025-07-17 17:15:59,2057174242084208876,,,,,91.0
2025-07-17 17:13:45.000,2025-07-17 17:15:59,2057174242084225260,89.57200269157403,,,,
2025-07-17 17:13:55.000,2025-07-17 17:15:59,2057174242084258028,,,,,101.0
2025-07-17 17:14:05.000,2025-07-17 17:15:59,2057174242084274412,,,,,100.0
2025-07-17 17:14:15.000,2025-07-17 17:15:59,2057174242084389100,,,,,116.0
2025-07-17 17:14:17.000,2025-07-17 17:15:59,2057174242084405484,,,44.0,504820.00000000006,
2025-07-17 17:14:26.000,2025-07-17 17:15:59,2057174242084438252,,,,,112.0
2025-07-17 17:14:35.000,2025-07-17 17:15:13,2057174047086608620,,48.0,,,
2025-07-17 17:14:36.000,2025-07-17 17:15:59,2057174242084454636,,,,,115.0
2025-07-17 17:14:46.000,2025-07-17 17:15:59,2057174242084503788,,,,,111.0
2025-07-17 17:14:57.000,2025-07-17 17:15:59,2057174242084536556,,,,,108.0
2025-07-17 17:15:07.000,2025-07-17 17:15:59,2057174242084552940,,,,,115.0
2025-07-17 17:15:15.000,2025-07-17 17:15:59,2057174242084569324,108.12163939081533,,,,
2025-07-17 17:15:18.000,2025-07-17 17:15:59,2057174242084585708,,,43.0,505050.0,109.0
2025-07-17 17:15:28.000,2025-07-17 17:15:59,2057174242084634860,,,,,117.0
2025-07-17 17:15:37.000,2025-07-17 17:15:38,2057174152808235244,,45.0,,,
2025-07-17 17:15:38.000,2025-07-17 17:16:52,2057174463606161644,,,,,116.0
2025-07-17 17:15:49.000,2025-07-17 17:16:52,2057174463606210796,,,,,113.0
2025-07-17 17:15:59.000,2025-07-17 17:16:52,2057174463606259948,,,,,116.0
2025-07-17 17:16:18.000,2025-07-17 17:16:52,2057174463606309100,,,43.0,505120.0,
2025-07-17 17:16:20.000,2025-07-17 17:16:52,2057174463606325484,,,,,118.0
2025-07-17 17:16:30.000,2025-07-17 17:16:52,2057174463606374636,,,,,115.0
2025-07-17 17:16:38.000,2025-07-17 17:16:39,2057174409214476524,,43.0,,,
2025-07-17 17:16:41.000,2025-07-17 17:17:53,2057174718280122604,,,,,109.0
2025-07-17 17:16:46.000,2025-07-17 17:17:53,2057174718280138988,110.80704007111683,,,,
2025-07-17 17:16:51.000,2025-07-17 17:17:53,2057174718280155372,,,,,112.0
2025-07-17 17:17:01.000,2025-07-17 17:17:53,2057174718280188140,,,,,107.0
2025-07-17 17:17:12.000,2025-07-17 17:17:53,2057174718280204524,,,,,100.0
2025-07-17 17:17:18.000,2025-07-17 17:17:53,2057174718280220908,,,44.0,505240.0,
2025-07-17 17:17:22.000,2025-07-17 17:17:53,2057174718280237292,,,,,107.0
2025-07-17 17:17:33.000,2025-07-17 17:18:54,2057174974283645164,,,,,109.0
2025-07-17 17:17:39.000,2025-07-17 17:17:40,2057174664286830828,,43.0,,,
2025-07-17 17:17:43.000,2025-07-17 17:18:54,2057174974287937772,,,,,107.0
2025-07-17 17:18:04.000,2025-07-17 17:18:54,2057174974287986924,,,,,105.0
2025-07-17 17:18:14.000,2025-07-17 17:18:54,2057174974288019692,,,,,98.0
2025-07-17 17:18:15.000,2025-07-17 17:18:54,2057174974288036076,96.42625642798497,,,,
2025-07-17 17:18:18.000,2025-07-17 17:18:54,2057174974288068844,,,44.0,505329.99999999994,
2025-07-17 17:18:24.000,2025-07-17 17:18:54,2057174974288085228,,,,,83.0
2025-07-17 17:18:35.000,2025-07-17 17:19:55,2057175230035525868,,,,,77.0
2025-07-17 17:18:40.000,2025-07-17 17:18:41,2057174919589986540,,40.0,,,
2025-07-17 17:18:45.000,2025-07-17 17:19:55,2057175230039720172,,,,,82.0
2025-07-17 17:18:56.000,2025-07-17 17:19:55,2057175230039752940,,,,,85.0
2025-07-17 17:19:06.000,2025-07-17 17:19:55,2057175230039769324,,,,,93.0
2025-07-17 17:19:16.000,2025-07-17 17:19:55,2057175230039884012,,,,,96.0
2025-07-17 17:19:18.000,2025-07-17 17:19:55,2057175230039900396,,,44.0,505400.0,
2025-07-17 17:19:22.000,2025-07-17 17:19:55,2057175230039916780,92.01293930994463,,,,
2025-07-17 17:19:27.000,2025-07-17 17:19:55,2057175230039949548,,,,,94.0
2025-07-17 17:19:37.000,2025-07-17 17:20:56,2057175484998893804,,,,,104.0
2025-07-17 17:19:41.000,2025-07-17 17:19:43,2057175178902782188,,41.0,,,
2025-07-17 17:19:47.000,2025-07-17 17:20:56,2057175484998942956,,,,,119.00000000000001
2025-07-17 17:19:58.000,2025-07-17 17:20:56,2057175484998992108,,,,,109.0
2025-07-17 17:20:08.000,2025-07-17 17:20:56,2057175484999024876,,,,,106.0
2025-07-17 17:20:18.000,2025-07-17 17:20:56,2057175484999041260,,,44.0,505449.99999999994,
2025-07-17 17:20:29.000,2025-07-17 17:20:56,2057175484999074028,,,,,116.0
2025-07-17 17:20:39.000,2025-07-17 17:21:56,2057175739886731500,,,,,119.00000000000001
2025-07-17 17:20:42.000,2025-07-17 17:20:43,2057175431181795564,,40.0,,,
2025-07-17 17:20:50.000,2025-07-17 17:21:56,2057175739886780652,,,,,120.00000000000001
2025-07-17 17:20:53.000,2025-07-17 17:21:56,2057175739886797036,119.70590232549525,,,,
2025-07-17 17:21:00.000,2025-07-17 17:21:56,2057175739886829804,,,,,120.99999999999999
2025-07-17 17:21:10.000,2025-07-17 17:21:56,2057175739886878956,,,,,109.0
2025-07-17 17:21:19.000,2025-07-17 17:21:56,2057175739886895340,,,43.0,505710.0,
2025-07-17 17:21:21.000,2025-07-17 17:21:56,2057175739886911724,,,,,108.0
2025-07-17 17:21:31.000,2025-07-17 17:21:56,2057175739886944492,,,,,109.0
2025-07-17 17:21:41.000,2025-07-17 17:23:14,2057176063682822380,,,,,107.0
2025-07-17 17:21:43.000,2025-07-17 17:21:45,2057175691232805100,,45.0,,,
2025-07-17 17:21:46.000,2025-07-17 17:23:14,2057176063682855148,111.96268836388106,,,,
2025-07-17 17:21:52.000,2025-07-17 17:23:14,2057176063682887916,,,,,130.0
2025-07-17 17:21:53.000,2025-07-17 17:23:14,2057176063682904300,129.87338490125754,,,,133.0
2025-07-17 17:22:02.000,2025-07-17 17:23:14,2057176063682953452,,,,,140.0
2025-07-17 17:22:12.000,2025-07-17 17:23:14,2057176063682969836,,,,,145.0
2025-07-17 17:22:19.000,2025-07-17 17:23:14,2057176063682986220,,,43.0,505859.99999999994,
2025-07-17 17:22:23.000,2025-07-17 17:23:14,2057176063683002604,,,,,127.0
2025-07-17 17:22:31.000,2025-07-17 17:23:14,2057176063683035372,118.3706099872212,,,,119.00000000000001
2025-07-17 17:22:33.000,2025-07-17 17:23:14,2057176063683051756,,,,,118.0
2025-07-17 17:22:44.000,2025-07-17 17:23:14,2057176066014839020,,41.0,,,
2025-07-17 17:22:44.000,2025-07-17 17:23:57,2057176247699505388,,,,,129.0
2025-07-17 17:22:47.000,2025-07-17 17:23:57,2057176247699538156,133.40144579503297,,,,137.0
2025-07-17 17:22:54.000,2025-07-17 17:23:57,2057176247699554540,,,,,136.0
2025-07-17 17:23:04.000,2025-07-17 17:23:57,2057176247699603692,,,,,116.0
2025-07-17 17:23:05.000,2025-07-17 17:23:57,2057176247699620076,112.67941254545117,,,,114.0
2025-07-17 17:23:13.000,2025-07-17 17:23:57,2057176247699669228,111.87749634229907,,,,
2025-07-17 17:23:14.000,2025-07-17 17:23:57,2057176247699685612,,,,,113.0
2025-07-17 17:23:19.000,2025-07-17 17:23:57,2057176247699718380,,,43.0,506089.99999999994,
2025-07-17 17:23:25.000,2025-07-17 17:23:57,2057176247699751148,,,,,118.0
2025-07-17 17:23:35.000,2025-07-17 17:23:57,2057176247699783916,,,,,119.00000000000001
2025-07-17 17:23:44.000,2025-07-17 17:23:46,2057176198437404908,,39.0,,,
2025-07-17 17:23:46.000,2025-07-17 17:24:58,2057176502528639212,,,,,109.0
2025-07-17 17:23:56.000,2025-07-17 17:24:58,2057176502528688364,,,,,108.0
2025-07-17 17:24:06.000,2025-07-17 17:24:58,2057176502528721132,,,,,110.0
2025-07-17 17:24:17.001,2025-07-17 17:24:58,2057176502528770284,,,,,112.0
2025-07-17 17:24:19.000,2025-07-17 17:24:58,2057176502528803052,,,43.0,506250.0,
2025-07-17 17:24:27.000,2025-07-17 17:24:58,2057176502528852204,,,,,111.0
2025-07-17 17:24:37.000,2025-07-17 17:24:58,2057176502532833516,,,,,117.0
2025-07-17 17:24:45.000,2025-07-17 17:24:46,2057176452620615916,,43.0,,,
2025-07-17 17:24:45.000,2025-07-17 17:25:59,2057176757542355180,114.38325297709076,,,,
2025-07-17 17:24:48.000,2025-07-17 17:25:59,2057176757542371564,,,,,115.0
2025-07-17 17:24:58.000,2025-07-17 17:25:59,2057176757542404332,,,,,113.0
2025-07-17 17:25:08.000,2025-07-17 17:25:59,2057176757542420716,,,,,109.0
2025-07-17 17:25:19.000,2025-07-17 17:25:59,2057176757542453484,,,43.0,506350.00000000006,91.0
2025-07-17 17:25:26.000,2025-07-17 17:25:59,2057176757542486252,59.289943020118905,,,,
2025-07-17 17:25:29.000,2025-07-17 17:25:59,2057176757542519020,,,,,50.0
2025-07-17 17:25:39.000,2025-07-17 17:27:00,2057177012535034092,,,,,2.0
2025-07-17 17:25:43.000,2025-07-17 17:27:00,2057177012535050476,19.731212998573962,,,,
2025-07-17 17:25:46.000,2025-07-17 17:25:47,2057176709102305516,,28.999999999999996,,,
2025-07-17 17:25:50.000,2025-07-17 17:27:00,2057177012535099628,,,,,48.0
2025-07-17 17:26:00.000,2025-07-17 17:27:00,2057177012535132396,,,,,70.0
2025-07-17 17:26:11.000,2025-07-17 17:27:00,2057177012535165164,,,,,47.0
2025-07-17 17:26:16.000,2025-07-17 17:27:00,2057177012535197932,21.372085414261637,,,,
2025-07-17 17:26:20.000,2025-07-17 17:27:00,2057177012535214316,,,43.0,506400.0,
2025-07-17 17:26:21.000,2025-07-17 17:27:00,2057177012535230700,,,,,21.0
2025-07-17 17:26:26.000,2025-07-17 17:27:00,2057177012535247084,19.4774889342972,,,,
2025-07-17 17:26:31.000,2025-07-17 17:27:00,2057177012535279852,,,,,23.0
2025-07-17 17:26:34.000,2025-07-17 17:27:00,2057177012535296236,39.4494619938637,,,,
2025-07-17 17:26:42.000,2025-07-17 17:28:01,2057177267812958444,,,,,57.0
2025-07-17 17:26:47.000,2025-07-17 17:26:50,2057176969744744684,,41.0,,,
2025-07-17 17:26:52.000,2025-07-17 17:28:01,2057177267813023980,,,,,49.0
2025-07-17 17:27:02.000,2025-07-17 17:28:01,2057177267813056748,,,,,1.0
2025-07-17 17:27:13.000,2025-07-17 17:28:01,2057177267813122284,,,,,42.0
2025-07-17 17:27:20.000,2025-07-17 17:28:01,2057177267813138668,,,43.0,506469.99999999994,
2025-07-17 17:27:23.000,2025-07-17 17:28:01,2057177267813155052,,,,,44.0
2025-07-17 17:27:33.000,2025-07-17 17:28:01,2057177267813204204,,,,,33.0
2025-07-17 17:27:44.000,2025-07-17 17:29:02,2057177525309685996,,,,,2.0
2025-07-17 17:27:48.000,2025-07-17 17:27:50,2057177223630160108,,30.0,,,
2025-07-17 17:27:54.000,2025-07-17 17:29:02,2057177525309751532,,,,,51.0
2025-07-17 17:28:04.000,2025-07-17 17:29:02,2057177525309784300,,,,,70.0
2025-07-17 17:28:06.000,2025-07-17 17:29:02,2057177525309800684,70.37046182718368,,,,
2025-07-17 17:28:15.000,2025-07-17 17:29:02,2057177525309833452,,,,,72.0
2025-07-17 17:28:20.000,2025-07-17 17:29:02,2057177525309849836,69.23148153864199,,43.0,506590.0,
2025-07-17 17:28:25.000,2025-07-17 17:29:02,2057177525309882604,,,,,63.0
2025-07-17 17:28:36.000,2025-07-17 17:29:02,2057177525309931756,,,,,73.0
2025-07-17 17:28:46.000,2025-07-17 17:30:02,2057177778809258220,,,,,75.0
2025-07-17 17:28:49.000,2025-07-17 17:28:51,2057177477930811628,,46.0,,,
2025-07-17 17:28:56.000,2025-07-17 17:30:02,2057177778809307372,,,,,68.0
2025-07-17 17:28:57.000,2025-07-17 17:30:02,2057177778809323756,67.2553970380339,,,,
2025-07-17 17:29:07.000,2025-07-17 17:30:02,2057177778809356524,,,,,73.0
2025-07-17 17:29:08.000,2025-07-17 17:30:02,2057177778809372908,71.86687820627581,,,,
2025-07-17 17:29:17.000,2025-07-17 17:30:02,2057177778809389292,72.46692635828802,,,,74.0
2025-07-17 17:29:20.001,2025-07-17 17:30:02,2057177778809438444,,,42.0,506700.00000000006,
2025-07-17 17:29:27.000,2025-07-17 17:30:02,2057177778809503980,,,,,76.0
2025-07-17 17:29:38.000,2025-07-17 17:30:02,2057177778809536748,,,,,80.0
2025-07-17 17:29:48.000,2025-07-17 17:32:59,2057178517715550444,,,,,82.0
2025-07-17 17:29:50.000,2025-07-17 17:29:52,2057177733187780844,,33.0,,,
2025-07-17 17:29:58.000,2025-07-17 17:32:59,2057178517715599596,,,,,95.0
2025-07-17 17:30:09.000,2025-07-17 17:32:59,2057178517715632364,,,,,111.0
2025-07-17 17:30:19.000,2025-07-17 17:32:59,2057178517715648748,,,,,120.99999999999999
2025-07-17 17:30:20.000,2025-07-17 17:32:59,2057178517715665132,,,42.0,506840.0,
2025-07-17 17:30:30.000,2025-07-17 17:32:59,2057178517715697900,,,,,91.0
2025-07-17 17:30:40.000,2025-07-17 17:32:59,2057178517715730668,,,,,68.0
2025-07-17 17:30:47.000,2025-07-17 17:32:59,2057178517715763436,30.943223838950036,,,,
2025-07-17 17:30:50.000,2025-07-17 17:32:59,2057178517715796204,,,,,22.0
2025-07-17 17:31:00.000,2025-07-17 17:32:59,2057178517715828972,43.30717897115201,,,,
2025-07-17 17:31:01.000,2025-07-17 17:32:59,2057178517715845356,,,,,44.0
2025-07-17 17:31:11.000,2025-07-17 17:32:59,2057178517715894508,,,,,87.0
2025-07-17 17:31:20.000,2025-07-17 17:32:59,2057178517715943660,,,41.0,507040.0,
2025-07-17 17:31:22.000,2025-07-17 17:32:59,2057178517715960044,,,,,91.0
2025-07-17 17:31:32.000,2025-07-17 17:32:59,2057178517715976428,,,,,98.0
2025-07-17 17:31:42.000,2025-07-17 17:32:59,2057178517715992812,,,,,80.0
2025-07-17 17:31:52.000,2025-07-17 17:32:19,2057178352858431724,,33.0,,,
2025-07-17 17:31:53.000,2025-07-17 17:32:59,2057178517716009196,,,,,98.0
2025-07-17 17:32:03.000,2025-07-17 17:32:59,2057178517716074732,,,,,103.0
2025-07-17 17:32:14.000,2025-07-17 17:32:59,2057178517716091116,,,,,111.0
2025-07-17 17:32:21.000,2025-07-17 17:32:59,2057178517716107500,,,41.0,507260.00000000006,
2025-07-17 17:32:24.000,2025-07-17 17:32:59,2057178517716140268,,,,,101.0
2025-07-17 17:32:30.000,2025-07-17 17:32:59,2057178517716156652,102.72305802317472,,,,
2025-07-17 17:32:34.000,2025-07-17 17:32:59,2057178517716189420,,,,,116.0
2025-07-17 17:32:45.000,2025-07-17 17:33:59,2057178772410499308,,,,,98.0
2025-07-17 17:32:53.000,2025-07-17 17:32:54,2057178500250484972,,36.0,,,
2025-07-17 17:32:55.000,2025-07-17 17:33:59,2057178772410532076,,,,,107.0
2025-07-17 17:33:05.000,2025-07-17 17:33:59,2057178772410613996,,,,,98.0
2025-07-17 17:33:16.000,2025-07-17 17:33:59,2057178772410663148,,,,,101.0
2025-07-17 17:33:21.000,2025-07-17 17:33:59,2057178772410679532,,,41.0,507430.00000000006,
2025-07-17 17:33:26.000,2025-07-17 17:33:59,2057178772410712300,,,,,92.0
2025-07-17 17:33:36.000,2025-07-17 17:33:59,2057178772410777836,,,,,88.0
2025-07-17 17:33:47.000,2025-07-17 17:35:00,2057179027440943340,,,,,74.0
2025-07-17 17:33:49.000,2025-07-17 17:35:00,2057179027491291372,70.01487773710235,,,,
2025-07-17 17:33:54.000,2025-07-17 17:33:55,2057178755545170156,,50.0,,,
2025-07-17 17:33:57.000,2025-07-17 17:35:00,2057179027491340524,,,,,77.0
2025-07-17 17:34:07.000,2025-07-17 17:35:00,2057179027491373292,,,,,86.0
2025-07-17 17:34:18.000,2025-07-17 17:35:00,2057179027491422444,,,,,95.0
2025-07-17 17:34:22.000,2025-07-17 17:35:00,2057179027491455212,,,41.0,507550.00000000006,
2025-07-17 17:34:28.000,2025-07-17 17:35:00,2057179027491569900,,,,,96.0
2025-07-17 17:34:38.000,2025-07-17 17:35:00,2057179027491602668,,,,,92.0
2025-07-17 17:34:46.000,2025-07-17 17:36:01,2057179280713973996,91.70550723206185,,,,
2025-07-17 17:34:49.000,2025-07-17 17:36:01,2057179280713990380,,,,,93.0
2025-07-17 17:34:55.000,2025-07-17 17:34:57,2057179013071241452,,48.0,,,
2025-07-17 17:34:59.000,2025-07-17 17:36:01,2057179280714055916,,,,,85.0
2025-07-17 17:35:10.000,2025-07-17 17:36:01,2057179280714088684,,,,,80.0
2025-07-17 17:35:13.000,2025-07-17 17:36:01,2057179280714105068,78.71001993987173,,,,
2025-07-17 17:35:20.000,2025-07-17 17:36:01,2057179280714121452,,,,,102.0
2025-07-17 17:35:22.000,2025-07-17 17:36:01,2057179280714137836,,,41.0,507570.0,
2025-07-17 17:35:30.000,2025-07-17 17:36:01,2057179280714154220,,,,,95.0
2025-07-17 17:35:41.000,2025-07-17 17:37:01,2057179535606120684,,,,,66.0
2025-07-17 17:35:51.000,2025-07-17 17:37:01,2057179535606153452,,,,,59.0
2025-07-17 17:35:56.000,2025-07-17 17:35:57,2057179265337655532,,32.0,,,
2025-07-17 17:35:58.000,2025-07-17 17:37:01,2057179535606169836,67.95915721631982,,,,
2025-07-17 17:36:01.000,2025-07-17 17:37:01,2057179535606202604,,,,,73.0
2025-07-17 17:36:06.000,2025-07-17 17:37:01,2057179535606235372,69.97968972818808,,,,
2025-07-17 17:36:12.000,2025-07-17 17:37:01,2057179535606251756,,,,,65.0
2025-07-17 17:36:22.000,2025-07-17 17:37:01,2057179535606284524,,,41.0,507700.00000000006,75.0
2025-07-17 17:36:32.000,2025-07-17 17:37:01,2057179535606317292,,,,,81.0
2025-07-17 17:36:43.000,2025-07-17 17:39:32,2057180169503785196,,,,,67.0
2025-07-17 17:36:50.000,2025-07-17 17:39:32,2057180169503817964,73.10031051874533,,,,
2025-07-17 17:36:53.000,2025-07-17 17:39:32,2057180169503834348,,,,,72.0
2025-07-17 17:36:57.000,2025-07-17 17:36:58,2057179522859532524,,45.0,,,
2025-07-17 17:37:03.000,2025-07-17 17:39:32,2057180169503883500,,,,,74.0
2025-07-17 17:37:14.000,2025-07-17 17:39:32,2057180169503932652,,,,,79.0
2025-07-17 17:37:22.000,2025-07-17 17:39:32,2057180169503965420,47.231567965330555,,,,
2025-07-17 17:37:23.000,2025-07-17 17:39:32,2057180169503981804,,,41.0,507780.00000000006,
2025-07-17 17:37:24.000,2025-07-17 17:39:32,2057180169503998188,,,,,46.0
2025-07-17 17:37:34.000,2025-07-17 17:39:32,2057180169504014572,,,,,76.0
2025-07-17 17:37:45.000,2025-07-17 17:39:32,2057180169504047340,,,,,88.0
2025-07-17 17:37:55.000,2025-07-17 17:39:32,2057180169504063724,,,,,92.0
2025-07-17 17:37:58.000,2025-07-17 17:38:38,2057179942059245804,,46.0,,,
2025-07-17 17:38:06.000,2025-07-17 17:39:32,2057180169504129260,,,,,80.0
2025-07-17 17:38:15.000,2025-07-17 17:39:32,2057180169504178412,54.532153814812304,,,,
2025-07-17 17:38:16.000,2025-07-17 17:39:32,2057180169504194796,,,,,60.99999999999999
2025-07-17 17:38:23.000,2025-07-17 17:39:32,2057180169504211180,,,41.0,507850.0,
2025-07-17 17:38:26.000,2025-07-17 17:39:32,2057180169504227564,,,,,74.0
2025-07-17 17:38:37.000,2025-07-17 17:39:32,2057180169504260332,,,,,75.0
2025-07-17 17:38:47.000,2025-07-17 17:39:32,2057180169504276716,,,,,84.0
2025-07-17 17:38:57.000,2025-07-17 17:39:32,2057180169504293100,,,,,86.0
2025-07-17 17:38:59.000,2025-07-17 17:39:04,2057180049567645932,,43.0,,,
2025-07-17 17:39:08.000,2025-07-17 17:39:32,2057180169504358636,,,,,89.0
2025-07-17 17:39:17.000,2025-07-17 17:40:31,2057180413989765356,51.868977140140885,,,,
2025-07-17 17:39:18.000,2025-07-17 17:40:31,2057180413989781740,,,,,55.0
2025-07-17 17:39:23.000,2025-07-17 17:40:31,2057180413989798124,,,41.0,507960.0,
2025-07-17 17:39:28.000,2025-07-17 17:40:31,2057180413989863660,,,,,80.0
2025-07-17 17:39:39.000,2025-07-17 17:40:31,2057180413989929196,,,,,77.0
2025-07-17 17:39:59.000,2025-07-17 17:40:00,2057180286604542188,,36.0,,,
2025-07-17 17:40:00.000,2025-07-17 17:40:31,2057180413989961964,64.91076444406033,,,,66.0
2025-07-17 17:40:10.000,2025-07-17 17:40:31,2057180413990011116,,,,,71.0
2025-07-17 17:40:20.000,2025-07-17 17:41:31,2057180666683982060,,,,,76.0
2025-07-17 17:40:24.000,2025-07-17 17:41:31,2057180666683998444,,,40.0,508050.0,
2025-07-17 17:40:31.000,2025-07-17 17:41:31,2057180666684014828,,,,,73.0
2025-07-17 17:40:41.000,2025-07-17 17:41:31,2057180666684047596,,,,,69.0
2025-07-17 17:40:52.000,2025-07-17 17:41:31,2057180666684080364,,,,,57.0
2025-07-17 17:41:01.000,2025-07-17 17:41:02,2057180545334378732,,48.0,,,
2025-07-17 17:41:02.000,2025-07-17 17:41:31,2057180666684113132,46.91487588510189,,,,46.0
2025-07-17 17:41:06.000,2025-07-17 17:41:31,2057180666684162284,49.22987647156871,,,,
2025-07-17 17:41:12.000,2025-07-17 17:42:32,2057180922863681772,,,,,37.0
2025-07-17 17:41:14.000,2025-07-17 17:42:32,2057180922863698156,33.997172612617064,,,,
2025-07-17 17:41:20.000,2025-07-17 17:42:32,2057180922863714540,42.946038879663185,,,,
2025-07-17 17:41:23.000,2025-07-17 17:42:32,2057180922863730924,,,,,47.0
2025-07-17 17:41:24.000,2025-07-17 17:42:32,2057180922863747308,,,40.0,508140.00000000006,
2025-07-17 17:41:27.000,2025-07-17 17:42:32,2057180922863763692,46.64263181613339,,,,
2025-07-17 17:41:33.000,2025-07-17 17:42:32,2057180922863796460,,,,,49.0
2025-07-17 17:41:43.000,2025-07-17 17:42:32,2057180922863829228,,,,,60.00000000000001
2025-07-17 17:41:54.000,2025-07-17 17:42:32,2057180922863878380,,,,,43.0
2025-07-17 17:41:58.000,2025-07-17 17:42:32,2057180922863894764,31.319179934192256,,,,
2025-07-17 17:42:02.000,2025-07-17 17:42:03,2057180800377422060,,35.0,,,
2025-07-17 17:42:04.000,2025-07-17 17:42:32,2057180922863911148,,,,,33.0
2025-07-17 17:42:05.000,2025-07-17 17:42:32,2057180922863927532,33.569360504238006,,,,
2025-07-17 17:42:14.000,2025-07-17 17:43:33,2057181178565230828,,,,,21.0
2025-07-17 17:42:16.000,2025-07-17 17:43:33,2057181178565247212,23.992666078142076,,,,
2025-07-17 17:42:25.000,2025-07-17 17:43:33,2057181178565263596,24.813102285985913,,40.0,508220.0,24.0
2025-07-17 17:42:34.000,2025-07-17 17:43:33,2057181178565279980,8.35807811737979,,,,
2025-07-17 17:42:35.000,2025-07-17 17:43:33,2057181178565296364,,,,,7.0
2025-07-17 17:42:45.000,2025-07-17 17:43:33,2057181178565361900,,,,,32.0
2025-07-17 17:42:56.000,2025-07-17 17:43:33,2057181178565378284,,,,,47.0
2025-07-17 17:43:03.000,2025-07-17 17:43:04,2057181058616525036,,39.0,,,
2025-07-17 17:43:06.000,2025-07-17 17:43:33,2057181178565427436,,,,,46.0
2025-07-17 17:43:15.000,2025-07-17 17:44:34,2057181433562202348,15.591991949971296,,,,
2025-07-17 17:43:16.000,2025-07-17 17:44:34,2057181433562218732,,,,,16.0
2025-07-17 17:43:25.000,2025-07-17 17:44:34,2057181433562235116,,,40.0,508280.0,
2025-07-17 17:43:27.000,2025-07-17 17:44:34,2057181433562267884,,,,,27.0
2025-07-17 17:43:34.000,2025-07-17 17:44:34,2057181433562284268,11.79168698722737,,,,
2025-07-17 17:43:37.000,2025-07-17 17:44:34,2057181433562300652,,,,,11.0
2025-07-17 17:43:47.000,2025-07-17 17:44:34,2057181433562333420,,,,,13.0
2025-07-17 17:43:58.000,2025-07-17 17:44:34,2057181433562366188,,,,,0.0
2025-07-17 17:44:07.000,2025-07-17 17:44:08,2057181326397669612,,36.0,,,
2025-07-17 17:44:25.000,2025-07-17 17:45:35,2057181690425508076,,,40.0,508299.99999999994,
2025-07-17 17:44:29.000,2025-07-17 17:45:35,2057181690425524460,,,,,7.0
2025-07-17 17:44:39.000,2025-07-17 17:45:35,2057181690425622764,,,,,11.0
2025-07-17 17:44:49.000,2025-07-17 17:45:35,2057181690425655532,,,,,13.0
2025-07-17 17:44:56.000,2025-07-17 17:45:35,2057181690425671916,22.78886577317933,,,,
2025-07-17 17:45:00.000,2025-07-17 17:45:35,2057181690425688300,,,,,20.0
2025-07-17 17:45:08.000,2025-07-17 17:45:10,2057181583688859884,,40.0,,,
2025-07-17 17:45:10.000,2025-07-17 17:45:35,2057181690425704684,,,,,5.0
2025-07-17 17:45:14.000,2025-07-17 17:45:35,2057181690425737452,0.9371122374017667,,,,
2025-07-17 17:45:20.000,2025-07-17 17:46:39,2057181959867613420,,,,,18.0
2025-07-17 17:45:24.000,2025-07-17 17:46:39,2057181959909556460,40.794014334483634,,,,
2025-07-17 17:45:25.000,2025-07-17 17:46:39,2057181959909572844,,,40.0,508310.00000000006,
2025-07-17 17:45:31.000,2025-07-17 17:46:39,2057181959909605612,,,,,56.0
2025-07-17 17:45:38.000,2025-07-17 17:46:39,2057181959909638380,53.30242550328113,,,,
2025-07-17 17:45:41.000,2025-07-17 17:46:39,2057181959909654764,,,,,57.0
2025-07-17 17:45:51.000,2025-07-17 17:46:39,2057181959909687532,,,,,31.0
2025-07-17 17:45:54.000,2025-07-17 17:46:39,2057181959909703916,24.813102285985913,,,,
2025-07-17 17:46:02.000,2025-07-17 17:46:39,2057181959909720300,,,,,25.0
2025-07-17 17:46:09.000,2025-07-17 17:46:11,2057181840019554540,,51.0,,,
2025-07-17 17:46:09.000,2025-07-17 17:46:39,2057181959909753068,35.53433300203103,,,,
2025-07-17 17:46:12.000,2025-07-17 17:46:39,2057181959909785836,,,,,30.000000000000004
2025-07-17 17:46:17.000,2025-07-17 17:47:47,2057182243419324652,37.088161395667555,,,,
2025-07-17 17:46:22.000,2025-07-17 17:47:47,2057182243419341036,,,,,68.0
2025-07-17 17:46:26.000,2025-07-17 17:47:47,2057182243419357420,,,40.0,508349.99999999994,
2025-07-17 17:46:33.000,2025-07-17 17:47:47,2057182243419390188,,,,,49.0
2025-07-17 17:46:43.000,2025-07-17 17:47:47,2057182243419422956,,,,,39.0
2025-07-17 17:46:48.000,2025-07-17 17:47:47,2057182243419439340,33.85456857649071,,,,
2025-07-17 17:46:54.000,2025-07-17 17:47:47,2057182243419455724,,,,,55.0
2025-07-17 17:47:04.000,2025-07-17 17:47:47,2057182243419472108,,,,,63.0
2025-07-17 17:47:10.000,2025-07-17 17:47:48,2057182246539886828,,43.0,,,
2025-07-17 17:47:13.000,2025-07-17 17:47:47,2057182243419521260,44.88878737182613,,,,
2025-07-17 17:47:14.000,2025-07-17 17:47:47,2057182243419537644,,,,,48.0
2025-07-17 17:47:22.000,2025-07-17 17:48:38,2057182459107246316,41.369986480396584,,,,
2025-07-17 17:47:25.000,2025-07-17 17:48:38,2057182459107262700,,,,,46.0
2025-07-17 17:47:26.000,2025-07-17 17:48:38,2057182459107279084,,,40.0,508419.99999999994,
2025-07-17 17:47:30.000,2025-07-17 17:48:38,2057182459107295468,60.238167260335715,,,,
2025-07-17 17:47:35.000,2025-07-17 17:48:38,2057182459107311852,,,,,69.0
2025-07-17 17:47:43.000,2025-07-17 17:48:38,2057182459107344620,52.8857253977171,,,,
2025-07-17 17:47:45.000,2025-07-17 17:48:38,2057182459107361004,,,,,56.0
2025-07-17 17:47:56.000,2025-07-17 17:48:38,2057182459107377388,,,,,57.0
2025-07-17 17:48:06.000,2025-07-17 17:48:38,2057182459107410156,,,,,9.0
2025-07-17 17:48:11.000,2025-07-17 17:48:13,2057182350797701356,,21.0,,,
2025-07-17 17:48:15.000,2025-07-17 17:48:38,2057182459107508460,37.099273398482595,,,,
2025-07-17 17:48:16.000,2025-07-17 17:48:38,2057182459107524844,,,,,38.0
2025-07-17 17:48:25.000,2025-07-17 17:49:25,2057182654914101484,31.887744078228504,,,,
2025-07-17 17:48:26.000,2025-07-17 17:49:25,2057182654914117868,,,39.0,508499.99999999994,
2025-07-17 17:48:35.000,2025-07-17 17:49:25,2057182654914183404,14.817855753856792,,,,
2025-07-17 17:48:37.000,2025-07-17 17:49:25,2057182654914199788,,,,,15.000000000000002
2025-07-17 17:48:47.000,2025-07-17 17:49:25,2057182654914248940,,,,,0.0
2025-07-17 17:48:58.000,2025-07-17 17:49:25,2057182654914314476,,,,508539.99999999994,
2025-07-17 17:49:26.000,2025-07-17 17:50:25,2057182905221841132,,,39.0,,
2025-07-17 17:50:05.000,2025-07-17 17:51:25,2057183160130666732,0.0,,,,
2025-07-17 17:50:26.000,2025-07-17 17:51:25,2057183160130732268,,,39.0,,
2025-07-17 17:51:26.000,2025-07-17 17:52:26,2057183415794450668,,,39.0,,
2025-07-17 17:52:27.000,2025-07-17 17:53:27,2057183671479238892,,,39.0,,
2025-07-17 17:53:27.000,2025-07-17 17:54:28,2057183927226974444,,,39.0,,
2025-07-17 17:54:27.000,2025-07-17 17:55:29,2057184182509191404,,,39.0,,
2025-07-17 17:55:28.000,2025-07-17 17:56:00,2057184312473731308,,,39.0,,
2025-07-18 17:56:10.000,2025-07-18 17:57:02,2057546958670659820,,,39.0,,
2025-07-18 17:58:15.000,2025-07-18 17:59:20,2057547538113757420,,,39.0,508539.99999999994,0.0
2025-07-18 18:00:17.000,2025-07-18 18:01:20,2057548041811951852,,,39.0,,
2025-07-18 18:01:18.000,2025-07-18 18:02:20,2057548295219200236,,,39.0,,
2025-07-18 18:02:18.000,2025-07-18 18:03:24,2057548563126173932,,,39.0,,
2025-07-18 18:03:18.000,2025-07-18 18:04:23,2057548807087866092,,,39.0,,
2025-07-18 18:03:26.000,2025-07-18 18:04:23,2057548807087882476,0.0,,,,
2025-07-18 18:04:35.000,2025-07-20 18:06:49,2058274197842428140,,,39.0,,
2025-07-19 18:04:49.000,2025-07-20 18:06:52,2058274208072351980,,,39.0,,
2025-07-19 18:05:49.000,2025-07-20 18:06:52,2058274208072515820,,,39.0,,
2025-07-20 18:05:59.000,2025-07-20 18:06:53,2058274214812582124,,,39.0,,
2025-07-21 04:30:18.000,2025-07-21 04:31:10,2058431322027720940,,,39.0,,
2025-07-21 04:31:19.000,2025-07-21 04:32:40,2058431696709288172,,,40.0,508550.00000000006,
2025-07-21 04:31:24.000,2025-07-21 04:31:26,2058431389165945068,,35.0,,,
2025-07-21 04:31:24.000,2025-07-21 04:32:40,2058431696709386476,10.291566607196875,,,,
2025-07-21 04:31:30.000,2025-07-21 04:32:40,2058431696709452012,,,,,18.0
2025-07-21 04:31:40.000,2025-07-21 04:32:40,2058431696709468396,,,,,23.0
2025-07-21 04:31:42.000,2025-07-21 04:32:40,2058431696709484780,20.862785285238942,,,,
2025-07-21 04:31:51.000,2025-07-21 04:32:40,2058431696709517548,,,,,21.0
2025-07-21 04:31:54.000,2025-07-21 04:32:40,2058431696709550316,22.933321809774856,,,,
2025-07-21 04:32:01.000,2025-07-21 04:32:40,2058431696709665004,,,,,29.0
2025-07-21 04:32:03.000,2025-07-21 04:32:40,2058431696709681388,29.832023557445975,,,,
2025-07-21 04:32:11.000,2025-07-21 04:32:40,2058431696709812460,,,,,31.0
2025-07-21 04:32:19.000,2025-07-21 04:36:29,2058432656126771436,,,40.0,508570.0,
2025-07-21 04:32:21.000,2025-07-21 04:36:29,2058432656189702380,,,,,32.0
2025-07-21 04:32:31.000,2025-07-21 04:36:29,2058432656189849836,,,,,35.0
2025-07-21 04:32:35.000,2025-07-21 04:32:44,2058431716220993772,,45.0,,,
2025-07-21 04:32:37.000,2025-07-21 04:36:29,2058432656189882604,38.484569749424345,,,,
2025-07-21 04:32:42.000,2025-07-21 04:36:29,2058432656189997292,,,,,38.0
2025-07-21 04:33:02.000,2025-07-21 04:36:29,2058432656190046444,,,,,31.0
2025-07-21 04:33:05.000,2025-07-21 04:36:29,2058432656190062828,29.935735583719683,,,,
2025-07-21 04:33:13.000,2025-07-21 04:36:29,2058432656190079212,,,,,42.0
2025-07-21 04:33:14.000,2025-07-21 04:36:29,2058432656190095596,40.09951415854359,,,,
2025-07-21 04:33:20.000,2025-07-21 04:36:29,2058432656190111980,,,40.0,508580.00000000006,
2025-07-21 04:33:23.000,2025-07-21 04:36:29,2058432656190144748,43.93871113114016,,,,43.0
2025-07-21 04:33:34.000,2025-07-21 04:36:29,2058432656190161132,,,,,50.0
2025-07-21 04:33:37.000,2025-07-21 04:35:53,2058432505404457196,,41.0,,,
2025-07-21 04:33:44.000,2025-07-21 04:36:29,2058432656190210284,,,,,42.0
2025-07-21 04:33:50.000,2025-07-21 04:36:29,2058432656190226668,42.29043071357579,,,,
2025-07-21 04:33:54.000,2025-07-21 04:36:29,2058432656190259436,,,,,45.0
2025-07-21 04:34:05.000,2025-07-21 04:36:29,2058432656190275820,,,,,54.0
2025-07-21 04:34:15.000,2025-07-21 04:36:29,2058432656190292204,,,,,52.0
2025-07-21 04:34:19.000,2025-07-21 04:36:29,2058432656190308588,39.79023008019162,,,,
2025-07-21 04:34:20.000,2025-07-21 04:36:29,2058432656190324972,,,40.0,508670.00000000006,
2025-07-21 04:34:25.000,2025-07-21 04:36:29,2058432656190357740,,,,,43.0
2025-07-21 04:34:36.000,2025-07-21 04:36:29,2058432656190406892,,,,,22.0
2025-07-21 04:34:37.000,2025-07-21 04:36:29,2058432656190423276,5.0930012902269945,,,,
2025-07-21 04:34:39.000,2025-07-21 04:36:11,2058432580532830444,,50.0,,,
2025-07-21 04:34:46.000,2025-07-21 04:36:29,2058432656190570732,43.059010908282765,,,,40.0
2025-07-21 04:34:56.000,2025-07-21 04:36:29,2058432656190603500,,,,,55.0
2025-07-21 04:34:57.000,2025-07-21 04:36:29,2058432656190619884,54.50807780871305,,,,
2025-07-21 04:35:07.000,2025-07-21 04:36:29,2058432656190636268,,,,,54.0
2025-07-21 04:35:15.000,2025-07-21 04:36:29,2058432656190652652,22.242525634773163,,,,
2025-07-21 04:35:17.000,2025-07-21 04:36:29,2058432656190669036,,,,,15.000000000000002
2025-07-21 04:35:21.000,2025-07-21 04:36:29,2058432656190701804,,,39.0,508739.99999999994,
2025-07-21 04:35:26.000,2025-07-21 04:36:29,2058432656190734572,12.334323124695192,,,,
2025-07-21 04:35:27.000,2025-07-21 04:36:29,2058432656190750956,,,,,12.0
2025-07-21 04:35:38.000,2025-07-21 04:36:29,2058432656190767340,,,,,14.0
2025-07-21 04:35:40.000,2025-07-21 04:36:11,2058432580587356396,,51.0,,,
2025-07-21 04:35:48.000,2025-07-21 04:36:29,2058432656190832876,,,,,0.0
2025-07-21 04:35:59.000,2025-07-21 04:36:29,2058432656191144172,0.700056177347565,,,,
2025-07-21 04:36:20.000,2025-07-21 04:36:28,2058432652490309868,,35.0,,,
2025-07-21 04:36:21.001,2025-07-21 04:37:29,2058432911505670380,,,39.0,508780.00000000006,
2025-07-21 04:36:28.000,2025-07-21 04:37:29,2058432911505785068,,,,,2.0
2025-07-21 04:36:39.000,2025-07-21 04:37:29,2058432911505817836,,,,,8.0
2025-07-21 04:36:49.000,2025-07-21 04:37:29,2058432911505834220,,,,,11.0
2025-07-21 04:37:00.000,2025-07-21 04:37:29,2058432911505883372,,,,,4.0
2025-07-21 04:37:10.000,2025-07-21 04:38:42,2058433217383366892,,,,,0.0
2025-07-21 04:37:21.000,2025-07-21 04:37:27,2058432899824222444,,40.0,,,
2025-07-21 04:37:21.000,2025-07-21 04:38:42,2058433217383399660,,,39.0,508790.00000000006,
2025-07-21 04:38:22.000,2025-07-21 04:38:25,2058433144939348204,,38.0,,,
2025-07-21 04:38:22.000,2025-07-21 04:39:56,2058433524809072876,,,39.0,508800.0,
2025-07-21 04:39:00.000,2025-07-21 04:39:56,2058433524809318636,,,,508810.0,
2025-07-21 04:39:22.000,2025-07-21 04:40:32,2058433675837587692,,,39.0,,
2025-07-21 04:39:23.000,2025-07-21 04:39:56,2058433527262740716,,38.0,,,
2025-07-21 04:40:22.000,2025-07-21 04:41:32,2058433928699642092,,,39.0,508819.99999999994,
2025-07-21 04:40:24.000,2025-07-21 04:40:30,2058433667356688620,,38.0,,,
2025-07-21 04:40:59.000,2025-07-21 04:41:32,2058433928699887852,0.0,,,,
2025-07-21 04:41:22.000,2025-07-21 04:42:33,2058434184757723372,,,39.0,508830.0,
2025-07-21 04:41:31.000,2025-07-21 04:41:32,2058433930196943084,,38.0,,,
2025-07-21 04:42:22.000,2025-07-21 04:43:33,2058434438089408748,,,38.0,508840.0,
2025-07-21 04:42:35.000,2025-07-21 04:42:39,2058434211555049708,,38.0,,,
2025-07-21 04:43:22.000,2025-07-21 04:44:37,2058434706935922924,,,39.0,508850.0,
2025-07-21 04:43:34.000,2025-07-21 04:44:37,2058434706935972076,,,,,15.000000000000002
2025-07-21 04:43:35.000,2025-07-21 04:43:36,2058434450584240364,,46.0,,,
2025-07-21 04:43:44.000,2025-07-21 04:44:37,2058434706936004844,,,,,31.0
2025-07-21 04:43:45.000,2025-07-21 04:44:37,2058434706936021228,31.148795891028293,,,,
2025-07-21 04:43:54.000,2025-07-21 04:44:37,2058434706936037612,,,,,0.0
2025-07-21 04:44:15.000,2025-07-21 04:45:40,2058434969243484396,,,,,5.0
2025-07-21 04:44:20.000,2025-07-21 04:45:40,2058434969302204652,15.962392043805984,,,,
2025-07-21 04:44:22.000,2025-07-21 04:45:40,2058434969302221036,,,38.0,508870.00000000006,
2025-07-21 04:44:25.000,2025-07-21 04:45:40,2058434969302237420,,,,,27.0
2025-07-21 04:44:36.000,2025-07-21 04:45:40,2058434969302352108,,,,,46.0
2025-07-21 04:44:38.000,2025-07-21 04:44:42,2058434726221316332,,43.0,,,
2025-07-21 04:44:46.000,2025-07-21 04:45:40,2058434969302450412,,,,,47.0
2025-07-21 04:44:52.000,2025-07-21 04:44:53,2058434772199276780,,43.0,,,
2025-07-21 04:44:56.000,2025-07-21 04:45:40,2058434969302597868,,,,,35.0
2025-07-21 04:45:05.000,2025-07-21 04:45:40,2058434969302630636,26.857710803953406,,,,
2025-07-21 04:45:06.000,2025-07-21 04:45:40,2058434969302647020,,,,,28.0
2025-07-21 04:45:15.000,2025-07-21 04:46:36,2058435204099342572,27.981875088741692,,,,
2025-07-21 04:45:17.000,2025-07-21 04:46:36,2058435204158062828,,,,,32.0
2025-07-21 04:45:23.000,2025-07-21 04:46:36,2058435204158095596,,,39.0,508900.00000000006,
2025-07-21 04:45:27.000,2025-07-21 04:46:36,2058435204158111980,30.635791761067253,,,,29.0
2025-07-21 04:45:33.000,2025-07-21 04:46:36,2058435204158144748,38.80681783106052,,,,
2025-07-21 04:45:38.000,2025-07-21 04:46:36,2058435204158161132,,,,,42.0
2025-07-21 04:45:39.000,2025-07-21 04:46:36,2058435204158177516,43.18865094112491,,,,
2025-07-21 04:45:48.000,2025-07-21 04:46:36,2058435204158193900,,,,,48.0
2025-07-21 04:45:52.000,2025-07-21 04:46:36,2058435204158210284,46.046287665059545,,,,
2025-07-21 04:45:54.000,2025-07-21 04:45:55,2058435032925602028,,46.0,,,
2025-07-21 04:45:58.000,2025-07-21 04:46:36,2058435204158243052,,,,,42.0
2025-07-21 04:46:09.000,2025-07-21 04:46:36,2058435204158292204,,,,,50.0
2025-07-21 04:46:12.000,2025-07-21 04:46:36,2058435204158324972,46.22778371103854,,,,
2025-07-21 04:46:18.000,2025-07-21 04:47:38,2058435465580642540,40.36064622469705,,,,
2025-07-21 04:46:19.000,2025-07-21 04:47:38,2058435465580658924,,,,,47.0
2025-07-21 04:46:23.000,2025-07-21 04:47:38,2058435465580675308,,,39.0,508920.0,
2025-07-21 04:46:24.000,2025-07-21 04:47:38,2058435465580691692,53.61356158210228,,,,
2025-07-21 04:46:29.000,2025-07-21 04:47:38,2058435465580724460,56.03042219437363,,,,
2025-07-21 04:46:30.000,2025-07-21 04:47:38,2058435465580740844,,,,,58.0
2025-07-21 04:46:40.000,2025-07-21 04:47:38,2058435465580773612,,,,,48.0
2025-07-21 04:46:50.000,2025-07-21 04:47:38,2058435465580806380,,,,,69.0
2025-07-21 04:46:56.000,2025-07-21 04:46:57,2058435293710647532,,31.0,,,
2025-07-21 04:47:01.000,2025-07-21 04:47:38,2058435465580839148,,,,,77.0
2025-07-21 04:47:11.000,2025-07-21 04:47:38,2058435465580871916,,,,,73.0
2025-07-21 04:47:23.000,2025-07-21 04:48:37,2058435712759398636,,,38.0,509040.0,
2025-07-21 04:47:31.000,2025-07-21 04:48:37,2058435712759415020,63.31434003963281,,,,
2025-07-21 04:47:32.000,2025-07-21 04:48:37,2058435712759431404,,,,,64.0
2025-07-21 04:47:42.000,2025-07-21 04:48:37,2058435712759447788,,,,,73.0
2025-07-21 04:47:43.000,2025-07-21 04:48:37,2058435712759464172,70.60936988770705,,,,
2025-07-21 04:47:53.000,2025-07-21 04:48:37,2058435712759496940,,,,,74.0
2025-07-21 04:47:57.000,2025-07-21 04:48:00,2058435556425072876,,37.0,,,
2025-07-21 04:48:11.000,2025-07-21 04:48:37,2058435712759578860,55.024785939612435,,,,
2025-07-21 04:48:13.000,2025-07-21 04:48:37,2058435712759595244,,,,,66.0
2025-07-21 04:48:24.000,2025-07-21 04:49:42,2058435982868349164,,,38.0,509120.0,79.0
2025-07-21 04:48:34.000,2025-07-21 04:49:42,2058435982868398316,,,,,82.0
2025-07-21 04:48:45.000,2025-07-21 04:49:42,2058435982868414700,,,,,77.0
2025-07-21 04:48:55.000,2025-07-21 04:49:42,2058435982868431084,,,,,75.0
2025-07-21 04:48:58.000,2025-07-21 04:49:00,2058435806523031788,,40.0,,,
2025-07-21 04:49:05.000,2025-07-21 04:49:42,2058435982868496620,,,,,70.0
2025-07-21 04:49:16.000,2025-07-21 04:49:42,2058435982868513004,,,,,60.00000000000001
2025-07-21 04:49:24.000,2025-07-21 04:50:39,2058436225009746156,,,38.0,509160.00000000006,
2025-07-21 04:49:26.000,2025-07-21 04:50:39,2058436225009762540,,,,,91.0
2025-07-21 04:49:42.000,2025-07-21 04:50:39,2058436225009811692,87.33663812528167,,,,
2025-07-21 04:49:47.000,2025-07-21 04:50:39,2058436225009828076,,,,,83.0
2025-07-21 04:49:57.000,2025-07-21 04:50:39,2058436225009959148,,,,,80.0
2025-07-21 04:49:59.000,2025-07-21 04:50:11,2058436106050945260,,40.0,,,
2025-07-21 04:50:07.000,2025-07-21 04:50:39,2058436225010041068,,,,,66.0
2025-07-21 04:50:18.000,2025-07-21 04:50:39,2058436225010073836,,,,,63.0
2025-07-21 04:50:23.000,2025-07-21 04:51:41,2058436484846862572,61.923487687283554,,,,
2025-07-21 04:50:25.000,2025-07-21 04:51:41,2058436484846878956,,,38.0,509299.99999999994,
2025-07-21 04:50:28.000,2025-07-21 04:51:41,2058436484846895340,,,,,75.0
2025-07-21 04:50:34.000,2025-07-21 04:51:41,2058436484846944492,70.05006574601666,,,,
2025-07-21 04:50:38.000,2025-07-21 04:51:41,2058436484846977260,,,,,70.0
2025-07-21 04:50:48.000,2025-07-21 04:51:41,2058436484847010028,64.56258835585572,,,,
2025-07-21 04:50:49.000,2025-07-21 04:51:41,2058436484847026412,,,,,63.0
2025-07-21 04:50:55.000,2025-07-21 04:51:41,2058436484847059180,67.91841320599802,,,,
2025-07-21 04:50:59.000,2025-07-21 04:51:41,2058436484847075564,,,,,79.0
2025-07-21 04:51:00.000,2025-07-21 04:51:05,2058436334023868652,,30.0,,,
2025-07-21 04:51:09.000,2025-07-21 04:51:41,2058436484847141100,,,,,80.0
2025-07-21 04:51:20.000,2025-07-21 04:51:41,2058436484847190252,,,,,59.0
2025-07-21 04:51:25.000,2025-07-21 04:52:41,2058436735863357676,,,38.0,509410.0,
2025-07-21 04:51:30.000,2025-07-21 04:52:41,2058436735863390444,,,,,65.0
2025-07-21 04:51:35.000,2025-07-21 04:52:41,2058436735863423212,66.8035089235556,,,,
2025-07-21 04:51:40.000,2025-07-21 04:52:41,2058436735863439596,,,,,50.0
2025-07-21 04:51:51.000,2025-07-21 04:52:41,2058436735863455980,,,,,54.0
2025-07-21 04:52:01.000,2025-07-21 04:52:02,2058436572172271852,,43.0,,,
2025-07-21 04:52:01.000,2025-07-21 04:52:41,2058436735863472364,,,,,69.0
2025-07-21 04:52:12.000,2025-07-21 04:52:41,2058436735863521516,,,,,76.0
2025-07-21 04:52:22.000,2025-07-21 04:53:42,2058436991153864940,,,,,75.0
2025-07-21 04:52:25.000,2025-07-21 04:53:42,2058436991212585196,,,38.0,509460.00000000006,
2025-07-21 04:52:32.000,2025-07-21 04:53:42,2058436991212617964,,,,,67.0
2025-07-21 04:52:43.000,2025-07-21 04:53:42,2058436991212650732,,,,,78.0
2025-07-21 04:52:53.000,2025-07-21 04:53:42,2058436991212667116,,,,,73.0
2025-07-21 04:53:02.000,2025-07-21 04:53:03,2058436825537577196,,32.0,,,
2025-07-21 04:53:04.000,2025-07-21 04:53:42,2058436991212699884,,,,,83.0
2025-07-21 04:53:06.000,2025-07-21 04:53:42,2058436991212716268,83.78450122540698,,,,
2025-07-21 04:53:14.000,2025-07-21 04:53:42,2058436991212732652,,,,,84.0
2025-07-21 04:53:24.000,2025-07-21 04:54:43,2058437246171742444,,,,,86.0
2025-07-21 04:53:25.000,2025-07-21 04:54:43,2058437246171758828,,,38.0,509660.0,
2025-07-21 04:53:35.000,2025-07-21 04:54:43,2058437246171791596,,,,,87.0
2025-07-21 04:53:45.000,2025-07-21 04:54:43,2058437246171824364,,,,,79.0
2025-07-21 04:53:55.000,2025-07-21 04:54:43,2058437246171840748,64.5088803422497,,,,65.0
2025-07-21 04:54:03.000,2025-07-21 04:54:06,2058437092815405292,,41.0,,,
2025-07-21 04:54:06.000,2025-07-21 04:54:43,2058437246171889900,,,,,58.0
2025-07-21 04:54:14.000,2025-07-21 04:54:43,2058437246171906284,62.74947989653491,,,,
2025-07-21 04:54:16.000,2025-07-21 04:54:43,2058437246171922668,,,,,65.0
2025-07-21 04:54:26.000,2025-07-21 04:55:44,2058437501936206060,,,37.0,509789.99999999994,
2025-07-21 04:54:27.000,2025-07-21 04:55:44,2058437501936222444,,,,,69.0
2025-07-21 04:54:37.000,2025-07-21 04:55:44,2058437501936287980,,,,,72.0
2025-07-21 04:54:47.000,2025-07-21 04:55:44,2058437501936304364,,,,,78.0
2025-07-21 04:54:57.000,2025-07-21 04:55:44,2058437501936419052,,,,,76.0
2025-07-21 04:55:03.000,2025-07-21 04:55:04,2058437333853667564,,35.0,,,
2025-07-21 04:55:08.000,2025-07-21 04:55:44,2058437501936484588,,,,,82.0
2025-07-21 04:55:18.000,2025-07-21 04:55:44,2058437501936517356,,,,,78.0
2025-07-21 04:55:26.000,2025-07-21 04:57:10,2058437862835093740,,,37.0,509909.99999999994,
2025-07-21 04:55:28.000,2025-07-21 04:57:10,2058437862877036780,,,,,83.0
2025-07-21 04:55:39.000,2025-07-21 04:57:10,2058437862877069548,,,,,78.0
2025-07-21 04:55:44.000,2025-07-21 04:57:10,2058437862877085932,74.77822294381649,,,,
2025-07-21 04:55:49.000,2025-07-21 04:57:10,2058437862877118700,,,,,80.0
2025-07-21 04:56:00.000,2025-07-21 04:57:10,2058437862877135084,,,,,79.0
2025-07-21 04:56:10.000,2025-07-21 04:57:10,2058437862877217004,,,,,82.0
2025-07-21 04:56:20.000,2025-07-21 04:57:10,2058437862877249772,,,,,90.0
2025-07-21 04:56:26.000,2025-07-21 04:57:10,2058437862877298924,,,37.0,509970.0,
2025-07-21 04:56:31.000,2025-07-21 04:57:10,2058437862877315308,,,,,85.0
2025-07-21 04:56:41.000,2025-07-21 04:57:10,2058437862877348076,,,,,77.0
2025-07-21 04:56:51.000,2025-07-21 04:58:24,2058438174459298028,,,,,84.0
2025-07-21 04:57:02.000,2025-07-21 04:58:24,2058438174459314412,,,,,82.0
2025-07-21 04:57:05.000,2025-07-21 04:57:09,2058437859009888492,,30.0,,,
2025-07-21 04:57:12.000,2025-07-21 04:58:24,2058438174459379948,,,,,76.0
2025-07-21 04:57:15.000,2025-07-21 04:58:24,2058438174459396332,72.14653027712102,,,,
2025-07-21 04:57:22.000,2025-07-21 04:58:24,2058438174459412716,,,,,67.0
2025-07-21 04:57:27.000,2025-07-21 04:58:24,2058438174459429100,,,37.0,510070.00000000006,
2025-07-21 04:57:33.000,2025-07-21 04:58:24,2058438174459445484,,,,,44.0
2025-07-21 04:57:42.000,2025-07-21 04:58:24,2058438174459478252,31.498823979702077,,,,
2025-07-21 04:57:43.000,2025-07-21 04:58:24,2058438174459494636,,,,,35.0
2025-07-21 04:57:53.000,2025-07-21 04:59:11,2058438370287206636,,,,,63.0
2025-07-21 04:58:03.000,2025-07-21 04:59:11,2058438370287223020,87.30145011636738,,,,
2025-07-21 04:58:04.000,2025-07-21 04:59:11,2058438370287239404,,,,,93.0
2025-07-21 04:58:06.000,2025-07-21 04:58:25,2058438176187351276,,50.0,,,
2025-07-21 04:58:14.000,2025-07-21 04:59:11,2058438370287321324,,,,,96.0
2025-07-21 04:58:25.000,2025-07-21 04:59:11,2058438370287337708,,,,,92.0
2025-07-21 04:58:27.000,2025-07-21 04:59:11,2058438370287354092,,,37.0,510150.0,
2025-07-21 04:58:35.000,2025-07-21 04:59:11,2058438370287370476,,,,,96.0
2025-07-21 04:58:45.000,2025-07-21 04:59:11,2058438370287403244,,,,,86.0
2025-07-21 04:58:56.000,2025-07-21 05:00:12,2058438624436814060,,,,,81.0
2025-07-21 04:59:06.000,2025-07-21 05:00:12,2058438624478757100,80.51757239778502,,,,
2025-07-21 04:59:07.000,2025-07-21 04:59:11,2058438370811609324,,33.0,,,
2025-07-21 04:59:17.000,2025-07-21 05:00:12,2058438624478806252,,,,,78.0
2025-07-21 04:59:26.000,2025-07-21 05:00:12,2058438624478822636,78.61927191688223,,,,
2025-07-21 04:59:27.000,2025-07-21 05:00:12,2058438624478839020,,,37.0,510160.00000000006,80.0
2025-07-21 04:59:37.000,2025-07-21 05:00:12,2058438624478871788,,,,,84.0
2025-07-21 04:59:39.000,2025-07-21 05:00:12,2058438624478888172,83.91228925777995,,,,
2025-07-21 04:59:48.000,2025-07-21 05:00:12,2058438624478904556,,,,,88.0
2025-07-21 04:59:58.000,2025-07-21 05:01:12,2058438879303745772,,,,,81.0
2025-07-21 05:00:08.000,2025-07-21 05:00:09,2058438612478853356,,35.0,,,
2025-07-21 05:00:09.000,2025-07-21 05:01:12,2058438879303811308,,,,,74.0
2025-07-21 05:00:19.000,2025-07-21 05:01:12,2058438879303876844,,,,,79.0
2025-07-21 05:00:27.000,2025-07-21 05:01:12,2058438879303925996,,,37.0,510190.00000000006,
2025-07-21 05:00:29.000,2025-07-21 05:01:12,2058438879303942380,,,,,66.0
2025-07-21 05:00:40.000,2025-07-21 05:01:12,2058438879303975148,,,,,25.0
2025-07-21 05:00:50.000,2025-07-21 05:01:12,2058438879304138988,,,,,0.0
2025-07-21 05:01:00.000,2025-07-21 05:02:13,2058439134237737196,,,,,37.0
2025-07-21 05:01:09.000,2025-07-21 05:01:10,2058438868952154348,,38.0,,,
2025-07-21 05:01:09.000,2025-07-21 05:02:13,2058439134237769964,40.16803817590301,,,,
2025-07-21 05:01:10.000,2025-07-21 05:02:13,2058439134237786348,,,,,41.0
2025-07-21 05:01:21.000,2025-07-21 05:02:13,2058439134237819116,,,,,32.0
2025-07-21 05:01:28.000,2025-07-21 05:02:13,2058439134237835500,,,38.0,510209.99999999994,
2025-07-21 05:01:31.000,2025-07-21 05:02:13,2058439134237851884,,,,,13.0
2025-07-21 05:01:41.000,2025-07-21 05:02:13,2058439134237901036,,,,,44.0
2025-07-21 05:01:52.000,2025-07-21 05:02:13,2058439134237933804,,,,,47.0
2025-07-21 05:02:02.000,2025-07-21 05:03:14,2058439388555116780,,,,,32.0
2025-07-21 05:02:04.000,2025-07-21 05:03:14,2058439388597059820,23.974146073450342,,,,
2025-07-21 05:02:10.000,2025-07-21 05:02:11,2058439126834757868,,33.0,,,
2025-07-21 05:02:12.000,2025-07-21 05:03:14,2058439388597108972,41.18293443301006,,,,
2025-07-21 05:02:13.000,2025-07-21 05:03:14,2058439388597125356,,,,,42.0
2025-07-21 05:02:23.000,2025-07-21 05:03:14,2058439388597141740,,,,,64.0
2025-07-21 05:02:28.000,2025-07-21 05:03:14,2058439388597158124,,,38.0,510270.0,
2025-07-21 05:02:33.000,2025-07-21 05:03:14,2058439388597190892,,,,,69.0
2025-07-21 05:02:44.000,2025-07-21 05:03:14,2058439388597223660,,,,,62.0
2025-07-21 05:02:54.000,2025-07-21 05:04:14,2058439642989986028,,,,,34.0
2025-07-21 05:02:56.000,2025-07-21 05:04:14,2058439643031929068,35.765833060677714,,,,
2025-07-21 05:03:01.000,2025-07-21 05:04:14,2058439643031945452,43.48311901572349,,,,
2025-07-21 05:03:05.000,2025-07-21 05:04:14,2058439643031961836,,,,,48.0
2025-07-21 05:03:09.000,2025-07-21 05:04:14,2058439643031994604,41.153302425503284,,,,
2025-07-21 05:03:11.000,2025-07-21 05:03:13,2058439383987519724,,30.0,,,
2025-07-21 05:03:14.000,2025-07-21 05:04:14,2058439643032043756,44.16280318791014,,,,
2025-07-21 05:03:15.000,2025-07-21 05:04:14,2058439643032060140,,,,,55.0
2025-07-21 05:03:25.000,2025-07-21 05:04:14,2058439643032076524,,,,,99.0
2025-07-21 05:03:28.000,2025-07-21 05:04:14,2058439643032092908,,,37.0,510349.99999999994,
2025-07-21 05:03:36.000,2025-07-21 05:04:14,2058439643032109292,,,,,102.0
2025-07-21 05:03:46.000,2025-07-21 05:04:14,2058439643032142060,,,,,104.0
2025-07-21 05:03:56.000,2025-07-21 05:05:15,2058439897210962156,,,,,106.0
2025-07-21 05:04:07.000,2025-07-21 05:05:15,2058439897210978540,,,,,105.0
2025-07-21 05:04:12.000,2025-07-21 05:04:13,2058439636551729388,,35.0,,,
2025-07-21 05:04:17.000,2025-07-21 05:05:15,2058439897211044076,,,,,106.0
2025-07-21 05:04:28.000,2025-07-21 05:05:15,2058439897211060460,,,,,100.0
2025-07-21 05:04:29.000,2025-07-21 05:05:15,2058439897211076844,,,37.0,510510.0,
2025-07-21 05:04:38.000,2025-07-21 05:05:15,2058439897211093228,,,,,110.0
2025-07-21 05:04:43.000,2025-07-21 05:05:15,2058439897211125996,109.74954780321879,,,,
2025-07-21 05:04:48.000,2025-07-21 05:05:15,2058439897211158764,,,,,109.0
2025-07-21 05:04:59.000,2025-07-21 05:06:16,2058440151868113132,,,,,110.0
2025-07-21 05:05:09.000,2025-07-21 05:06:16,2058440151910154476,,,,,109.0
2025-07-21 05:05:13.000,2025-07-21 05:05:14,2058439892987281644,,40.0,,,
2025-07-21 05:05:19.000,2025-07-21 05:06:16,2058440151910203628,,,,,113.0
2025-07-21 05:05:29.000,2025-07-21 05:06:16,2058440151910236396,,,37.0,510739.99999999994,
2025-07-21 05:05:30.000,2025-07-21 05:06:16,2058440151910252780,,,,,104.0
2025-07-21 05:05:40.000,2025-07-21 05:06:16,2058440151910285548,,,,,103.0
2025-07-21 05:05:51.000,2025-07-21 05:06:16,2058440151910301932,,,,,101.0
2025-07-21 05:06:01.000,2025-07-21 05:07:17,2058440407926178028,,,,,111.0
2025-07-21 05:06:11.000,2025-07-21 05:07:17,2058440407968170220,,,,,109.0
2025-07-21 05:06:13.000,2025-07-21 05:07:17,2058440407968186604,107.52714724021064,,,,
2025-07-21 05:06:14.000,2025-07-21 05:06:15,2058440147812221164,,40.0,,,
2025-07-21 05:06:22.000,2025-07-21 05:07:17,2058440407968219372,,,,,107.0
2025-07-21 05:06:29.000,2025-07-21 05:07:17,2058440407968235756,,,37.0,510939.99999999994,
2025-07-21 05:06:32.000,2025-07-21 05:07:17,2058440407968252140,,,,,106.0
2025-07-21 05:06:42.000,2025-07-21 05:07:17,2058440407968284908,,,,,108.0
2025-07-21 05:07:03.000,2025-07-21 05:08:17,2058440662180692204,,,,,107.0
2025-07-21 05:07:14.000,2025-07-21 05:08:17,2058440662222651628,,,,,110.0
2025-07-21 05:07:15.000,2025-07-21 05:07:17,2058440408274305260,,33.0,,,
2025-07-21 05:07:24.000,2025-07-21 05:08:17,2058440662222684396,,,,,109.0
2025-07-21 05:07:29.000,2025-07-21 05:08:17,2058440662222700780,,,37.0,511030.0,
2025-07-21 05:07:34.000,2025-07-21 05:08:17,2058440662222717164,,,,,107.0
2025-07-21 05:07:44.000,2025-07-21 05:08:17,2058440662222749932,105.1232506312235,,,,
2025-07-21 05:07:55.000,2025-07-21 05:08:17,2058440662222782700,,,,,108.0
2025-07-21 05:08:05.000,2025-07-21 05:09:18,2058440916544258284,,,,,109.0
2025-07-21 05:08:16.000,2025-07-21 05:08:17,2058440660960149740,,37.0,,,
2025-07-21 05:08:16.000,2025-07-21 05:09:18,2058440916586217708,,,,,114.0
2025-07-21 05:08:29.000,2025-07-21 05:09:18,2058440916586283244,,,36.0,511270.0,
2025-07-21 05:08:37.000,2025-07-21 05:09:18,2058440916586299628,,,,,116.0
2025-07-21 05:08:47.000,2025-07-21 05:09:18,2058440916586348780,,,,,117.0
2025-07-21 05:08:57.000,2025-07-21 05:09:18,2058440916586365164,,,,,114.0
2025-07-21 05:09:08.000,2025-07-21 05:10:19,2058441171461472492,,,,,116.0
2025-07-21 05:09:14.000,2025-07-21 05:10:19,2058441171507642604,115.175909177897,,,,
2025-07-21 05:09:17.000,2025-07-21 05:09:18,2058440917341176044,,38.0,,,
2025-07-21 05:09:18.000,2025-07-21 05:10:19,2058441171507658988,,,,,117.0
2025-07-21 05:09:28.000,2025-07-21 05:10:19,2058441171507691756,,,,,113.0
2025-07-21 05:09:29.000,2025-07-21 05:10:19,2058441171507708140,,,36.0,511379.99999999994,
2025-07-21 05:09:39.000,2025-07-21 05:10:19,2058441171507740908,,,,,108.0
2025-07-21 05:09:49.000,2025-07-21 05:10:19,2058441171507773676,,,,,101.0
2025-07-21 05:09:59.000,2025-07-21 05:11:20,2058441426991071468,,,,,90.0
2025-07-21 05:10:10.000,2025-07-21 05:11:20,2058441426991186156,,,,,94.0
2025-07-21 05:10:19.000,2025-07-21 05:10:21,2058441179267072236,,36.0,,,
2025-07-21 05:10:20.000,2025-07-21 05:11:20,2058441427033030892,,,,,103.0
2025-07-21 05:10:29.000,2025-07-21 05:11:20,2058441427033063660,,,36.0,511610.0,
2025-07-21 05:10:31.000,2025-07-21 05:11:20,2058441427033080044,,,,,105.0
2025-07-21 05:10:41.000,2025-07-21 05:11:20,2058441427033129196,,,,,106.0
2025-07-21 05:10:45.000,2025-07-21 05:11:20,2058441427033161964,106.82709106286308,,,,
2025-07-21 05:10:51.000,2025-07-21 05:11:20,2058441427033178348,,,,,110.0
2025-07-21 05:11:02.000,2025-07-21 05:12:20,2058441681245569260,,,,,115.0
2025-07-21 05:11:12.000,2025-07-21 05:12:20,2058441681287561452,,,,,113.0
2025-07-21 05:11:20.000,2025-07-21 05:11:22,2058441435648098540,,37.0,,,
2025-07-21 05:11:22.000,2025-07-21 05:12:20,2058441681287594220,,,,,110.0
2025-07-21 05:11:30.000,2025-07-21 05:12:20,2058441681287610604,,,36.0,511750.00000000006,
2025-07-21 05:11:43.000,2025-07-21 05:12:20,2058441681287659756,,,,,112.0
2025-07-21 05:11:54.000,2025-07-21 05:12:20,2058441681287676140,,,,,109.0
2025-07-21 05:12:04.000,2025-07-21 05:13:23,2058441944043880684,,,,,114.0
2025-07-21 05:12:14.000,2025-07-21 05:13:23,2058441944085840108,114.87403310142173,,,,117.0
2025-07-21 05:12:22.000,2025-07-21 05:12:22,2058441688317165804,,30.0,,,
2025-07-21 05:12:25.000,2025-07-21 05:13:23,2058441944085889260,,,,,113.0
2025-07-21 05:12:30.000,2025-07-21 05:13:23,2058441944085905644,,,36.0,511980.0,
2025-07-21 05:12:35.000,2025-07-21 05:13:23,2058441944085922028,,,,,109.0
2025-07-21 05:12:46.000,2025-07-21 05:13:23,2058441944085954796,,,,,108.0
2025-07-21 05:12:56.000,2025-07-21 05:13:23,2058441944085971180,,,,,107.0
2025-07-21 05:13:06.000,2025-07-21 05:14:25,2058442202534641900,,,,,104.0
2025-07-21 05:13:17.000,2025-07-21 05:14:25,2058442202576617708,,,,,105.0
2025-07-21 05:13:22.000,2025-07-21 05:13:25,2058441952596066540,,32.0,,,
2025-07-21 05:13:27.000,2025-07-21 05:14:25,2058442202576666860,,,,,110.0
2025-07-21 05:13:30.000,2025-07-21 05:14:25,2058442202576683244,,,35.0,512200.00000000006,
2025-07-21 05:13:37.000,2025-07-21 05:14:25,2058442202576699628,,,,,111.0
2025-07-21 05:13:46.000,2025-07-21 05:14:25,2058442202576732396,107.65678727305279,,,,
2025-07-21 05:13:48.000,2025-07-21 05:14:25,2058442202576748780,,,,,109.0
2025-07-21 05:13:58.000,2025-07-21 05:14:25,2058442202576765164,,,,,114.0
2025-07-21 05:14:09.000,2025-07-21 05:15:47,2058442548396949740,,,,,113.0
2025-07-21 05:14:19.000,2025-07-21 05:15:47,2058442548396998892,,,,,114.0
2025-07-21 05:14:24.000,2025-07-21 05:14:28,2058442215176274156,,35.0,,,
2025-07-21 05:14:29.000,2025-07-21 05:15:47,2058442548397064428,,,,,105.0
2025-07-21 05:14:30.000,2025-07-21 05:15:47,2058442548397080812,,,35.0,512370.0,
2025-07-21 05:14:40.000,2025-07-21 05:15:47,2058442548397113580,,,,,93.0
2025-07-21 05:14:50.000,2025-07-21 05:15:47,2058442548397162732,,,,,92.0
2025-07-21 05:15:00.000,2025-07-21 05:15:47,2058442548397179116,,,,,95.0
2025-07-21 05:15:11.000,2025-07-21 05:16:23,2058442698767040748,,,,,94.0
2025-07-21 05:15:17.000,2025-07-21 05:16:23,2058442698767073516,93.26674362757507,,,,
2025-07-21 05:15:25.000,2025-07-21 05:15:49,2058442556441624812,,35.0,,,
2025-07-21 05:15:27.000,2025-07-21 05:16:23,2058442698767139052,94.568699957404,,,,
2025-07-21 05:15:31.000,2025-07-21 05:16:23,2058442698767155436,,,35.0,512380.0,91.0
2025-07-21 05:15:42.000,2025-07-21 05:16:23,2058442698767171820,,,,,90.0
2025-07-21 05:15:52.000,2025-07-21 05:16:23,2058442698767204588,,,,,88.0
2025-07-21 05:16:13.000,2025-07-21 05:17:24,2058442954099409132,,,,,90.0
2025-07-21 05:16:23.000,2025-07-21 05:17:24,2058442954099441900,,,,,77.0
2025-07-21 05:16:25.000,2025-07-21 05:16:26,2058442711505043692,,36.0,,,
2025-07-21 05:16:32.000,2025-07-21 05:17:24,2058442954099491052,,,35.0,512440.00000000006,
2025-07-21 05:16:34.000,2025-07-21 05:17:24,2058442954099507436,,,,,71.0
2025-07-21 05:16:44.000,2025-07-21 05:17:24,2058442954099523820,,,,,57.0
2025-07-21 05:16:55.000,2025-07-21 05:17:24,2058442954099556588,,,,,25.0
2025-07-21 05:16:58.000,2025-07-21 05:17:24,2058442954099572972,30.39317969960553,,,,
2025-07-21 05:17:04.000,2025-07-21 05:18:24,2058443208274215148,38.70866180619433,,,,
2025-07-21 05:17:05.000,2025-07-21 05:18:24,2058443208316158188,,,,,43.0
2025-07-21 05:17:08.000,2025-07-21 05:18:24,2058443208316174572,47.34639199441931,,,,
2025-07-21 05:17:15.000,2025-07-21 05:18:24,2058443208316190956,,,,,75.0
2025-07-21 05:17:26.000,2025-07-21 05:17:27,2058442968552964332,,28.999999999999996,,,
2025-07-21 05:17:26.000,2025-07-21 05:18:24,2058443208316207340,,,,,88.0
2025-07-21 05:17:32.000,2025-07-21 05:18:24,2058443208316256492,,,35.0,512500.0,
2025-07-21 05:17:36.000,2025-07-21 05:18:24,2058443208316272876,,,,,91.0
2025-07-21 05:17:47.000,2025-07-21 05:18:24,2058443208316305644,,,,,89.0
2025-07-21 05:17:57.000,2025-07-21 05:18:24,2058443208316322028,,,,,91.0
2025-07-21 05:18:07.000,2025-07-21 05:19:25,2058443463426343148,,,,,66.0
2025-07-21 05:18:18.000,2025-07-21 05:19:25,2058443463426392300,,,,,36.0
2025-07-21 05:18:24.000,2025-07-21 05:19:25,2058443463426408684,43.784995092198756,,,,
2025-07-21 05:18:27.000,2025-07-21 05:18:30,2058443231401607404,,23.0,,,
2025-07-21 05:18:28.000,2025-07-21 05:19:25,2058443463426425068,,,,,55.0
2025-07-21 05:18:32.000,2025-07-21 05:19:25,2058443463426474220,,,35.0,512669.99999999994,
2025-07-21 05:18:38.000,2025-07-21 05:19:25,2058443463426490604,,,,,89.0
2025-07-21 05:18:59.000,2025-07-21 05:19:25,2058443463426556140,,,,,95.0
2025-07-21 05:19:09.000,2025-07-21 05:20:27,2058443722575577324,,,,,100.0
2025-07-21 05:19:20.000,2025-07-21 05:20:27,2058443722613342444,,,,,91.0
2025-07-21 05:19:28.000,2025-07-21 05:19:29,2058443479289168108,,35.0,,,
2025-07-21 05:19:30.000,2025-07-21 05:20:27,2058443722613358828,,,,,71.0
2025-07-21 05:19:32.000,2025-07-21 05:20:27,2058443722613391596,,,35.0,512780.0,
2025-07-21 05:19:41.000,2025-07-21 05:20:27,2058443722613424364,,,,,29.0
2025-07-21 05:19:43.000,2025-07-21 05:20:27,2058443722613440748,35.70842104613333,,,,
2025-07-21 05:19:48.000,2025-07-21 05:20:27,2058443722613473516,47.748276096229944,,,,
2025-07-21 05:19:51.000,2025-07-21 05:20:27,2058443722613489900,,,,,64.0
2025-07-21 05:20:01.000,2025-07-21 05:20:27,2058443722613506284,,,,,90.0
2025-07-21 05:20:12.000,2025-07-21 05:21:27,2058443974540050668,,,,,92.0
2025-07-21 05:20:22.000,2025-07-21 05:21:27,2058443974540116204,,,,,93.0
2025-07-21 05:20:29.000,2025-07-21 05:20:30,2058443734420308204,,40.0,,,
2025-07-21 05:20:29.000,2025-07-21 05:21:27,2058443974540148972,92.80744751122005,,,,
2025-07-21 05:20:32.000,2025-07-21 05:21:27,2058443974540181740,,,34.0,512860.0,82.0
2025-07-21 05:20:43.000,2025-07-21 05:21:27,2058443974540230892,,,,,45.0
2025-07-21 05:20:53.000,2025-07-21 05:21:27,2058443974540263660,,,,,24.0
2025-07-21 05:21:00.000,2025-07-21 05:21:27,2058443974540280044,38.397525727373186,,,,
2025-07-21 05:21:04.000,2025-07-21 05:21:27,2058443974540296428,,,,,39.0
2025-07-21 05:21:14.000,2025-07-21 05:22:28,2058444228563828972,,,,,56.0
2025-07-21 05:21:24.000,2025-07-21 05:22:28,2058444228605788396,,,,,60.00000000000001
2025-07-21 05:21:30.000,2025-07-21 05:21:30,2058443988762886380,,41.0,,,
2025-07-21 05:21:33.000,2025-07-21 05:22:28,2058444228605837548,,,34.0,513000.0,
2025-07-21 05:21:35.000,2025-07-21 05:22:28,2058444228605853932,,,,,22.0
2025-07-21 05:21:45.000,2025-07-21 05:22:28,2058444228605870316,,,,,21.0
2025-07-21 05:21:55.000,2025-07-21 05:22:28,2058444228605935852,,,,,56.0
2025-07-21 05:22:06.000,2025-07-21 05:22:28,2058444228605952236,,,,,76.0
2025-07-21 05:22:16.000,2025-07-21 05:23:29,2058444484290543852,,,,,90.0
2025-07-21 05:22:26.000,2025-07-21 05:23:29,2058444484332503276,,,,,88.0
2025-07-21 05:22:31.000,2025-07-21 05:22:32,2058444245294924012,,28.999999999999996,,,
2025-07-21 05:22:31.000,2025-07-21 05:23:29,2058444484332519660,81.77322871588461,,,,
2025-07-21 05:22:34.000,2025-07-21 05:23:29,2058444484332552428,,,34.0,513049.99999999994,
2025-07-21 05:22:37.000,2025-07-21 05:23:29,2058444484332585196,,,,,87.0
2025-07-21 05:22:46.000,2025-07-21 05:23:29,2058444484332617964,81.07132053806787,,,,
2025-07-21 05:22:47.000,2025-07-21 05:23:29,2058444484332634348,,,,,81.0
2025-07-21 05:22:55.000,2025-07-21 05:23:29,2058444484332683500,58.65100285825406,,,,
2025-07-21 05:22:57.000,2025-07-21 05:23:29,2058444484332699884,,,,,52.0
2025-07-21 05:23:02.000,2025-07-21 05:23:29,2058444484332716268,38.1456536635656,,,,
2025-07-21 05:23:08.000,2025-07-21 05:23:29,2058444484332749036,33.80456456382303,,,,34.0
2025-07-21 05:23:14.000,2025-07-21 05:24:29,2058444739560079596,48.894664386648316,,,,
2025-07-21 05:23:18.000,2025-07-21 05:24:29,2058444739560095980,,,,,60.00000000000001
2025-07-21 05:23:28.000,2025-07-21 05:24:29,2058444739560128748,,,,,66.0
2025-07-21 05:23:32.000,2025-07-21 05:23:33,2058444503190143212,,35.0,,,
2025-07-21 05:23:35.000,2025-07-21 05:24:29,2058444739560161516,,,34.0,513159.99999999994,
2025-07-21 05:23:39.000,2025-07-21 05:24:29,2058444739560177900,,,,,54.0
2025-07-21 05:23:49.000,2025-07-21 05:24:29,2058444739560210668,,,,,30.000000000000004
2025-07-21 05:23:54.000,2025-07-21 05:24:29,2058444739560243436,12.280615111089164,,,,
2025-07-21 05:23:59.000,2025-07-21 05:24:29,2058444739560276204,,,,,32.0
2025-07-21 05:24:01.000,2025-07-21 05:24:29,2058444739560292588,33.699000537080146,,,,
2025-07-21 05:24:07.000,2025-07-21 05:24:29,2058444739560308972,42.914554871687244,,,,
2025-07-21 05:24:10.000,2025-07-21 05:25:31,2058444995651698924,,,,,48.0
2025-07-21 05:24:12.000,2025-07-21 05:25:31,2058444995861430508,53.150561464808916,,,,
2025-07-21 05:24:20.000,2025-07-21 05:25:31,2058444995861463276,,,,,74.0
2025-07-21 05:24:31.000,2025-07-21 05:25:31,2058444995861496044,,,,,70.0
2025-07-21 05:24:33.000,2025-07-21 05:24:35,2058444760846172396,,27.0,,,
2025-07-21 05:24:34.000,2025-07-21 05:25:31,2058444995861512428,67.18131701926698,,,,
2025-07-21 05:24:35.000,2025-07-21 05:25:31,2058444995861528812,,,34.0,513230.0,
2025-07-21 05:24:41.000,2025-07-21 05:25:31,2058444995861577964,,,,,56.0
2025-07-21 05:24:48.000,2025-07-21 05:25:31,2058444995861610732,22.077697593016723,,,,
2025-07-21 05:24:51.000,2025-07-21 05:25:31,2058444995861643500,,,,,30.000000000000004
2025-07-21 05:24:55.000,2025-07-21 05:25:31,2058444995861659884,27.02624284664819,,,,
2025-07-21 05:25:02.000,2025-07-21 05:25:31,2058444995861676268,,,,,44.0
2025-07-21 05:25:12.000,2025-07-21 05:26:32,2058445252041113836,,,,,46.0
2025-07-21 05:25:22.000,2025-07-21 05:26:32,2058445252041261292,,,,,30.000000000000004
2025-07-21 05:25:27.000,2025-07-21 05:26:32,2058445252041294060,34.38053670973596,,,,
2025-07-21 05:25:33.000,2025-07-21 05:26:32,2058445252041310444,,,,,52.0
2025-07-21 05:25:34.000,2025-07-21 05:25:34,2058445011728466156,,24.0,,,
2025-07-21 05:25:36.000,2025-07-21 05:26:32,2058445252041343212,,,34.0,513280.0,
2025-07-21 05:25:39.000,2025-07-21 05:26:32,2058445252041375980,74.83193095742251,,,,
2025-07-21 05:25:43.000,2025-07-21 05:26:32,2058445252041392364,,,,,83.0
2025-07-21 05:25:53.000,2025-07-21 05:26:32,2058445252041425132,,,,,80.0
2025-07-21 05:26:04.000,2025-07-21 05:26:32,2058445252041457900,,,,,67.0
2025-07-21 05:26:14.000,2025-07-21 05:27:33,2058445507562307820,,,,,80.0
2025-07-21 05:26:25.000,2025-07-21 05:27:33,2058445507604267244,,,,,89.0
2025-07-21 05:26:35.000,2025-07-21 05:26:35,2058445265756487916,,26.0,,,
2025-07-21 05:26:35.000,2025-07-21 05:27:33,2058445507604283628,,,,,88.0
2025-07-21 05:26:36.000,2025-07-21 05:27:33,2058445507604300012,,,34.0,513419.99999999994,
2025-07-21 05:26:45.000,2025-07-21 05:27:33,2058445507604349164,,,,,82.0
2025-07-21 05:26:56.000,2025-07-21 05:27:33,2058445507604398316,,,,,84.0
2025-07-21 05:27:06.000,2025-07-21 05:27:33,2058445507604431084,,,,,77.0
2025-07-21 05:27:08.000,2025-07-21 05:27:33,2058445507604447468,74.71155092692624,,,,
2025-07-21 05:27:16.000,2025-07-21 05:29:03,2058445888237338860,,,,,79.0
2025-07-21 05:27:27.000,2025-07-21 05:29:03,2058445888279314668,,,,,46.0
2025-07-21 05:27:35.000,2025-07-21 05:27:36,2058445522615664876,,27.0,,,
2025-07-21 05:27:37.000,2025-07-21 05:29:03,2058445888279363820,,,34.0,513470.0,20.0
2025-07-21 05:27:47.000,2025-07-21 05:29:03,2058445888279412972,,,,,39.0
2025-07-21 05:27:58.000,2025-07-21 05:29:03,2058445888279445740,,,,,45.0
2025-07-21 05:28:08.000,2025-07-21 05:29:03,2058445888279462124,,,,,67.0
2025-07-21 05:28:36.000,2025-07-21 05:29:05,2058445896651112684,,35.0,,,
2025-07-21 05:28:37.000,2025-07-21 05:29:34,2058446017174503660,,,34.0,513539.99999999994,
2025-07-21 05:28:38.000,2025-07-21 05:29:34,2058446017174520044,66.95352096155865,,,,
2025-07-21 05:28:39.000,2025-07-21 05:29:34,2058446017174536428,,,,,71.0
2025-07-21 05:28:50.000,2025-07-21 05:29:34,2058446017174569196,,,,,77.0
2025-07-21 05:29:00.000,2025-07-21 05:29:34,2058446017174601964,,,,,81.0
2025-07-21 05:29:10.000,2025-07-21 05:29:34,2058446017174618348,,,,,70.0
2025-07-21 05:29:21.000,2025-07-21 05:30:38,2058446285559578860,,,,,19.0
2025-07-21 05:29:31.000,2025-07-21 05:30:38,2058446285559611628,,,,,29.0
2025-07-21 05:29:37.000,2025-07-21 05:29:37,2058446030789148908,,27.0,,,
2025-07-21 05:29:37.000,2025-07-21 05:30:38,2058446285559644396,,,34.0,513590.00000000006,
2025-07-21 05:29:41.000,2025-07-21 05:30:38,2058446285559693548,,,,,46.0
2025-07-21 05:29:52.000,2025-07-21 05:30:38,2058446285559709932,,,,,55.0
2025-07-21 05:30:02.000,2025-07-21 05:30:38,2058446285559726316,,,,,60.00000000000001
2025-07-21 05:30:09.000,2025-07-21 05:30:38,2058446285559742700,66.57756486631644,,,,
2025-07-21 05:30:13.000,2025-07-21 05:30:38,2058446285559759084,,,,,67.0
2025-07-21 05:30:23.000,2025-07-21 05:31:36,2058446528778961132,,,,,62.0
2025-07-21 05:30:33.000,2025-07-21 05:31:36,2058446528779010284,,,,,67.0
2025-07-21 05:30:37.000,2025-07-21 05:31:36,2058446528779026668,,,33.0,513669.99999999994,
2025-07-21 05:30:38.000,2025-07-21 05:30:40,2058446294271131884,,32.0,,,
2025-07-21 05:30:54.000,2025-07-21 05:31:36,2058446528779124972,,,,,30.000000000000004
2025-07-21 05:31:03.000,2025-07-21 05:31:36,2058446528779141356,24.17786612505942,,,,
2025-07-21 05:31:04.000,2025-07-21 05:31:36,2058446528779157740,,,,,23.0
2025-07-21 05:31:15.000,2025-07-21 05:31:36,2058446528779190508,,,,,47.0
2025-07-21 05:31:25.000,2025-07-21 05:32:37,2058446784274923756,,,,,63.0
2025-07-21 05:31:35.000,2025-07-21 05:32:37,2058446784274940140,,,,,65.0
2025-07-21 05:31:37.000,2025-07-21 05:32:37,2058446784274956524,,,33.0,513730.0,
2025-07-21 05:31:38.000,2025-07-21 05:31:39,2058446541688930540,,33.0,,,
2025-07-21 05:31:46.000,2025-07-21 05:32:37,2058446784275005676,,,,,72.0
2025-07-21 05:31:56.000,2025-07-21 05:32:37,2058446784275038444,,,,,78.0
2025-07-21 05:32:17.000,2025-07-21 05:33:38,2058447039678644460,,,,,58.0
2025-07-21 05:32:27.000,2025-07-21 05:33:38,2058447039678709996,,,,,21.0
2025-07-21 05:32:35.000,2025-07-21 05:33:38,2058447039678742764,32.25999617253237,,,,
2025-07-21 05:32:38.000,2025-07-21 05:33:38,2058447039678759148,,,33.0,513780.0,45.0
2025-07-21 05:32:39.000,2025-07-21 05:32:40,2058446797231096044,,26.0,,,
2025-07-21 05:32:48.000,2025-07-21 05:33:38,2058447039678808300,,,,,58.0
2025-07-21 05:32:58.000,2025-07-21 05:33:38,2058447039678841068,,,,,65.0
2025-07-21 05:33:03.000,2025-07-21 05:33:38,2058447039678857452,62.29944378252576,,,,
2025-07-21 05:33:09.000,2025-07-21 05:33:38,2058447039678873836,,,,,72.0
2025-07-21 05:33:19.000,2025-07-21 05:34:39,2058447294671356140,,,,,76.0
2025-07-21 05:33:29.000,2025-07-21 05:34:39,2058447294671405292,,,,,72.0
2025-07-21 05:33:38.000,2025-07-21 05:34:39,2058447294671421676,,,33.0,513870.0,
2025-07-21 05:33:40.000,2025-07-21 05:33:40,2058447049216508140,,30.0,,,
2025-07-21 05:33:40.000,2025-07-21 05:34:39,2058447294671438060,,,,,77.0
2025-07-21 05:33:50.000,2025-07-21 05:34:39,2058447294671503596,,,,,76.0
2025-07-21 05:34:00.000,2025-07-21 05:34:39,2058447294671536364,,,,,73.0
2025-07-21 05:34:11.000,2025-07-21 05:34:39,2058447294671585516,,,,,81.0
2025-07-21 05:34:21.000,2025-07-21 05:35:40,2058447550138024172,,,,,76.0
2025-07-21 05:34:32.000,2025-07-21 05:35:40,2058447550179983596,,,,,73.0
2025-07-21 05:34:34.000,2025-07-21 05:35:40,2058447550179999980,72.74287442819487,,,,
2025-07-21 05:34:38.000,2025-07-21 05:35:40,2058447550180016364,,,33.0,513890.0,
2025-07-21 05:34:41.000,2025-07-21 05:34:42,2058447306801397996,,43.0,,,
2025-07-21 05:34:42.000,2025-07-21 05:35:40,2058447550180032748,,,,,66.0
2025-07-21 05:34:52.000,2025-07-21 05:35:40,2058447550180065516,,,,,49.0
2025-07-21 05:35:02.000,2025-07-21 05:35:40,2058447550180098284,41.35702247711236,,,,
2025-07-21 05:35:03.000,2025-07-21 05:35:40,2058447550180114668,,,,,40.0
2025-07-21 05:35:08.000,2025-07-21 05:35:40,2058447550180147436,45.06472741639761,,,,
2025-07-21 05:35:13.000,2025-07-21 05:35:40,2058447550180163820,,,,,72.0
2025-07-21 05:35:18.000,2025-07-21 05:35:40,2058447550180180204,78.17849580521894,,,,
2025-07-21 05:35:23.000,2025-07-21 05:36:41,2058447805852483820,,,,,66.0
2025-07-21 05:35:34.000,2025-07-21 05:36:41,2058447805852532972,,,,,45.0
2025-07-21 05:35:39.000,2025-07-21 05:36:41,2058447805852565740,,,33.0,513950.00000000006,
2025-07-21 05:35:42.000,2025-07-21 05:35:42,2058447561584279788,,26.0,,,
2025-07-21 05:35:44.000,2025-07-21 05:36:41,2058447805852598508,34.07310463185318,,,,34.0
2025-07-21 05:35:50.000,2025-07-21 05:36:41,2058447805852631276,33.154512399143144,,,,
2025-07-21 05:35:54.000,2025-07-21 05:36:41,2058447805852647660,,,,,48.0
2025-07-21 05:35:55.000,2025-07-21 05:36:41,2058447805852664044,53.33576151172625,,,,
2025-07-21 05:36:05.000,2025-07-21 05:36:41,2058447805852680428,,,,,76.0
2025-07-21 05:36:15.000,2025-07-21 05:36:41,2058447805852713196,,,,,56.0
2025-07-21 05:36:25.000,2025-07-21 05:37:41,2058448060786147564,,,,,49.0
2025-07-21 05:36:36.000,2025-07-21 05:37:41,2058448060828090604,,,,,52.0
2025-07-21 05:36:39.000,2025-07-21 05:37:41,2058448060828123372,,,33.0,513990.0,
2025-07-21 05:36:43.000,2025-07-21 05:36:43,2058447817277440236,,32.0,,,
2025-07-21 05:36:46.000,2025-07-21 05:37:41,2058448060828156140,,,,,42.0
2025-07-21 05:36:56.000,2025-07-21 05:37:41,2058448060828172524,,,,,38.0
2025-07-21 05:37:07.000,2025-07-21 05:37:41,2058448060828188908,,,,,33.0
2025-07-21 05:37:17.000,2025-07-21 05:37:41,2058448060828205292,,,,,36.0
2025-07-21 05:37:26.000,2025-07-21 05:38:49,2058448343666868460,36.832585330921624,,,,
2025-07-21 05:37:38.000,2025-07-21 05:38:49,2058448343666917612,,,,,32.0
2025-07-21 05:37:39.000,2025-07-21 05:38:49,2058448343666933996,,,33.0,514080.00000000006,
2025-07-21 05:37:44.000,2025-07-21 05:37:44,2058448072073019628,,28.999999999999996,,,
2025-07-21 05:37:48.000,2025-07-21 05:38:49,2058448343666983148,,,,,25.0
2025-07-21 05:37:59.000,2025-07-21 05:38:49,2058448343667015916,33.48046448171767,,,,32.0
2025-07-21 05:38:05.000,2025-07-21 05:38:49,2058448343667032300,35.70842104613333,,,,
2025-07-21 05:38:09.000,2025-07-21 05:38:49,2058448343667048684,,,,,39.0
2025-07-21 05:38:20.000,2025-07-21 05:38:49,2058448343667065068,,,,,63.0
2025-07-21 05:38:23.000,2025-07-21 05:39:50,2058448601683607788,73.81147869890793,,,,
2025-07-21 05:38:30.000,2025-07-21 05:39:50,2058448601725550828,,,,,84.0
2025-07-21 05:38:39.000,2025-07-21 05:39:50,2058448601725583596,,,33.0,514169.99999999994,
2025-07-21 05:38:40.000,2025-07-21 05:39:50,2058448601725599980,,,,,79.0
2025-07-21 05:38:44.000,2025-07-21 05:38:50,2058448347202601196,,40.0,,,
2025-07-21 05:38:51.000,2025-07-21 05:39:50,2058448601725649132,,,,,32.0
2025-07-21 05:38:53.000,2025-07-21 05:39:50,2058448601725665516,29.13752338150593,,,,
2025-07-21 05:39:01.000,2025-07-21 05:39:50,2058448601725714668,,,,,62.0
2025-07-21 05:39:11.000,2025-07-21 05:39:50,2058448601725731052,85.46982165235482,,,,87.0
2025-07-21 05:39:22.000,2025-07-21 05:39:50,2058448601725763820,,,,,96.0
2025-07-21 05:39:32.000,2025-07-21 05:40:44,2058448825030279404,,,,,86.0
2025-07-21 05:39:40.000,2025-07-21 05:40:44,2058448825030312172,,,33.0,514270.0,
2025-07-21 05:39:43.000,2025-07-21 05:40:44,2058448825030328556,,,,,32.0
2025-07-21 05:39:45.000,2025-07-21 05:39:52,2058448610575515884,,19.0,,,
2025-07-21 05:39:45.000,2025-07-21 05:40:44,2058448825030344940,35.35654095699038,,,,
2025-07-21 05:39:51.000,2025-07-21 05:40:44,2058448825030410476,42.75157883039997,,,,
2025-07-21 05:39:53.000,2025-07-21 05:40:44,2058448825030426860,,,,,51.0
2025-07-21 05:40:03.000,2025-07-21 05:40:44,2058448825030459628,,,,,71.0
2025-07-21 05:40:14.000,2025-07-21 05:40:44,2058448825030476012,,,,,67.0
2025-07-21 05:40:24.000,2025-07-21 05:43:12,2058449447381106924,70.16118577416707,,,,71.0
2025-07-21 05:40:34.000,2025-07-21 05:43:12,2058449447402143980,,,,,80.0
2025-07-21 05:40:40.000,2025-07-21 05:43:12,2058449447402160364,,,33.0,514390.0,
2025-07-21 05:40:45.000,2025-07-21 05:43:12,2058449447402176748,,,,,89.0
2025-07-21 05:40:46.000,2025-07-21 05:40:47,2058448838200393964,,28.999999999999996,,,
2025-07-21 05:40:55.000,2025-07-21 05:43:12,2058449447402225900,,,,,78.0
2025-07-21 05:41:05.000,2025-07-21 05:43:12,2058449447402258668,,,,,83.0
2025-07-21 05:41:16.000,2025-07-21 05:43:12,2058449447402275052,,,,,79.0
2025-07-21 05:41:26.000,2025-07-21 05:43:12,2058449447402291436,,,,,89.0
2025-07-21 05:41:37.000,2025-07-21 05:43:12,2058449447402340588,,,,,87.0
2025-07-21 05:41:40.000,2025-07-21 05:43:12,2058449447402356972,,,32.0,514500.0,
2025-07-21 05:41:47.000,2025-07-21 05:42:32,2058449281060176108,,30.0,,,
2025-07-21 05:41:47.000,2025-07-21 05:43:12,2058449447402389740,,,,,93.0
2025-07-21 05:41:55.000,2025-07-21 05:43:12,2058449447402438892,90.09611882435011,,,,
2025-07-21 05:41:57.000,2025-07-21 05:43:12,2058449447402455276,,,,,94.0
2025-07-21 05:42:07.000,2025-07-21 05:43:12,2058449447402488044,,,,,104.0
2025-07-21 05:42:18.000,2025-07-21 05:43:12,2058449447402520812,,,,,89.0
2025-07-21 05:42:28.000,2025-07-21 05:43:12,2058449447402553580,,,,,92.0
2025-07-21 05:42:39.000,2025-07-21 05:43:12,2058449447402586348,,,,,95.0
2025-07-21 05:42:40.000,2025-07-21 05:43:12,2058449447402602732,,,32.0,514659.99999999994,
2025-07-21 05:42:48.000,2025-07-21 05:42:49,2058449351289602284,,30.0,,,
2025-07-21 05:42:49.000,2025-07-21 05:43:12,2058449447402619116,,,,,98.0
2025-07-21 05:42:59.000,2025-07-21 05:44:13,2058449701803393260,,,,,97.0
2025-07-21 05:43:10.000,2025-07-21 05:44:13,2058449701803409644,,,,,102.0
2025-07-21 05:43:20.000,2025-07-21 05:44:13,2058449701803426028,,,,,99.0
2025-07-21 05:43:23.000,2025-07-21 05:44:13,2058449701803458796,94.11310784198733,,,,
2025-07-21 05:43:30.000,2025-07-21 05:44:13,2058449701803491564,,,,,92.0
2025-07-21 05:43:41.000,2025-07-21 05:44:13,2058449701803524332,,,32.0,514760.0,100.0
2025-07-21 05:43:49.000,2025-07-21 05:43:51,2058449610934288620,,33.0,,,
2025-07-21 05:43:51.000,2025-07-21 05:44:13,2058449701803557100,,,,,95.0
2025-07-21 05:44:01.000,2025-07-21 05:45:13,2058449956846469356,,,,,82.0
2025-07-21 05:44:12.000,2025-07-21 05:45:13,2058449956846518508,,,,,88.0
2025-07-21 05:44:22.000,2025-07-21 05:45:13,2058449956846551276,,,,,80.0
2025-07-21 05:44:32.000,2025-07-21 05:45:13,2058449956846600428,,,,,84.0
2025-07-21 05:44:42.000,2025-07-21 05:45:13,2058449956846616812,,,32.0,514830.00000000006,
2025-07-21 05:44:43.000,2025-07-21 05:45:13,2058449956846633196,,,,,86.0
2025-07-21 05:44:50.000,2025-07-21 05:44:51,2058449862713671916,,33.0,,,
2025-07-21 05:44:53.000,2025-07-21 05:45:13,2058449956846698732,,,,,85.0
2025-07-21 05:44:54.000,2025-07-21 05:46:14,2058450212061446380,83.68819720100997,,,,
2025-07-21 05:45:03.000,2025-07-21 05:46:14,2058450212082450668,,,,,83.0
2025-07-21 05:45:24.000,2025-07-21 05:46:14,2058450212082499820,,,,,77.0
2025-07-21 05:45:34.000,2025-07-21 05:46:14,2058450212082647276,,,,,79.0
2025-07-21 05:45:43.000,2025-07-21 05:46:14,2058450212082680044,,,32.0,514890.0,
2025-07-21 05:45:45.000,2025-07-21 05:46:14,2058450212082696428,,,,,76.0
2025-07-21 05:45:51.000,2025-07-21 05:45:52,2058450119816118508,,27.0,,,
2025-07-21 05:45:55.000,2025-07-21 05:47:15,2058450466840248556,,,,,82.0
2025-07-21 05:46:05.000,2025-07-21 05:47:15,2058450466840281324,,,,,79.0
2025-07-21 05:46:16.000,2025-07-21 05:47:15,2058450466840297708,,,,,77.0
2025-07-21 05:46:25.000,2025-07-21 05:47:15,2058450466840314092,72.76509843382495,,,,
2025-07-21 05:46:26.000,2025-07-21 05:47:15,2058450466840330476,,,,,73.0
2025-07-21 05:46:37.000,2025-07-21 05:47:15,2058450466840379628,52.50421330106738,,,,53.0
2025-07-21 05:46:43.000,2025-07-21 05:47:15,2058450466840412396,,,32.0,514919.99999999994,
2025-07-21 05:46:47.000,2025-07-21 05:47:15,2058450466840428780,,,,,64.0
2025-07-21 05:46:52.000,2025-07-21 05:46:53,2058450375421198572,,45.0,,,
2025-07-21 05:46:57.000,2025-07-21 05:48:16,2058450722185298156,,,,,41.0
2025-07-21 05:47:01.000,2025-07-21 05:48:16,2058450722185314540,37.65857754017298,,,,
2025-07-21 05:47:08.000,2025-07-21 05:48:16,2058450722185347308,38.03268163494602,,,,38.0
2025-07-21 05:47:14.000,2025-07-21 05:48:16,2058450722185363692,41.25886645224617,,,,
2025-07-21 05:47:18.000,2025-07-21 05:48:16,2058450722185380076,47.503812034299045,,,,46.0
2025-07-21 05:47:28.000,2025-07-21 05:48:16,2058450722185396460,,,,,37.0
2025-07-21 05:47:36.000,2025-07-21 05:48:16,2058450722185445612,17.456956422428963,,,,
2025-07-21 05:47:39.000,2025-07-21 05:48:16,2058450722185478380,,,,,34.0
2025-07-21 05:47:43.000,2025-07-21 05:48:16,2058450722185494764,,,32.0,,
2025-07-21 05:47:49.000,2025-07-21 05:48:16,2058450722185511148,,,,,64.0
2025-07-21 05:47:53.000,2025-07-21 05:47:54,2058450632385233132,,27.0,,,
2025-07-21 05:47:59.000,2025-07-21 05:49:17,2058450977219952876,,,,,67.0
2025-07-21 05:48:10.000,2025-07-21 05:49:17,2058450977219985644,,,,,60.00000000000001
2025-07-21 05:48:20.000,2025-07-21 05:49:17,2058450977220018412,,,,,29.0
2025-07-21 05:48:31.000,2025-07-21 05:49:17,2058450977220051180,,,,,42.0
2025-07-21 05:48:41.000,2025-07-21 05:49:17,2058450977220100332,,,,,34.0
2025-07-21 05:48:43.000,2025-07-21 05:49:17,2058450977220116716,,,32.0,515010.0,
2025-07-21 05:48:51.000,2025-07-21 05:49:17,2058450977220149484,,,,,36.0
2025-07-21 05:48:54.000,2025-07-21 05:48:55,2058450888183251180,,24.0,,,
2025-07-21 05:49:02.000,2025-07-21 05:50:18,2058451232564969708,,,,,50.0
2025-07-21 05:49:06.000,2025-07-21 05:50:18,2058451232565002476,44.214659201047,,,,
2025-07-21 05:49:12.000,2025-07-21 05:50:18,2058451232565018860,,,,,44.0
2025-07-21 05:49:22.000,2025-07-21 05:50:18,2058451232565051628,,,,,28.0
2025-07-21 05:49:33.000,2025-07-21 05:50:18,2058451232565084396,,,,,43.0
2025-07-21 05:49:43.000,2025-07-21 05:50:18,2058451232565117164,,,32.0,515100.0,51.0
2025-07-21 05:49:52.000,2025-07-21 05:50:18,2058451232565149932,12.695463216184015,,,,
2025-07-21 05:49:54.000,2025-07-21 05:50:18,2058451232565166316,,,,,2.0
2025-07-21 05:49:56.000,2025-07-21 05:49:56,2058451142890750188,,17.0,,,
2025-07-21 05:50:02.000,2025-07-21 05:51:19,2058451489130561772,28.283751165216966,,,,
2025-07-21 05:50:04.000,2025-07-21 05:51:19,2058451489130578156,,,,,30.000000000000004
2025-07-21 05:50:14.000,2025-07-21 05:51:19,2058451489130610924,,,,,21.0
2025-07-21 05:50:24.000,2025-07-21 05:51:19,2058451489130676460,35.91214109774241,,,,
2025-07-21 05:50:25.000,2025-07-21 05:51:19,2058451489130692844,,,,,41.0
2025-07-21 05:50:35.000,2025-07-21 05:51:19,2058451489130823916,,,,,33.0
2025-07-21 05:50:43.000,2025-07-21 05:51:19,2058451489130856684,,,32.0,515140.0,
2025-07-21 05:50:45.001,2025-07-21 05:51:19,2058451489130905836,,,,,0.0
2025-07-21 05:50:55.000,2025-07-21 05:51:19,2058451489131167980,,,,,35.0
2025-07-21 05:50:57.000,2025-07-21 05:50:58,2058451403629658348,,40.0,,,
2025-07-21 05:51:06.000,2025-07-21 05:52:20,2058451747801678060,,,,,32.0
2025-07-21 05:51:09.000,2025-07-21 05:52:20,2058451747801710828,18.63112471988493,,,,
2025-07-21 05:51:16.000,2025-07-21 05:52:20,2058451747801727212,,,,,25.0
2025-07-21 05:51:18.000,2025-07-21 05:52:20,2058451747801743596,24.657534246575345,,,,
2025-07-21 05:51:26.000,2025-07-21 05:52:20,2058451747801759980,,,,,21.0
2025-07-21 05:51:31.000,2025-07-21 05:52:20,2058451747801776364,24.798286282232528,,,,
2025-07-21 05:51:37.000,2025-07-21 05:52:20,2058451747801792748,,,,,27.0
2025-07-21 05:51:44.000,2025-07-21 05:52:20,2058451747801809132,,,32.0,515179.99999999994,
2025-07-21 05:51:47.000,2025-07-21 05:52:20,2058451747801825516,,,,,21.0
2025-07-21 05:51:57.000,2025-07-21 05:52:20,2058451747801841900,4.685561187008834,,,,
2025-07-21 05:51:58.000,2025-07-21 05:52:20,2058451747801858284,,,,,5.0
2025-07-21 05:51:59.000,2025-07-21 05:52:00,2058451661323501804,,43.0,,,
2025-07-21 05:52:08.000,2025-07-21 05:53:16,2058451982514979052,,,,,14.0
2025-07-21 05:52:18.000,2025-07-21 05:53:16,2058451982515011820,,,,,4.0
2025-07-21 05:52:29.000,2025-07-21 05:53:16,2058451982515028204,,,,,1.0
2025-07-21 05:52:39.000,2025-07-21 05:53:16,2058451982515060972,,,,,0.0
2025-07-21 05:52:44.000,2025-07-21 05:53:16,2058451982515077356,,,32.0,515190.00000000006,
2025-07-21 05:53:06.000,2025-07-21 05:54:17,2058452237352452332,0.0,,,,
2025-07-21 05:53:44.000,2025-07-21 05:54:17,2058452237352567020,,,32.0,,
2025-07-21 05:54:45.000,2025-07-21 05:55:18,2058452491745460460,,,32.0,,
2025-07-21 05:55:45.000,2025-07-21 05:56:19,2058452746738172140,,,32.0,,
2025-07-21 05:56:46.000,2025-07-21 05:57:19,2058453001789587692,,,32.0,,
2025-07-21 05:57:46.000,2025-07-21 05:58:20,2058453256996192492,,,32.0,,
2025-07-21 05:58:46.000,2025-07-21 05:59:21,2058453511762460908,,,32.0,,
2025-07-21 05:59:47.000,2025-07-21 06:00:22,2058453766172147948,,,32.0,,
2025-07-21 06:00:48.000,2025-07-21 06:44:46,2058464943379874028,,,32.0,,
2025-07-21 06:43:52.000,2025-07-21 06:44:46,2058464943379906796,,,32.0,,
2025-07-21 06:44:52.000,2025-07-21 06:45:47,2058465198527774956,,,32.0,,
2025-07-21 06:45:52.000,2025-07-21 06:46:55,2058465481039298796,,,32.0,,
2025-07-21 06:46:52.000,2025-07-21 06:47:48,2058465706227286252,,,32.0,,
2025-07-21 06:47:53.000,2025-07-21 06:48:49,2058465961253585132,,,32.0,,
2025-07-21 06:48:53.000,2025-07-21 06:49:50,2058466215935901932,,,32.0,,
2025-07-21 06:49:53.000,2025-07-21 06:50:51,2058466472891580652,,,32.0,,
2025-07-21 06:50:54.000,2025-07-21 06:51:22,2058466601505669356,,,32.0,,
2025-07-22 06:51:33.000,2025-07-22 06:52:25,2058829253327192300,,,32.0,,
2025-07-23 06:52:39.000,2025-07-23 06:53:29,2059191911977058540,,,32.0,,
2025-07-23 06:53:40.000,2025-07-24 06:54:44,2059554614927163628,,,32.0,,
2025-07-24 06:53:48.000,2025-07-24 06:54:46,2059554621021487340,,,32.0,,
2025-07-24 06:54:48.000,2025-07-24 16:30:04,2059699402267721964,,,32.0,,
2025-07-24 16:29:05.000,2025-07-24 16:30:06,2059699408085188844,,,32.0,,
2025-07-24 16:29:44.000,2025-07-24 16:30:06,2059699408110518508,0.2500200633384161,,,,
2025-07-24 16:30:06.000,2025-07-24 16:30:46,2059699575228645612,,,32.0,,
2025-07-24 16:30:18.000,2025-07-24 16:30:46,2059699575228743916,,,,,6.0
2025-07-24 16:30:23.000,2025-07-24 16:30:24,2059699483104510188,,33.0,,,
2025-07-24 16:30:29.000,2025-07-24 16:31:46,2059699829453373676,,,,,11.0
2025-07-24 16:30:35.000,2025-07-24 16:31:46,2059699829474328812,4.770753208590813,,,,
2025-07-24 16:30:39.000,2025-07-24 16:31:46,2059699829474377964,,,,,3.0
2025-07-24 16:30:49.000,2025-07-24 16:31:46,2059699829474427116,,,,,19.0
2025-07-24 16:31:00.000,2025-07-24 16:31:46,2059699829474443500,,,,,16.0
2025-07-24 16:31:07.000,2025-07-24 16:31:46,2059699829474459884,,,32.0,515250.0,
2025-07-24 16:31:10.000,2025-07-24 16:31:46,2059699829474492652,,,,,25.0
2025-07-24 16:31:14.000,2025-07-24 16:31:46,2059699829474509036,14.208547599498726,,,,
2025-07-24 16:31:20.000,2025-07-24 16:31:46,2059699829474541804,,,,,6.0
2025-07-24 16:31:25.000,2025-07-24 16:31:43,2059699817650585836,,17.0,,,
2025-07-24 16:31:31.000,2025-07-24 16:32:47,2059700084928413932,30.900627828159053,,,,31.0
2025-07-24 16:31:37.000,2025-07-24 16:32:47,2059700084949385452,41.616302542796646,,,,
2025-07-24 16:31:41.000,2025-07-24 16:32:47,2059700084949418220,,,,,38.0
2025-07-24 16:31:48.000,2025-07-24 16:32:47,2059700084949434604,18.116268589454712,,,,
2025-07-24 16:31:51.000,2025-07-24 16:32:47,2059700084949450988,,,,,22.0
2025-07-24 16:31:58.000,2025-07-24 16:32:47,2059700084949467372,13.993715545074606,,,,
2025-07-24 16:32:02.000,2025-07-24 16:32:47,2059700084949483756,,,,,10.0
2025-07-24 16:32:08.000,2025-07-24 16:32:47,2059700084949532908,,,32.0,515330.00000000006,
2025-07-24 16:32:12.000,2025-07-24 16:32:47,2059700084949582060,,,,,43.0
2025-07-24 16:32:22.000,2025-07-24 16:32:47,2059700084949598444,,,,,11.0
2025-07-24 16:32:25.000,2025-07-24 16:32:47,2059700084949614828,20.912789297906624,,,,
2025-07-24 16:32:26.000,2025-07-24 16:32:28,2059700002929770732,,25.0,,,
2025-07-24 16:32:33.000,2025-07-24 16:33:48,2059700339942113516,,,,,33.0
2025-07-24 16:32:43.000,2025-07-24 16:33:48,2059700339942146284,,,,,27.0
2025-07-24 16:32:46.000,2025-07-24 16:33:48,2059700339942162668,26.04097859704791,,,,
2025-07-24 16:32:53.000,2025-07-24 16:33:48,2059700339942179052,,,,,35.0
2025-07-24 16:33:04.000,2025-07-24 16:33:48,2059700339942195436,,,,,22.0
2025-07-24 16:33:08.000,2025-07-24 16:33:48,2059700339942211820,,,31.0,515370.0,
2025-07-24 16:33:11.000,2025-07-24 16:33:48,2059700339942244588,20.116429096162037,,,,
2025-07-24 16:33:14.000,2025-07-24 16:33:48,2059700339942277356,,,,,33.0
2025-07-24 16:33:25.000,2025-07-24 16:33:48,2059700339942293740,,,,,44.0
2025-07-24 16:33:28.000,2025-07-24 16:33:30,2059700266738925804,,40.0,,,
2025-07-24 16:33:28.000,2025-07-24 16:34:49,2059700594968379628,44.698031323501276,,,,
2025-07-24 16:33:35.000,2025-07-24 16:34:49,2059700594968412396,,,,,31.0
2025-07-24 16:33:45.000,2025-07-24 16:34:49,2059700594968445164,,,,,42.0
2025-07-24 16:33:46.000,2025-07-24 16:34:49,2059700594968461548,41.21256644051684,,,,
2025-07-24 16:33:56.000,2025-07-24 16:34:49,2059700594968477932,,,,,53.0
2025-07-24 16:34:06.000,2025-07-24 16:34:49,2059700594968494316,,,,,52.0
2025-07-24 16:34:08.000,2025-07-24 16:34:49,2059700594968510700,,,31.0,515440.00000000006,
2025-07-24 16:34:17.000,2025-07-24 16:34:49,2059700594968543468,,,,,8.0
2025-07-24 16:34:23.000,2025-07-24 16:34:49,2059700594968592620,17.168044349237903,,,,
2025-07-24 16:34:27.000,2025-07-24 16:34:49,2059700594968641772,,,,,34.0
2025-07-24 16:34:29.000,2025-07-24 16:34:30,2059700516924948716,,23.0,,,
2025-07-24 16:34:37.000,2025-07-24 16:35:50,2059700850678300908,,,,,43.0
2025-07-24 16:34:48.000,2025-07-24 16:35:50,2059700850678333676,,,,,36.0
2025-07-24 16:34:58.000,2025-07-24 16:35:50,2059700850678350060,,,,,68.0
2025-07-24 16:35:09.000,2025-07-24 16:35:50,2059700850678366444,,,31.0,515490.0,76.0
2025-07-24 16:35:19.000,2025-07-24 16:35:50,2059700850678415596,,,,,27.0
2025-07-24 16:35:29.000,2025-07-24 16:35:50,2059700850678530284,,,,,25.0
2025-07-24 16:35:30.000,2025-07-24 16:35:31,2059700772068704492,,16.0,,,
2025-07-24 16:35:40.000,2025-07-24 16:36:51,2059701106379899116,,,,,24.0
2025-07-24 16:35:43.000,2025-07-24 16:36:51,2059701106379931884,26.00208658719527,,,,
2025-07-24 16:35:50.000,2025-07-24 16:36:51,2059701106379964652,,,,,54.0
2025-07-24 16:35:58.000,2025-07-24 16:36:51,2059701106379981036,34.7694568082624,,,,
2025-07-24 16:36:00.000,2025-07-24 16:36:51,2059701106379997420,,,,,36.0
2025-07-24 16:36:05.000,2025-07-24 16:36:51,2059701106380013804,36.63627328118923,,,,
2025-07-24 16:36:09.000,2025-07-24 16:36:51,2059701106380030188,,,31.0,515549.99999999994,
2025-07-24 16:36:11.000,2025-07-24 16:36:51,2059701106380046572,34.797236815299996,,,,38.0
2025-07-24 16:36:17.000,2025-07-24 16:36:51,2059701106380079340,34.712044793718015,,,,
2025-07-24 16:36:21.000,2025-07-24 16:36:51,2059701106380095724,,,,,42.0
2025-07-24 16:36:31.000,2025-07-24 16:36:32,2059701029452120300,,41.0,,,
2025-07-24 16:36:32.000,2025-07-24 16:37:51,2059701361557111020,,,,,44.0
2025-07-24 16:36:42.000,2025-07-24 16:37:51,2059701361578098924,,,,,42.0
2025-07-24 16:36:52.000,2025-07-24 16:37:51,2059701361578115308,41.83113459722077,,,,43.0
2025-07-24 16:37:09.000,2025-07-24 16:37:51,2059701361578148076,,,31.0,515669.99999999994,
2025-07-24 16:37:13.000,2025-07-24 16:37:51,2059701361578180844,,,,,51.0
2025-07-24 16:37:23.000,2025-07-24 16:37:51,2059701361578197228,,,,,55.0
2025-07-24 16:37:32.000,2025-07-24 16:37:33,2059701283228532972,,37.0,,,
2025-07-24 16:37:34.000,2025-07-24 16:38:52,2059701616575021292,,,,,53.0
2025-07-24 16:37:44.000,2025-07-24 16:38:52,2059701616600170732,,,,,57.0
2025-07-24 16:37:55.000,2025-07-24 16:38:52,2059701616600187116,,,,,52.0
2025-07-24 16:38:05.000,2025-07-24 16:38:52,2059701616600203500,,,,,46.0
2025-07-24 16:38:09.000,2025-07-24 16:38:52,2059701616600219884,,,31.0,515740.0,
2025-07-24 16:38:15.000,2025-07-24 16:38:52,2059701616600252652,,,,,53.0
2025-07-24 16:38:24.000,2025-07-24 16:38:52,2059701616600269036,58.18985474142987,,,,
2025-07-24 16:38:26.000,2025-07-24 16:38:52,2059701616600285420,,,,,54.0
2025-07-24 16:38:32.000,2025-07-24 16:38:35,2059701544273576172,,33.0,,,
2025-07-24 16:38:36.000,2025-07-24 16:39:53,2059701872016507116,,,,,43.0
2025-07-24 16:38:47.000,2025-07-24 16:39:53,2059701872016539884,,,,,59.0
2025-07-24 16:38:57.000,2025-07-24 16:39:53,2059701872016556268,,,,,52.0
2025-07-24 16:39:07.000,2025-07-24 16:39:53,2059701872016589036,,,,,68.0
2025-07-24 16:39:09.000,2025-07-24 16:39:53,2059701872016605420,,,31.0,515809.99999999994,
2025-07-24 16:39:18.000,2025-07-24 16:39:53,2059701872016638188,,,,,73.0
2025-07-24 16:39:28.000,2025-07-24 16:39:53,2059701872016654572,,,,,62.0
2025-07-24 16:39:33.000,2025-07-24 16:39:34,2059701792660259052,,25.0,,,
2025-07-24 16:39:39.000,2025-07-24 16:40:54,2059702126665318636,,,,,69.0
2025-07-24 16:39:49.000,2025-07-24 16:40:54,2059702126665351404,,,,,66.0
2025-07-24 16:39:53.000,2025-07-24 16:40:54,2059702126665367788,68.43882533783577,,,,
2025-07-24 16:39:59.000,2025-07-24 16:40:54,2059702126665384172,,,,,68.0
2025-07-24 16:40:10.000,2025-07-24 16:40:54,2059702126665400556,,,31.0,515900.0,65.0
2025-07-24 16:40:20.000,2025-07-24 16:40:54,2059702126665433324,,,,,68.0
2025-07-24 16:40:31.000,2025-07-24 16:40:54,2059702126665548012,,,,,67.0
2025-07-24 16:40:34.000,2025-07-24 16:40:36,2059702050958082284,,32.0,,,
2025-07-24 16:40:41.000,2025-07-24 16:41:55,2059702381028851948,,,,,69.0
2025-07-24 16:40:51.000,2025-07-24 16:41:55,2059702381028884716,,,,,71.0
2025-07-24 16:41:02.000,2025-07-24 16:41:55,2059702381028901100,,,,,66.0
2025-07-24 16:41:10.000,2025-07-24 16:41:55,2059702381028917484,,,31.0,515950.00000000006,
2025-07-24 16:41:12.000,2025-07-24 16:41:55,2059702381028933868,,,,,70.0
2025-07-24 16:41:22.000,2025-07-24 16:41:55,2059702381028966636,,,,,72.0
2025-07-24 16:41:25.000,2025-07-24 16:41:55,2059702381028983020,69.86301369863014,,,,
2025-07-24 16:41:33.000,2025-07-24 16:41:55,2059702381028999404,,,,,69.0
2025-07-24 16:41:35.000,2025-07-24 16:41:37,2059702308828135660,,28.000000000000004,,,
2025-07-24 16:41:43.000,2025-07-24 16:42:55,2059702635354685676,,,,,74.0
2025-07-24 16:41:54.000,2025-07-24 16:42:55,2059702635354702060,,,,,78.0
2025-07-24 16:42:04.000,2025-07-24 16:42:55,2059702635354718444,,,,,69.0
2025-07-24 16:42:10.000,2025-07-24 16:42:55,2059702635354734828,,,31.0,516049.99999999994,
2025-07-24 16:42:14.000,2025-07-24 16:42:55,2059702635354767596,,,,,71.0
2025-07-24 16:42:25.000,2025-07-24 16:42:55,2059702635354800364,,,,,66.0
2025-07-24 16:42:35.000,2025-07-24 16:42:55,2059702635354833132,,,,,65.0
2025-07-24 16:42:36.000,2025-07-24 16:42:38,2059702561656537324,,28.999999999999996,,,
2025-07-24 16:42:45.000,2025-07-24 16:44:09,2059702946450407660,,,,,66.0
2025-07-24 16:42:55.000,2025-07-24 16:44:09,2059702946450424044,66.64794088414503,,,,
2025-07-24 16:43:06.000,2025-07-24 16:44:09,2059702946450456812,,,,,73.0
2025-07-24 16:43:10.000,2025-07-24 16:44:09,2059702946450489580,,,31.0,516110.0,
2025-07-24 16:43:17.000,2025-07-24 16:44:09,2059702946450538732,,,,,74.0
2025-07-24 16:43:27.000,2025-07-24 16:44:09,2059702946450555116,,,,,69.0
2025-07-24 16:43:38.000,2025-07-24 16:43:39,2059702818884862188,,24.0,,,
2025-07-24 16:43:48.000,2025-07-24 16:44:57,2059703147173036268,,,,,72.0
2025-07-24 16:43:58.000,2025-07-24 16:44:57,2059703147173052652,,,,,64.0
2025-07-24 16:44:08.000,2025-07-24 16:44:57,2059703147173085420,,,,,70.0
2025-07-24 16:44:11.000,2025-07-24 16:44:57,2059703147173101804,,,31.0,516150.0,
2025-07-24 16:44:19.000,2025-07-24 16:44:57,2059703147173134572,,,,,66.0
2025-07-24 16:44:25.000,2025-07-24 16:44:57,2059703147173150956,61.078975473340456,,,,
2025-07-24 16:44:29.000,2025-07-24 16:44:57,2059703147173167340,,,,,68.0
2025-07-24 16:44:39.000,2025-07-24 16:44:42,2059703085327974636,,32.0,,,
2025-07-24 16:44:40.000,2025-07-24 16:46:02,2059703419202994412,,,,,81.0
2025-07-24 16:44:50.000,2025-07-24 16:46:02,2059703419203043564,,,,,71.0
2025-07-24 16:45:00.000,2025-07-24 16:46:02,2059703419203059948,,,,,66.0
2025-07-24 16:45:11.000,2025-07-24 16:46:02,2059703419203076332,,,31.0,516210.00000000006,57.0
2025-07-24 16:45:21.000,2025-07-24 16:46:02,2059703419203109100,,,,,59.0
2025-07-24 16:45:31.000,2025-07-24 16:46:02,2059703419203191020,,,,,57.0
2025-07-24 16:45:40.000,2025-07-24 16:45:53,2059703380577616108,,35.0,,,
2025-07-24 16:45:40.000,2025-07-24 16:46:59,2059703657137438956,40.87550235512727,,,,
2025-07-24 16:45:42.000,2025-07-24 16:46:59,2059703657137471724,,,,,40.0
2025-07-24 16:45:52.000,2025-07-24 16:46:59,2059703657137504492,,,,,27.0
2025-07-24 16:45:54.000,2025-07-24 16:46:59,2059703657137520876,25.724286516819255,,,,
2025-07-24 16:46:03.000,2025-07-24 16:46:59,2059703657137537260,,,,,21.0
2025-07-24 16:46:05.000,2025-07-24 16:46:59,2059703657137553644,21.703593498243688,,,,
2025-07-24 16:46:11.000,2025-07-24 16:46:59,2059703657137570028,,,31.0,516220.0,
2025-07-24 16:46:13.000,2025-07-24 16:46:59,2059703657137586412,,,,,39.0
2025-07-24 16:46:23.000,2025-07-24 16:46:59,2059703657137619180,,,,,47.0
2025-07-24 16:46:34.000,2025-07-24 16:46:59,2059703657137635564,,,,,46.0
2025-07-24 16:46:41.000,2025-07-24 16:46:44,2059703593379823852,,24.0,,,
2025-07-24 16:46:44.000,2025-07-24 16:48:05,2059703934406099180,,,,,53.0
2025-07-24 16:46:55.000,2025-07-24 16:48:05,2059703934406148332,,,,,56.0
2025-07-24 16:47:05.000,2025-07-24 16:48:05,2059703934406181100,,,,,62.0
2025-07-24 16:47:11.000,2025-07-24 16:48:05,2059703934406197484,,,30.0,516360.0,
2025-07-24 16:47:15.000,2025-07-24 16:48:05,2059703934406213868,,,,,46.0
2025-07-24 16:47:26.000,2025-07-24 16:48:05,2059703934406246636,23.324093908770458,,,,23.0
2025-07-24 16:47:36.000,2025-07-24 16:48:05,2059703934406295788,,,,,37.0
2025-07-24 16:47:39.000,2025-07-24 16:48:05,2059703934406312172,52.97462142023743,,,,
2025-07-24 16:47:41.000,2025-07-24 16:47:45,2059703852369707244,,35.0,,,
2025-07-24 16:47:46.000,2025-07-24 16:49:01,2059704168347615468,,,,,69.0
2025-07-24 16:48:07.000,2025-07-24 16:49:01,2059704168347664620,,,,,66.0
2025-07-24 16:48:11.000,2025-07-24 16:49:01,2059704168347681004,,,30.0,516440.00000000006,
2025-07-24 16:48:17.000,2025-07-24 16:49:01,2059704168347697388,,,,,48.0
2025-07-24 16:48:23.000,2025-07-24 16:49:01,2059704168347713772,41.19589843629427,,,,
2025-07-24 16:48:28.000,2025-07-24 16:49:01,2059704168347746540,,,,,45.0
2025-07-24 16:48:29.000,2025-07-24 16:49:01,2059704168347762924,49.626204571971826,,,,
2025-07-24 16:48:38.000,2025-07-24 16:49:01,2059704168347779308,,,,,71.0
2025-07-24 16:48:42.000,2025-07-24 16:48:43,2059704095530287340,,33.0,,,
2025-07-24 16:48:49.000,2025-07-24 16:50:02,2059704423545864428,,,,,77.0
2025-07-24 16:48:59.000,2025-07-24 16:50:02,2059704423545880812,,,,,82.0
2025-07-24 16:49:00.000,2025-07-24 16:50:02,2059704423545897196,81.41023662392662,,,,
2025-07-24 16:49:11.000,2025-07-24 16:50:02,2059704423545962732,,,30.0,516460.00000000006,
2025-07-24 16:49:20.000,2025-07-24 16:50:02,2059704423545995500,,,,,78.0
2025-07-24 16:49:30.000,2025-07-24 16:50:02,2059704423546011884,,,,,74.0
2025-07-24 16:49:41.000,2025-07-24 16:50:02,2059704423546028268,,,,,33.0
2025-07-24 16:49:43.000,2025-07-24 16:49:44,2059704351303155948,,40.0,,,
2025-07-24 16:49:51.000,2025-07-24 16:51:02,2059704678811238636,,,,,7.0
2025-07-24 16:50:01.000,2025-07-24 16:51:02,2059704678811271404,,,,,35.0
2025-07-24 16:50:12.000,2025-07-24 16:51:02,2059704678811304172,,,30.0,516490.0,45.0
2025-07-24 16:50:31.000,2025-07-24 16:51:02,2059704678811353324,55.38037002969374,,,,
2025-07-24 16:50:32.002,2025-07-24 16:51:02,2059704678811402476,,,,,54.0
2025-07-24 16:50:43.000,2025-07-24 16:53:38,2059705330148835564,,,,,24.0
2025-07-24 16:50:44.000,2025-07-24 16:50:45,2059704606312628460,,12.0,,,
2025-07-24 16:50:53.000,2025-07-24 16:53:38,2059705330190827756,,,,,56.0
2025-07-24 16:51:03.000,2025-07-24 16:53:38,2059705330190844140,,,,,88.0
2025-07-24 16:51:12.000,2025-07-24 16:53:38,2059705330190860524,,,30.0,516549.99999999994,
2025-07-24 16:51:14.000,2025-07-24 16:53:38,2059705330190876908,,,,,107.0
2025-07-24 16:51:24.000,2025-07-24 16:53:38,2059705330190909676,,,,,93.0
2025-07-24 16:51:35.000,2025-07-24 16:53:38,2059705330190926060,,,,,87.0
2025-07-24 16:51:44.000,2025-07-24 16:51:54,2059704895182733548,,27.0,,,
2025-07-24 16:51:45.000,2025-07-24 16:53:38,2059705330190942444,,,,,91.0
2025-07-24 16:51:55.000,2025-07-24 16:53:38,2059705330191007980,,,,,92.0
2025-07-24 16:52:02.000,2025-07-24 16:53:38,2059705330191024364,88.99232654472273,,,,
2025-07-24 16:52:06.000,2025-07-24 16:53:38,2059705330191040748,,,,,93.0
2025-07-24 16:52:12.000,2025-07-24 16:53:38,2059705330191057132,,,30.0,516799.99999999994,
2025-07-24 16:52:16.000,2025-07-24 16:53:38,2059705330191073516,,,,,86.0
2025-07-24 16:52:27.000,2025-07-24 16:53:38,2059705330191106284,,,,,88.0
2025-07-24 16:52:37.000,2025-07-24 16:53:38,2059705330191122668,,,,,81.0
2025-07-24 16:52:45.000,2025-07-24 16:52:58,2059705162196320492,,17.0,,,
2025-07-24 16:52:47.000,2025-07-24 16:53:38,2059705330191139052,,,,,36.0
2025-07-24 16:52:50.000,2025-07-24 16:53:38,2059705330191171820,30.95433584176508,,,,
2025-07-24 16:52:58.000,2025-07-24 16:53:38,2059705330191204588,,,,,70.0
2025-07-24 16:53:08.000,2025-07-24 16:53:38,2059705330191237356,,,,,76.0
2025-07-24 16:53:12.000,2025-07-24 16:53:38,2059705330191253740,,,30.0,516890.0,
2025-07-24 16:53:19.000,2025-07-24 16:54:39,2059705586223775980,,,,,69.0
2025-07-24 16:53:29.000,2025-07-24 16:54:39,2059705586223808748,,,,,67.0
2025-07-24 16:53:33.000,2025-07-24 16:54:39,2059705586223825132,68.76662942087947,,,,
2025-07-24 16:53:39.000,2025-07-24 16:54:39,2059705586223841516,,,,,77.0
2025-07-24 16:53:47.000,2025-07-24 16:53:48,2059705371882160364,,30.0,,,
2025-07-24 16:53:50.000,2025-07-24 16:54:39,2059705586223907052,,,,,69.0
2025-07-24 16:54:00.000,2025-07-24 16:54:39,2059705586223923436,,,,,49.0
2025-07-24 16:54:08.000,2025-07-24 16:54:39,2059705586223939820,26.628062745775896,,,,
2025-07-24 16:54:10.000,2025-07-24 16:54:39,2059705586223956204,,,,,33.0
2025-07-24 16:54:12.000,2025-07-24 16:54:39,2059705586223972588,,,30.0,516960.00000000006,
2025-07-24 16:54:16.000,2025-07-24 16:54:39,2059705586224005356,35.095408890836914,,,,
2025-07-24 16:54:21.000,2025-07-24 16:57:21,2059706267764703468,,,,,57.0
2025-07-24 16:54:31.000,2025-07-24 16:57:21,2059706267764719852,,,,,83.0
2025-07-24 16:54:32.000,2025-07-24 16:57:21,2059706267764736236,85.45500564860144,,,,
2025-07-24 16:54:42.000,2025-07-24 16:57:21,2059706267764752620,,,,,85.0
2025-07-24 16:54:48.000,2025-07-24 16:54:50,2059705634890219756,,27.0,,,
2025-07-24 16:54:52.000,2025-07-24 16:57:21,2059706267764801772,,,,,78.0
2025-07-24 16:55:02.000,2025-07-24 16:57:21,2059706267764818156,,,,,76.0
2025-07-24 16:55:13.000,2025-07-24 16:57:21,2059706267764834540,,,30.0,517039.99999999994,66.0
2025-07-24 16:55:23.000,2025-07-24 16:57:21,2059706267764867308,,,,,36.0
2025-07-24 16:55:34.000,2025-07-24 16:57:21,2059706267764900076,,,,,72.0
2025-07-24 16:55:44.000,2025-07-24 16:57:21,2059706267765031148,,,,,85.0
2025-07-24 16:55:49.000,2025-07-24 16:56:27,2059706042341671148,,24.0,,,
2025-07-24 16:55:54.000,2025-07-24 16:57:21,2059706267765096684,,,,,77.0
2025-07-24 16:56:03.000,2025-07-24 16:57:21,2059706267765113068,85.07904955335923,,,,
2025-07-24 16:56:05.000,2025-07-24 16:57:21,2059706267765129452,,,,,85.0
2025-07-24 16:56:13.000,2025-07-24 16:57:21,2059706267765145836,,,30.0,517130.0,
2025-07-24 16:56:15.000,2025-07-24 16:57:21,2059706267765162220,,,,,75.0
2025-07-24 16:56:25.000,2025-07-24 16:57:21,2059706267765194988,,,,,79.0
2025-07-24 16:56:36.000,2025-07-24 16:57:21,2059706267765211372,,,,,71.0
2025-07-24 16:56:46.000,2025-07-24 16:57:21,2059706267765227756,,,,,39.0
2025-07-24 16:56:50.000,2025-07-24 16:56:51,2059706141419520236,,30.0,,,
2025-07-24 16:56:54.000,2025-07-24 16:58:25,2059706533935087852,33.48046448171767,,,,
2025-07-24 16:56:56.000,2025-07-24 16:58:25,2059706533935104236,,,,,35.0
2025-07-24 16:57:01.000,2025-07-24 16:58:25,2059706533935137004,41.862618605196715,,,,
2025-07-24 16:57:05.000,2025-07-24 16:58:25,2059706533935153388,58.456542808990854,,,,
2025-07-24 16:57:07.000,2025-07-24 16:58:25,2059706533935169772,,,,,66.0
2025-07-24 16:57:13.000,2025-07-24 16:58:25,2059706533935186156,,,30.0,517190.00000000006,
2025-07-24 16:57:17.000,2025-07-24 16:58:25,2059706533935202540,,,,,76.0
2025-07-24 16:57:28.000,2025-07-24 16:58:25,2059706533935235308,,,,,74.0
2025-07-24 16:57:38.000,2025-07-24 16:58:25,2059706533935251692,,,,,73.0
2025-07-24 16:57:49.000,2025-07-24 16:59:07,2059706712209752300,,,,,69.0
2025-07-24 16:57:51.000,2025-07-24 16:58:25,2059706536338391276,,32.0,,,
2025-07-24 16:57:59.000,2025-07-24 16:59:07,2059706712209817836,,,,,72.0
2025-07-24 16:58:09.000,2025-07-24 16:59:07,2059706712209834220,,,,,70.0
2025-07-24 16:58:13.000,2025-07-24 16:59:07,2059706712209850604,,,30.0,517250.0,
2025-07-24 16:58:20.000,2025-07-24 16:59:07,2059706712209866988,,,,,60.99999999999999
2025-07-24 16:58:30.000,2025-07-24 16:59:07,2059706712209899756,,,,,68.0
2025-07-24 16:58:35.000,2025-07-24 16:59:07,2059706712209916140,68.58142937396211,,,,
2025-07-24 16:58:40.000,2025-07-24 16:59:07,2059706712209932524,,,,,69.0
2025-07-24 16:58:51.000,2025-07-24 17:00:08,2059706966942417132,,,,,74.0
2025-07-24 16:58:52.000,2025-07-24 16:58:53,2059706652000534764,,32.0,,,
2025-07-24 16:59:01.000,2025-07-24 17:00:08,2059706966963421420,,,,,72.0
2025-07-24 16:59:12.000,2025-07-24 17:00:08,2059706966963470572,,,,,65.0
2025-07-24 16:59:14.000,2025-07-24 17:00:08,2059706966963486956,,,30.0,517280.0,
2025-07-24 16:59:22.000,2025-07-24 17:00:08,2059706966963519724,,,,,24.0
2025-07-24 16:59:25.000,2025-07-24 17:00:08,2059706966963536108,27.46146295690395,,,,
2025-07-24 16:59:32.000,2025-07-24 17:00:08,2059706966963552492,,,,,22.0
2025-07-24 16:59:43.000,2025-07-24 17:00:08,2059706966963568876,,,,,28.0
2025-07-24 16:59:53.000,2025-07-24 16:59:54,2059706908649980140,,20.0,,,
2025-07-24 16:59:53.000,2025-07-24 17:01:09,2059707222039986412,,,,,19.0
2025-07-24 17:00:03.000,2025-07-24 17:01:09,2059707222040035564,,,,,7.0
2025-07-24 17:00:14.000,2025-07-24 17:01:09,2059707222040183020,,,30.0,517309.99999999994,0.0
2025-07-24 17:00:20.000,2025-07-24 17:01:09,2059707222040363244,6.476445640699563,,,,
2025-07-24 17:00:24.000,2025-07-24 17:01:09,2059707222040396012,,,,,10.0
2025-07-24 17:00:31.000,2025-07-24 17:01:09,2059707222040445164,45.664775568409816,,,,
2025-07-24 17:00:34.000,2025-07-24 17:01:09,2059707222040461548,,,,,49.0
2025-07-24 17:00:44.000,2025-07-24 17:01:09,2059707222040576236,,,,,57.0
2025-07-24 17:00:54.000,2025-07-24 17:00:56,2059707166704533740,,32.0,,,
2025-07-24 17:00:55.000,2025-07-24 17:02:09,2059707476240023788,,,,,60.00000000000001
2025-07-24 17:01:05.000,2025-07-24 17:02:09,2059707476240056556,,,,,56.0
2025-07-24 17:01:10.000,2025-07-24 17:02:09,2059707476240072940,43.84981510861983,,,,
2025-07-24 17:01:14.000,2025-07-24 17:02:09,2059707476240089324,,,30.0,517350.0,
2025-07-24 17:01:15.000,2025-07-24 17:02:09,2059707476240105708,,,,,24.0
2025-07-24 17:01:26.000,2025-07-24 17:02:09,2059707476240138476,,,,,13.0
2025-07-24 17:01:36.000,2025-07-24 17:02:09,2059707476240204012,,,,,52.0
2025-07-24 17:01:47.000,2025-07-24 17:02:09,2059707476240236780,,,,,55.0
2025-07-24 17:01:55.000,2025-07-24 17:01:56,2059707419503624428,,28.999999999999996,,,
2025-07-24 17:01:57.000,2025-07-24 17:03:10,2059707730926518508,,,,,57.0
2025-07-24 17:02:07.000,2025-07-24 17:03:10,2059707730926534892,,,,,56.0
2025-07-24 17:02:15.000,2025-07-24 17:03:10,2059707730926551276,35.776945063492754,,30.0,517409.99999999994,
2025-07-24 17:02:18.000,2025-07-24 17:03:10,2059707730926567660,,,,,38.0
2025-07-24 17:02:20.000,2025-07-24 17:03:10,2059707730926584044,45.69625957638576,,,,
2025-07-24 17:02:28.000,2025-07-24 17:03:10,2059707730926616812,,,,,54.0
2025-07-24 17:02:36.000,2025-07-24 17:03:10,2059707730926633196,61.91237568446851,,,,
2025-07-24 17:02:39.000,2025-07-24 17:03:10,2059707730926649580,,,,,65.0
2025-07-24 17:02:49.000,2025-07-24 17:03:10,2059707730926665964,,,,,70.0
2025-07-24 17:02:55.000,2025-07-24 17:04:11,2059707985613029612,77.57289165179924,,,,
2025-07-24 17:02:56.000,2025-07-24 17:03:00,2059707687603552492,,26.0,,,
2025-07-24 17:02:59.000,2025-07-24 17:04:11,2059707985613062380,,,,,86.0
2025-07-24 17:03:10.000,2025-07-24 17:04:11,2059707985613078764,,,,,84.0
2025-07-24 17:03:15.000,2025-07-24 17:04:11,2059707985613095148,,,30.0,517510.0,
2025-07-24 17:03:20.000,2025-07-24 17:04:11,2059707985613111532,,,,,71.0
2025-07-24 17:03:31.000,2025-07-24 17:04:11,2059707985613144300,,,,,74.0
2025-07-24 17:03:41.000,2025-07-24 17:04:11,2059707985613160684,,,,,67.0
2025-07-24 17:03:51.000,2025-07-24 17:05:11,2059708239787852012,,,,,59.0
2025-07-24 17:03:57.000,2025-07-24 17:03:58,2059707932043395308,,32.0,,,
2025-07-24 17:04:02.000,2025-07-24 17:05:11,2059708239787917548,,,,,49.0
2025-07-24 17:04:07.000,2025-07-24 17:05:11,2059708239787933932,29.61904350349102,,,,
2025-07-24 17:04:12.000,2025-07-24 17:05:11,2059708239787966700,,,,,41.0
2025-07-24 17:04:15.000,2025-07-24 17:05:11,2059708239787983084,41.753350577515484,,28.999999999999996,517539.99999999994,
2025-07-24 17:04:23.000,2025-07-24 17:05:11,2059708239788015852,,,,,74.0
2025-07-24 17:04:33.000,2025-07-24 17:05:11,2059708239788048620,,,,,97.0
2025-07-24 17:04:34.000,2025-07-24 17:05:11,2059708239788065004,94.750196003383,,,,
2025-07-24 17:04:43.000,2025-07-24 17:05:11,2059708239788081388,,,,,93.0
2025-07-24 17:04:54.000,2025-07-24 17:06:12,2059708495502049516,,,,,98.0
2025-07-24 17:04:59.000,2025-07-24 17:04:59,2059708189456613612,,30.0,,,
2025-07-24 17:05:04.000,2025-07-24 17:06:12,2059708495502082284,,,,,82.0
2025-07-24 17:05:09.000,2025-07-24 17:06:12,2059708495502098668,59.689975121460364,,,,
2025-07-24 17:05:14.000,2025-07-24 17:06:12,2059708495502115052,,,,,33.0
2025-07-24 17:05:15.000,2025-07-24 17:06:12,2059708495502131436,,,28.999999999999996,517640.0,
2025-07-24 17:05:21.000,2025-07-24 17:06:12,2059708495502147820,37.84377758709032,,,,
2025-07-24 17:05:25.000,2025-07-24 17:06:12,2059708495502180588,,,,,36.0
2025-07-24 17:05:27.000,2025-07-24 17:06:12,2059708495502196972,37.86044559131289,,,,
2025-07-24 17:05:31.000,2025-07-24 17:06:12,2059708495502229740,39.67911005204122,,,,
2025-07-24 17:05:35.000,2025-07-24 17:06:12,2059708495502262508,,,,,39.0
2025-07-24 17:05:45.000,2025-07-24 17:06:12,2059708495502377196,,,,,89.0
2025-07-24 17:05:56.000,2025-07-24 17:07:13,2059708750700232940,,,,,95.0
2025-07-24 17:06:00.000,2025-07-24 17:06:02,2059708452208410860,,28.999999999999996,,,
2025-07-24 17:06:06.000,2025-07-24 17:07:13,2059708750700265708,,,,,100.0
2025-07-24 17:06:16.000,2025-07-24 17:07:13,2059708750700282092,,,28.999999999999996,517740.0,
2025-07-24 17:06:17.000,2025-07-24 17:07:13,2059708750700298476,,,,,104.0
2025-07-24 17:06:19.000,2025-07-24 17:07:13,2059708750700314860,102.9749300869823,,,,
2025-07-24 17:06:27.000,2025-07-24 17:07:13,2059708750700347628,,,,,96.0
2025-07-24 17:06:37.000,2025-07-24 17:07:13,2059708750700364012,,,,,75.0
2025-07-24 17:06:47.000,2025-07-24 17:07:13,2059708750700380396,40.197670183409784,,,,
2025-07-24 17:06:48.000,2025-07-24 17:07:13,2059708750700396780,,,,,40.0
2025-07-24 17:06:53.000,2025-07-24 17:07:13,2059708750700413164,40.988474383746855,,,,
2025-07-24 17:06:58.000,2025-07-24 17:08:14,2059709005688750316,,,,,45.0
2025-07-24 17:07:01.000,2025-07-24 17:07:02,2059708704088916204,,28.999999999999996,,,
2025-07-24 17:07:09.000,2025-07-24 17:08:14,2059709005688815852,,,,,93.0
2025-07-24 17:07:14.000,2025-07-24 17:08:14,2059709005688848620,100.48954545735153,,,,
2025-07-24 17:07:16.000,2025-07-24 17:08:14,2059709005688865004,,,28.999999999999996,517850.0,
2025-07-24 17:07:19.000,2025-07-24 17:08:14,2059709005688881388,,,,,106.0
2025-07-24 17:07:29.000,2025-07-24 17:08:14,2059709005688914156,,,,,110.0
2025-07-24 17:07:40.000,2025-07-24 17:08:14,2059709005688930540,,,,,95.0
2025-07-24 17:07:50.000,2025-07-24 17:08:14,2059709005688946924,,,,,55.0
2025-07-24 17:08:00.000,2025-07-24 17:09:15,2059709259913887980,,,,,13.0
2025-07-24 17:08:02.000,2025-07-24 17:08:03,2059708961308803308,,27.0,,,
2025-07-24 17:08:11.000,2025-07-24 17:09:15,2059709259913937132,,,,,8.0
2025-07-24 17:08:16.000,2025-07-24 17:09:15,2059709259913969900,,,30.0,517909.99999999994,
2025-07-24 17:08:21.000,2025-07-24 17:09:15,2059709259914002668,,,,,25.0
2025-07-24 17:08:23.000,2025-07-24 17:09:15,2059709259914019052,32.28962818003914,,,,
2025-07-24 17:08:28.000,2025-07-24 17:09:15,2059709259914068204,38.94756986671771,,,,
2025-07-24 17:08:31.000,2025-07-24 17:09:15,2059709259914100972,,,,,44.0
2025-07-24 17:08:42.000,2025-07-24 17:09:15,2059709259914166508,,,,,70.0
2025-07-24 17:08:52.000,2025-07-24 17:09:15,2059709259914182892,,,,,75.0
2025-07-24 17:09:02.000,2025-07-24 17:10:15,2059709514503946476,,,,,76.0
2025-07-24 17:09:03.000,2025-07-24 17:09:04,2059709216897106156,,26.0,,,
2025-07-24 17:09:13.000,2025-07-24 17:10:15,2059709514504028396,,,,,85.0
2025-07-24 17:09:17.000,2025-07-24 17:10:15,2059709514504044780,,,28.999999999999996,517980.0,
2025-07-24 17:09:23.000,2025-07-24 17:10:15,2059709514504061164,,,,,90.0
2025-07-24 17:09:34.000,2025-07-24 17:10:15,2059709514504093932,,,,,102.0
2025-07-24 17:09:44.000,2025-07-24 17:10:15,2059709514504110316,,,,,101.0
2025-07-24 17:09:54.000,2025-07-24 17:10:15,2059709514504126700,,,,,94.0
2025-07-24 17:09:59.000,2025-07-24 17:11:18,2059709775788130540,87.48665016328471,,,,
2025-07-24 17:10:05.000,2025-07-24 17:10:09,2059709486192394476,,26.0,,,
2025-07-24 17:10:05.000,2025-07-24 17:11:18,2059709775788146924,,,,,89.0
2025-07-24 17:10:15.000,2025-07-24 17:11:18,2059709775788179692,,,,,91.0
2025-07-24 17:10:17.000,2025-07-24 17:11:18,2059709775788196076,,,28.999999999999996,518120.0,
2025-07-24 17:10:25.000,2025-07-24 17:11:18,2059709775788212460,,,,,100.0
2025-07-24 17:10:36.000,2025-07-24 17:11:18,2059709775788245228,,,,,95.0
2025-07-24 17:10:46.000,2025-07-24 17:11:18,2059709775788310764,,,,,102.0
2025-07-24 17:10:56.000,2025-07-24 17:11:18,2059709775788359916,,,,,113.0
2025-07-24 17:11:06.000,2025-07-24 17:11:07,2059709729537523948,,27.0,,,
2025-07-24 17:11:07.000,2025-07-24 17:12:16,2059710022027313388,,,,,109.0
2025-07-24 17:11:17.000,2025-07-24 17:12:16,2059710022027362540,,,28.999999999999996,518350.0,
2025-07-24 17:11:28.000,2025-07-24 17:12:16,2059710022027378924,,,,,116.0
2025-07-24 17:11:30.000,2025-07-24 17:12:16,2059710022027395308,114.30546895738549,,,,
2025-07-24 17:11:38.000,2025-07-24 17:12:16,2059710022027411692,,,,,117.0
2025-07-24 17:11:48.000,2025-07-24 17:12:16,2059710022027428076,,,,,113.0
2025-07-24 17:11:59.000,2025-07-24 17:13:17,2059710275996614892,,,,,116.0
2025-07-24 17:12:07.000,2025-07-24 17:12:09,2059709993053061356,,27.0,,,
2025-07-24 17:12:09.000,2025-07-24 17:13:17,2059710275996631276,,,,,123.0
2025-07-24 17:12:17.000,2025-07-24 17:13:17,2059710275996647660,,,28.999999999999996,518500.0,
2025-07-24 17:12:19.000,2025-07-24 17:13:17,2059710275996664044,,,,,124.0
2025-07-24 17:12:21.000,2025-07-24 17:13:17,2059710275996680428,122.52464703957726,,,,
2025-07-24 17:12:29.000,2025-07-24 17:13:17,2059710275996713196,117.19644168976524,,,,119.00000000000001
2025-07-24 17:12:30.000,2025-07-24 17:13:17,2059710275996729580,,,,,118.0
2025-07-24 17:12:40.000,2025-07-24 17:13:17,2059710275996745964,,,,,114.0
2025-07-24 17:12:51.000,2025-07-24 17:13:17,2059710275996762348,,,,,112.0
2025-07-24 17:13:00.000,2025-07-24 17:14:18,2059710531048063212,108.95503960194338,,,,
2025-07-24 17:13:01.000,2025-07-24 17:14:18,2059710531048079596,,,,,111.0
2025-07-24 17:13:08.000,2025-07-24 17:13:09,2059710241162952940,,27.0,,,
2025-07-24 17:13:11.000,2025-07-24 17:14:18,2059710531048112364,,,,,109.0
2025-07-24 17:13:18.000,2025-07-24 17:14:18,2059710531048128748,,,28.999999999999996,518600.0,
2025-07-24 17:13:32.000,2025-07-24 17:14:18,2059710531048177900,,,,,111.0
2025-07-24 17:13:43.000,2025-07-24 17:14:18,2059710531048194284,,,,,110.0
2025-07-24 17:13:53.000,2025-07-24 17:14:18,2059710531048210668,,,,,109.0
2025-07-24 17:14:03.000,2025-07-24 17:15:19,2059710787353575660,,,,,112.0
2025-07-24 17:14:08.000,2025-07-24 17:14:09,2059710495614583020,,24.0,,,
2025-07-24 17:14:14.000,2025-07-24 17:15:19,2059710787353608428,,,,,114.0
2025-07-24 17:14:18.000,2025-07-24 17:15:19,2059710787353624812,,,28.999999999999996,518710.00000000006,
2025-07-24 17:14:24.000,2025-07-24 17:15:19,2059710787353641196,,,,,110.0
2025-07-24 17:14:30.000,2025-07-24 17:15:19,2059710787353673964,109.24024767419608,,,,
2025-07-24 17:14:34.000,2025-07-24 17:15:19,2059710787353690348,,,,,102.0
2025-07-24 17:14:45.000,2025-07-24 17:15:19,2059710787353706732,,,,,84.0
2025-07-24 17:14:55.000,2025-07-24 17:15:19,2059710787353723116,,,,,89.0
2025-07-24 17:15:06.000,2025-07-24 17:16:25,2059711066954268908,,,,,101.0
2025-07-24 17:15:09.000,2025-07-24 17:15:14,2059710765694189804,,33.0,,,
2025-07-24 17:15:16.000,2025-07-24 17:16:25,2059711066975273196,,,,,107.0
2025-07-24 17:15:18.000,2025-07-24 17:16:25,2059711066975289580,,,28.999999999999996,518799.99999999994,
2025-07-24 17:15:27.000,2025-07-24 17:16:25,2059711066975305964,107.35305919610833,,,,108.0
2025-07-24 17:15:37.000,2025-07-24 17:16:25,2059711066975338732,,,,,117.0
2025-07-24 17:15:47.000,2025-07-24 17:16:25,2059711066975355116,,,,,119.00000000000001
2025-07-24 17:15:58.000,2025-07-24 17:16:25,2059711066975469804,,,,,120.00000000000001
2025-07-24 17:16:08.000,2025-07-24 17:17:20,2059711295824920812,,,,,118.0
2025-07-24 17:16:10.000,2025-07-24 17:16:11,2059711005818110188,,21.0,,,
2025-07-24 17:16:18.000,2025-07-24 17:17:20,2059711295845875948,,,28.999999999999996,518909.99999999994,
2025-07-24 17:16:29.000,2025-07-24 17:17:20,2059711295845892332,,,,,123.0
2025-07-24 17:16:30.000,2025-07-24 17:17:20,2059711295845908716,121.36529474587468,,,,
2025-07-24 17:16:36.000,2025-07-24 17:17:20,2059711295845925100,120.60041855210605,,,,121.99999999999999
2025-07-24 17:16:39.000,2025-07-24 17:17:20,2059711295845941484,,,,,120.99999999999999
2025-07-24 17:16:58.000,2025-07-24 17:17:20,2059711295845974252,120.72635458400984,,,,
2025-07-24 17:17:00.000,2025-07-24 17:17:20,2059711295846007020,,,,,120.00000000000001
2025-07-24 17:17:10.000,2025-07-24 17:17:12,2059711260357820652,,27.0,,,
2025-07-24 17:17:10.000,2025-07-24 17:18:29,2059711584493682924,,,,,121.99999999999999
2025-07-24 17:17:19.000,2025-07-24 17:18:29,2059711584493732076,,,28.000000000000004,519200.00000000006,
2025-07-24 17:17:21.000,2025-07-24 17:18:29,2059711584493748460,,,,,125.0
2025-07-24 17:17:23.000,2025-07-24 17:18:29,2059711584493764844,123.40619926290383,,,,
2025-07-24 17:17:31.000,2025-07-24 17:18:29,2059711584493797612,,,,,128.0
2025-07-24 17:17:42.000,2025-07-24 17:18:29,2059711584493813996,124.40627951625748,,,,126.0
2025-07-24 17:17:52.000,2025-07-24 17:18:29,2059711584493830380,,,,,124.0
2025-07-24 17:18:02.000,2025-07-24 17:19:29,2059711837175283948,,,,,129.0
2025-07-24 17:18:11.000,2025-07-24 17:18:29,2059711586058125548,,26.0,,,
2025-07-24 17:18:13.000,2025-07-24 17:19:29,2059711837175300332,,,,,120.00000000000001
2025-07-24 17:18:17.000,2025-07-24 17:19:29,2059711837175349484,113.8165408335237,,,,115.0
2025-07-24 17:18:19.000,2025-07-24 17:19:29,2059711837175365868,,,28.000000000000004,519360.0,
2025-07-24 17:18:23.000,2025-07-24 17:19:29,2059711837175382252,,,,,116.0
2025-07-24 17:18:34.000,2025-07-24 17:19:29,2059711837175415020,,,,,119.00000000000001
2025-07-24 17:18:44.000,2025-07-24 17:19:29,2059711837175431404,,,,,120.99999999999999
2025-07-24 17:18:54.000,2025-07-24 17:19:29,2059711837175447788,,,,,117.0
2025-07-24 17:19:05.000,2025-07-24 17:20:22,2059712057925697772,,,,,120.99999999999999
2025-07-24 17:19:10.000,2025-07-24 17:20:22,2059712057925730540,118.0705859112151,,,,
2025-07-24 17:19:12.000,2025-07-24 17:19:14,2059711772541059308,,30.0,,,
2025-07-24 17:19:15.000,2025-07-24 17:20:22,2059712057925779692,,,,,118.0
2025-07-24 17:19:19.000,2025-07-24 17:20:22,2059712057925812460,,,28.000000000000004,519460.00000000006,
2025-07-24 17:19:36.000,2025-07-24 17:20:22,2059712057925861612,,,,,126.0
2025-07-24 17:19:37.000,2025-07-24 17:20:22,2059712057925877996,124.63037157302749,,,,
2025-07-24 17:19:46.000,2025-07-24 17:20:22,2059712057925894380,,,,,128.0
2025-07-24 17:19:57.000,2025-07-24 17:20:22,2059712057925910764,,,,,127.0
2025-07-24 17:20:07.000,2025-07-24 17:21:23,2059712313484689644,,,,,116.0
2025-07-24 17:20:08.000,2025-07-24 17:21:23,2059712313484706028,114.86292109860669,,,,
2025-07-24 17:20:13.000,2025-07-24 17:20:21,2059712055602053356,,27.0,,,
2025-07-24 17:20:18.000,2025-07-24 17:21:23,2059712313484755180,,,,,115.0
2025-07-24 17:20:20.000,2025-07-24 17:21:23,2059712313484771564,,,27.0,519750.0,
2025-07-24 17:20:27.000,2025-07-24 17:21:23,2059712313484787948,131.6327853469723,,,,133.0
2025-07-24 17:20:28.000,2025-07-24 17:21:23,2059712313484804332,,,,,131.0
2025-07-24 17:20:38.000,2025-07-24 17:21:23,2059712313484837100,,,,,126.0
2025-07-24 17:20:41.000,2025-07-24 17:21:23,2059712313484853484,126.14530795681135,,,,
2025-07-24 17:20:49.000,2025-07-24 17:21:23,2059712313484869868,,,,,132.0
2025-07-24 17:20:59.000,2025-07-24 17:21:23,2059712313484984556,,,,,106.0
2025-07-24 17:21:01.000,2025-07-24 17:21:23,2059712313485017324,97.13927660861674,,,,94.0
2025-07-24 17:21:09.000,2025-07-24 17:22:24,2059712569102303468,,,,,70.0
2025-07-24 17:21:14.000,2025-07-24 17:21:15,2059712282169966828,,24.0,,,
2025-07-24 17:21:18.000,2025-07-24 17:22:24,2059712569123291372,47.63900806854871,,,,
2025-07-24 17:21:20.000,2025-07-24 17:22:24,2059712569123307756,,,28.000000000000004,519860.0,44.0
2025-07-24 17:21:30.000,2025-07-24 17:22:24,2059712569123324140,,,,,7.0
2025-07-24 17:21:40.001,2025-07-24 17:22:24,2059712569123455212,,,,,0.0
2025-07-24 17:21:46.000,2025-07-24 17:22:24,2059712569123619052,11.165710828646743,,,,
2025-07-24 17:21:50.000,2025-07-24 17:22:24,2059712569123668204,,,,,36.0
2025-07-24 17:22:01.000,2025-07-24 17:22:24,2059712569123684588,,,,,70.0
2025-07-24 17:22:11.000,2025-07-24 17:23:24,2059712823944020204,,,,,36.0
2025-07-24 17:22:15.000,2025-07-24 17:22:16,2059712537989054700,,32.0,,,
2025-07-24 17:22:20.000,2025-07-24 17:23:24,2059712823944069356,,,28.000000000000004,519909.99999999994,
2025-07-24 17:22:21.000,2025-07-24 17:23:24,2059712823944085740,27.59665899115361,,,,27.0
2025-07-24 17:22:32.000,2025-07-24 17:23:24,2059712823944118508,,,,,7.0
2025-07-24 17:22:36.000,2025-07-24 17:23:24,2059712823944134892,24.764950273787406,,,,
2025-07-24 17:22:42.000,2025-07-24 17:23:24,2059712823944151276,,,,,25.0
2025-07-24 17:22:51.000,2025-07-24 17:23:24,2059712823944167660,37.30484545056085,,,,
2025-07-24 17:22:53.000,2025-07-24 17:23:24,2059712823944184044,,,,,39.0
2025-07-24 17:23:03.000,2025-07-24 17:23:24,2059712823944216812,,,,,38.0
2025-07-24 17:23:14.000,2025-07-24 17:24:25,2059713078626386156,,,,,37.0
2025-07-24 17:23:16.000,2025-07-24 17:23:17,2059712792369299692,,35.0,,,
2025-07-24 17:23:21.000,2025-07-24 17:24:25,2059713078651568364,,,27.0,519950.00000000006,
2025-07-24 17:23:24.000,2025-07-24 17:24:25,2059713078651584748,,,,,13.0
2025-07-24 17:23:34.000,2025-07-24 17:24:25,2059713078651666668,,,,,4.0
2025-07-24 17:23:45.000,2025-07-24 17:24:25,2059713078651699436,,,,,41.0
2025-07-24 17:23:55.000,2025-07-24 17:24:25,2059713078651715820,,,,,35.0
2025-07-24 17:24:05.000,2025-07-24 17:24:25,2059713078651748588,,,,,17.0
2025-07-24 17:24:16.000,2025-07-24 17:25:26,2059713335158374636,,,,,25.0
2025-07-24 17:24:17.000,2025-07-24 17:24:23,2059713071647031532,,35.0,,,
2025-07-24 17:24:21.000,2025-07-24 17:25:26,2059713335158423788,13.128831325970605,,27.0,520000.0,
2025-07-24 17:24:26.000,2025-07-24 17:25:26,2059713335158456556,,,,,40.0
2025-07-24 17:24:36.000,2025-07-24 17:25:26,2059713335158522092,,,,,74.0
2025-07-24 17:24:47.000,2025-07-24 17:25:26,2059713335158538476,,,,,87.0
2025-07-24 17:24:52.000,2025-07-24 17:25:26,2059713335158554860,84.01785328452284,,,,
2025-07-24 17:24:57.000,2025-07-24 17:25:26,2059713335158571244,,,,,85.0
2025-07-24 17:25:07.000,2025-07-24 17:26:29,2059713597763748076,,,,,94.0
2025-07-24 17:25:18.000,2025-07-24 17:25:19,2059713303101341932,,27.0,,,
2025-07-24 17:25:21.000,2025-07-24 17:26:29,2059713597788946668,,,27.0,520210.00000000006,
2025-07-24 17:25:22.000,2025-07-24 17:26:29,2059713597788963052,90.09982282528846,,,,
2025-07-24 17:25:28.000,2025-07-24 17:26:29,2059713597788979436,,,,,89.0
2025-07-24 17:25:39.000,2025-07-24 17:26:29,2059713597789012204,,,,,86.0
2025-07-24 17:25:49.000,2025-07-24 17:26:29,2059713597789028588,,,,,84.0
2025-07-24 17:25:59.000,2025-07-24 17:26:29,2059713597789143276,,,,,95.0
2025-07-24 17:26:19.000,2025-07-24 17:26:22,2059713569263501548,,23.0,,,
2025-07-24 17:26:20.000,2025-07-24 17:27:28,2059713844644675820,,,,,103.0
2025-07-24 17:26:21.000,2025-07-24 17:27:28,2059713844644692204,,,26.0,520350.0,
2025-07-24 17:26:41.000,2025-07-24 17:27:28,2059713844644757740,,,,,102.0
2025-07-24 17:26:51.000,2025-07-24 17:27:28,2059713844644774124,,,,,87.0
2025-07-24 17:26:52.000,2025-07-24 17:27:28,2059713844644790508,82.66774494249539,,,,
2025-07-24 17:27:02.000,2025-07-24 17:27:28,2059713844644806892,,,,,48.0
2025-07-24 17:27:10.000,2025-07-24 17:28:28,2059714099121488108,23.266681894226082,,,,
2025-07-24 17:27:12.000,2025-07-24 17:28:28,2059714099142459628,,,,,21.0
2025-07-24 17:27:19.000,2025-07-24 17:28:28,2059714099142508780,37.10668140035929,,,,
2025-07-24 17:27:20.000,2025-07-24 17:27:21,2059713816446370028,,19.0,,,
2025-07-24 17:27:21.000,2025-07-24 17:28:28,2059714099142525164,,,26.0,520530.0,
2025-07-24 17:27:22.000,2025-07-24 17:28:28,2059714099142541548,,,,,45.0
2025-07-24 17:27:33.000,2025-07-24 17:28:28,2059714099142590700,,,,,76.0
2025-07-24 17:27:43.000,2025-07-24 17:28:28,2059714099142607084,,,,,80.0
2025-07-24 17:27:53.000,2025-07-24 17:28:28,2059714099142623468,,,,,85.0
2025-07-24 17:28:04.000,2025-07-24 17:28:28,2059714099142656236,,,,,50.0
2025-07-24 17:28:14.000,2025-07-24 17:29:29,2059714353212424428,,,,,76.0
2025-07-24 17:28:20.000,2025-07-24 17:28:54,2059714205241589996,,27.0,,,
2025-07-24 17:28:22.000,2025-07-24 17:29:29,2059714353233395948,,,26.0,520659.99999999994,
2025-07-24 17:28:25.000,2025-07-24 17:29:29,2059714353233428716,,,,,77.0
2025-07-24 17:28:45.000,2025-07-24 17:29:29,2059714353233477868,,,,,85.0
2025-07-24 17:28:51.000,2025-07-24 17:29:29,2059714353233494252,85.4087056368721,,,,
2025-07-24 17:28:56.000,2025-07-24 17:29:29,2059714353233510636,,,,,86.0
2025-07-24 17:29:06.000,2025-07-24 17:29:29,2059714353233543404,,,,,80.0
2025-07-24 17:29:17.000,2025-07-24 17:30:30,2059714608297427180,,,,,87.0
2025-07-24 17:29:21.000,2025-07-24 17:29:26,2059714341577425132,,23.0,,,
2025-07-24 17:29:22.000,2025-07-24 17:30:30,2059714608297443564,,,26.0,520789.99999999994,
2025-07-24 17:29:27.000,2025-07-24 17:30:30,2059714608297492716,,,,,81.0
2025-07-24 17:29:37.000,2025-07-24 17:30:30,2059714608297525484,,,,,86.0
2025-07-24 17:29:48.000,2025-07-24 17:30:30,2059714608297541868,,,,,87.0
2025-07-24 17:29:58.000,2025-07-24 17:30:30,2059714608297558252,,,,,81.0
2025-07-24 17:30:09.000,2025-07-24 17:30:30,2059714608297591020,,,,,89.0
2025-07-24 17:30:19.000,2025-07-24 17:31:36,2059714887868760300,,,,,90.0
2025-07-24 17:30:20.000,2025-07-24 17:31:36,2059714887868776684,89.63497070752592,,,,
2025-07-24 17:30:22.000,2025-07-24 17:30:23,2059714581776892140,,24.0,,,
2025-07-24 17:30:22.000,2025-07-24 17:31:36,2059714887868793068,,,26.0,520900.0,
2025-07-24 17:30:29.000,2025-07-24 17:31:36,2059714887868842220,,,,,82.0
2025-07-24 17:30:39.000,2025-07-24 17:31:36,2059714887868874988,77.01543951057802,,,,
2025-07-24 17:30:40.000,2025-07-24 17:31:36,2059714887868891372,,,,,79.0
2025-07-24 17:31:00.000,2025-07-24 17:31:36,2059714887868989676,,,,,80.0
2025-07-24 17:31:11.000,2025-07-24 17:32:32,2059715120296100076,,,,,85.0
2025-07-24 17:31:21.000,2025-07-24 17:32:32,2059715120317071596,,,,,95.0
2025-07-24 17:31:22.000,2025-07-24 17:32:32,2059715120317087980,,,26.0,520990.0,
2025-07-24 17:31:23.000,2025-07-24 17:31:24,2059714834986959084,,32.0,,,
2025-07-24 17:31:31.000,2025-07-24 17:32:32,2059715120317137132,,,,,101.0
2025-07-24 17:31:35.000,2025-07-24 17:32:32,2059715120317153516,100.22100538932138,,,,
2025-07-24 17:31:42.000,2025-07-24 17:32:32,2059715120317169900,,,,,97.0
2025-07-24 17:31:52.000,2025-07-24 17:32:32,2059715120317186284,,,,,86.0
2025-07-24 17:32:03.000,2025-07-24 17:32:32,2059715120317202668,74.25781081197873,,,,80.0
2025-07-24 17:32:13.000,2025-07-24 17:33:39,2059715400597258476,,,,,98.0
2025-07-24 17:32:22.000,2025-07-24 17:33:39,2059715400622407916,,,26.0,521030.0,
2025-07-24 17:32:23.000,2025-07-24 17:33:39,2059715400622424300,,,,,89.0
2025-07-24 17:32:24.000,2025-07-24 17:32:25,2059715090562679020,,28.999999999999996,,,
2025-07-24 17:32:34.000,2025-07-24 17:33:39,2059715400622473452,,,,,72.0
2025-07-24 17:32:50.000,2025-07-24 17:33:39,2059715400622522604,65.68119663923649,,,,
2025-07-24 17:32:55.000,2025-07-24 17:33:39,2059715400622538988,,,,,66.0
2025-07-24 17:32:57.000,2025-07-24 17:33:39,2059715400622555372,65.86639668615382,,,,
2025-07-24 17:33:05.000,2025-07-24 17:33:39,2059715400622571756,,,,,67.0
2025-07-24 17:33:15.000,2025-07-24 17:34:34,2059715631221047532,,,,,88.0
2025-07-24 17:33:23.000,2025-07-24 17:34:34,2059715631242019052,,,26.0,521120.0,
2025-07-24 17:33:24.000,2025-07-24 17:33:25,2059715344490037484,,30.0,,,
2025-07-24 17:33:26.000,2025-07-24 17:34:34,2059715631242035436,,,,,76.0
2025-07-24 17:33:36.000,2025-07-24 17:34:34,2059715631242117356,,,,,78.0
2025-07-24 17:33:38.000,2025-07-24 17:34:34,2059715631242133740,76.64133541580499,,,,
2025-07-24 17:33:46.000,2025-07-24 17:34:34,2059715631242150124,,,,,87.0
2025-07-24 17:33:54.000,2025-07-24 17:34:34,2059715631242166508,77.63585966775112,,,,
2025-07-24 17:33:57.000,2025-07-24 17:34:34,2059715631242182892,,,,,89.0
2025-07-24 17:34:07.000,2025-07-24 17:34:34,2059715631242232044,71.29090606036287,,,,76.0
2025-07-24 17:34:18.000,2025-07-24 17:35:35,2059715889653088492,,,,,95.0
2025-07-24 17:34:23.000,2025-07-24 17:35:35,2059715889674076396,,,26.0,521200.00000000006,
2025-07-24 17:34:25.000,2025-07-24 17:34:26,2059715599235301612,,26.0,,,
2025-07-24 17:34:28.000,2025-07-24 17:35:35,2059715889674109164,,,,,101.0
2025-07-24 17:34:38.000,2025-07-24 17:35:35,2059715889674158316,,,,,93.0
2025-07-24 17:34:49.000,2025-07-24 17:35:35,2059715889674174700,,,,,60.00000000000001
2025-07-24 17:34:59.000,2025-07-24 17:35:35,2059715889674207468,,,,,75.0
2025-07-24 17:35:10.000,2025-07-24 17:35:35,2059715889674240236,,,,,87.0
2025-07-24 17:35:23.000,2025-07-24 17:36:38,2059716150756917484,,,25.0,521320.00000000006,
2025-07-24 17:35:26.000,2025-07-24 17:35:27,2059715855746384108,,19.0,,,
2025-07-24 17:35:30.000,2025-07-24 17:36:38,2059716150756950252,,,,,91.0
2025-07-24 17:35:37.000,2025-07-24 17:36:38,2059716150756999404,94.707599992592,,,,
2025-07-24 17:35:40.000,2025-07-24 17:36:38,2059716150757015788,,,,,90.0
2025-07-24 17:35:51.000,2025-07-24 17:36:38,2059716150757048556,,,,,60.99999999999999
2025-07-24 17:35:53.000,2025-07-24 17:36:38,2059716150757064940,67.20354102489706,,,,
2025-07-24 17:36:01.000,2025-07-24 17:36:38,2059716150757081324,,,,,78.0
2025-07-24 17:36:12.000,2025-07-24 17:36:38,2059716150757196012,,,,,82.0
2025-07-24 17:36:22.000,2025-07-24 17:37:37,2059716399382659308,,,,,81.0
2025-07-24 17:36:23.000,2025-07-24 17:37:37,2059716399403630828,,,25.0,521460.00000000006,
2025-07-24 17:36:26.000,2025-07-24 17:37:37,2059716399403647212,71.44832610024262,,,,
2025-07-24 17:36:27.000,2025-07-24 17:36:31,2059716124878061804,,20.0,,,
2025-07-24 17:36:32.000,2025-07-24 17:37:37,2059716399403696364,,,,,78.0
2025-07-24 17:36:43.000,2025-07-24 17:37:37,2059716399403729132,,,,,85.0
2025-07-24 17:36:53.000,2025-07-24 17:37:37,2059716399403745516,,,,,71.0
2025-07-24 17:37:04.000,2025-07-24 17:37:37,2059716399403761900,,,,,72.0
2025-07-24 17:37:13.000,2025-07-24 17:37:37,2059716399403794668,49.122460444356655,,,,
2025-07-24 17:37:14.000,2025-07-24 17:37:37,2059716399403811052,,,,,48.0
2025-07-24 17:37:23.000,2025-07-24 17:38:43,2059716676986863852,,,25.0,521580.00000000006,
2025-07-24 17:37:24.000,2025-07-24 17:38:43,2059716676986880236,,,,,49.0
2025-07-24 17:37:29.000,2025-07-24 17:37:32,2059716377891045612,,28.999999999999996,,,
2025-07-24 17:37:31.000,2025-07-24 17:38:43,2059716676986913004,51.41153302425504,,,,
2025-07-24 17:37:35.000,2025-07-24 17:38:43,2059716676986945772,,,,,55.0
2025-07-24 17:37:36.000,2025-07-24 17:38:43,2059716676986962156,49.29840048892813,,,,
2025-07-24 17:37:41.000,2025-07-24 17:38:43,2059716676986994924,36.947409360010376,,,,
2025-07-24 17:37:45.000,2025-07-24 17:38:43,2059716676987027692,45.74255958811511,,,,50.0
2025-07-24 17:37:51.000,2025-07-24 17:38:43,2059716676987044076,49.07616043262731,,,,
2025-07-24 17:37:55.000,2025-07-24 17:38:43,2059716676987060460,,,,,48.0
2025-07-24 17:38:06.000,2025-07-24 17:38:43,2059716676987076844,,,,,60.99999999999999
2025-07-24 17:38:10.000,2025-07-24 17:38:43,2059716676987109612,53.793205627612096,,,,
2025-07-24 17:38:16.000,2025-07-24 17:38:43,2059716676987125996,46.85746387055751,,,,46.0
2025-07-24 17:38:22.000,2025-07-24 17:39:44,2059716935041417452,37.932673609610646,,,,
2025-07-24 17:38:23.000,2025-07-24 17:39:44,2059716935041433836,,,25.0,521659.99999999994,
2025-07-24 17:38:27.000,2025-07-24 17:39:44,2059716935041450220,,,,,42.0
2025-07-24 17:38:29.000,2025-07-24 17:39:44,2059716935041466604,43.22569095050837,,,,
2025-07-24 17:38:30.000,2025-07-24 17:38:32,2059716632141365484,,26.0,,,
2025-07-24 17:38:37.000,2025-07-24 17:39:44,2059716935041515756,,,,,24.0
2025-07-24 17:38:38.000,2025-07-24 17:39:44,2059716935041532140,27.41701494564379,,,,
2025-07-24 17:38:46.000,2025-07-24 17:39:44,2059716935041548524,27.237370900133964,,,,
2025-07-24 17:38:47.000,2025-07-24 17:39:44,2059716935041564908,,,,,22.0
2025-07-24 17:38:57.000,2025-07-24 17:39:44,2059716935041581292,6.572749665096582,,,,
2025-07-24 17:38:58.000,2025-07-24 17:39:44,2059716935041597676,,,,,1.0
2025-07-24 17:39:08.000,2025-07-24 17:39:44,2059716935041646828,35.00836486878577,,,,36.0
2025-07-24 17:39:18.000,2025-07-24 17:39:44,2059716935041695980,,,,,42.0
2025-07-24 17:39:23.000,2025-07-24 17:40:42,2059717175974838508,,,24.0,521730.0,
2025-07-24 17:39:29.000,2025-07-24 17:40:42,2059717175974854892,,,,,50.0
2025-07-24 17:39:31.000,2025-07-24 17:39:34,2059716889126371564,,30.0,,,
2025-07-24 17:39:39.000,2025-07-24 17:40:42,2059717175974920428,18.901516788384253,,,,20.0
2025-07-24 17:39:49.000,2025-07-24 17:40:42,2059717175974936812,,,,,32.0
2025-07-24 17:40:00.000,2025-07-24 17:40:42,2059717175975018732,0.0,,,,0.0
2025-07-24 17:40:24.000,2025-07-24 17:41:40,2059717420297224428,,,24.0,521750.0,
2025-07-24 17:40:32.000,2025-07-24 17:40:35,2059717147738767596,,24.0,,,
2025-07-24 17:40:41.000,2025-07-24 17:41:40,2059717420297289964,,,,,1.0
2025-07-24 17:40:51.000,2025-07-24 17:41:40,2059717420297322732,,,,,10.0
2025-07-24 17:41:02.000,2025-07-24 17:41:40,2059717420297339116,,,,,12.0
2025-07-24 17:41:12.000,2025-07-24 17:41:40,2059717420297502956,,,,,0.0
2025-07-24 17:41:25.000,2025-07-24 17:42:41,2059717675919081708,,,24.0,521780.0,
2025-07-24 17:41:33.000,2025-07-24 17:41:36,2059717401045401836,,24.0,,,
2025-07-24 17:42:04.000,2025-07-24 17:42:41,2059717675919196396,,,,,12.0
2025-07-24 17:42:14.000,2025-07-24 17:42:41,2059717675919229164,,,,,11.0
2025-07-24 17:42:24.000,2025-07-24 17:43:44,2059717938503483628,18.579268706748074,,,,18.0
2025-07-24 17:42:25.000,2025-07-24 17:43:44,2059717938524455148,,,24.0,521799.99999999994,
2025-07-24 17:42:34.000,2025-07-24 17:42:37,2059717657342509292,,24.0,,,
2025-07-24 17:42:35.000,2025-07-24 17:43:44,2059717938524471532,,,,,9.0
2025-07-24 17:42:45.000,2025-07-24 17:43:44,2059717938524520684,1.9834925024847674,,,,1.0
2025-07-24 17:42:55.000,2025-07-24 17:43:44,2059717938524553452,29.893139572928693,,,,30.000000000000004
2025-07-24 17:43:06.000,2025-07-24 17:43:44,2059717938524569836,,,,,42.0
2025-07-24 17:43:12.000,2025-07-24 17:43:44,2059717938524602604,40.41620623877225,,,,
2025-07-24 17:43:16.000,2025-07-24 17:43:44,2059717938524618988,,,,,40.0
2025-07-24 17:43:26.000,2025-07-24 17:44:43,2059718186894377196,,,24.0,521809.99999999994,
2025-07-24 17:43:27.000,2025-07-24 17:44:43,2059718186894393580,,,,,43.0
2025-07-24 17:43:35.000,2025-07-24 17:43:37,2059717911248896236,,26.0,,,
2025-07-24 17:43:35.000,2025-07-24 17:44:43,2059718186894409964,24.700130257366332,,,,
2025-07-24 17:43:37.000,2025-07-24 17:44:43,2059718186894426348,,,,,26.0
2025-07-24 17:43:47.000,2025-07-24 17:44:43,2059718186894475500,,,,,37.0
2025-07-24 17:43:58.000,2025-07-24 17:44:43,2059718186894508268,,,,,70.0
2025-07-24 17:44:08.000,2025-07-24 17:44:43,2059718186894541036,,,,,36.0
2025-07-24 17:44:19.000,2025-07-24 17:44:43,2059718186894590188,,,,,23.0
2025-07-24 17:44:26.000,2025-07-24 17:45:43,2059718439274021100,,,24.0,521840.00000000006,
2025-07-24 17:44:29.000,2025-07-24 17:45:43,2059718439294992620,,,,,32.0
2025-07-24 17:44:33.000,2025-07-24 17:45:43,2059718439295009004,32.16554414860452,,,,
2025-07-24 17:44:36.000,2025-07-24 17:44:38,2059718167260823788,,14.000000000000002,,,
2025-07-24 17:44:39.000,2025-07-24 17:45:43,2059718439295041772,,,,,69.0
2025-07-24 17:44:50.000,2025-07-24 17:45:43,2059718439295090924,,,,,53.0
2025-07-24 17:44:59.000,2025-07-24 17:45:43,2059718439295107308,39.13832591504257,,,,
2025-07-24 17:45:00.000,2025-07-24 17:45:43,2059718439295123692,,,,,41.0
2025-07-24 17:45:09.000,2025-07-24 17:45:43,2059718439295140076,41.395914486965005,,,,
2025-07-24 17:45:10.000,2025-07-24 17:45:43,2059718439295156460,,,,,42.0
2025-07-24 17:45:21.000,2025-07-24 17:45:43,2059718439295172844,,,,,60.00000000000001
2025-07-24 17:45:26.000,2025-07-24 17:46:44,2059718696250638572,,,24.0,521940.00000000006,
2025-07-24 17:45:31.000,2025-07-24 17:46:44,2059718696271610092,,,,,53.0
2025-07-24 17:45:36.000,2025-07-24 17:45:39,2059718422224175340,,19.0,,,
2025-07-24 17:45:42.000,2025-07-24 17:46:44,2059718696271675628,,,,,52.0
2025-07-24 17:45:52.000,2025-07-24 17:46:44,2059718696271692012,,,,,44.0
2025-07-24 17:45:55.000,2025-07-24 17:46:44,2059718696271708396,38.5716137714755,,,,
2025-07-24 17:46:02.000,2025-07-24 17:46:44,2059718696271724780,,,,,20.0
2025-07-24 17:46:05.000,2025-07-24 17:46:44,2059718696271741164,32.49149623117905,,,,
2025-07-24 17:46:13.000,2025-07-24 17:46:44,2059718696271872236,,,,,26.0
2025-07-24 17:46:17.000,2025-07-24 17:46:44,2059718696271888620,11.693530962361178,,,,
2025-07-24 17:46:23.000,2025-07-24 17:46:44,2059718696271905004,,,,,4.0
2025-07-24 17:46:26.000,2025-07-24 17:47:14,2059718818371993836,,,24.0,522020.0,
2025-07-24 17:46:33.001,2025-07-24 17:47:14,2059718818372174060,,,,,0.0
2025-07-24 17:46:38.000,2025-07-24 17:46:40,2059718677363687660,,24.0,,,
2025-07-24 17:47:27.000,2025-07-24 17:48:14,2059719073289273580,,,24.0,,
2025-07-24 17:47:48.000,2025-07-24 17:48:14,2059719073289339116,0.0,,,,
2025-07-24 17:48:28.000,2025-07-24 17:49:16,2059719332144922860,,,24.0,,
2025-07-24 17:49:28.000,2025-07-24 17:50:15,2059719578149306604,,,24.0,,
2025-07-24 17:50:28.000,2025-07-24 17:51:16,2059719837357228268,,,24.0,,
2025-07-24 17:51:29.000,2025-07-24 17:52:17,2059720091523678444,,,24.0,,
2025-07-24 17:52:29.000,2025-07-24 17:53:17,2059720343358062828,,,24.0,,
2025-07-24 17:52:48.000,2025-07-24 17:53:17,2059720343358111980,0.20557205207825321,,,,
2025-07-25 17:53:26.000,2025-07-25 17:54:17,2060082981485150444,,,24.0,,
2025-07-25 17:54:27.000,2025-07-26 09:29:46,2060318405847679212,,,24.0,,
2025-07-26 09:28:46.000,2025-07-26 09:29:49,2060318416153084140,,,24.0,,
2025-07-26 09:29:47.000,2025-07-26 09:30:50,2060318673591107820,,,24.0,,
2025-07-26 09:30:47.000,2025-07-26 09:31:50,2060318923642913004,,,24.0,,
2025-07-26 09:31:45.000,2025-07-26 09:32:50,2060319177935175916,0.0,,,,
2025-07-26 09:31:47.000,2025-07-26 09:32:50,2060319177935192300,,,24.0,,
2025-07-26 09:32:48.000,2025-07-26 09:33:51,2060319431828979948,,,24.0,,
2025-07-26 09:33:48.000,2025-07-26 09:34:15,2060319531334779116,,,24.0,,8.0
2025-07-26 09:33:53.000,2025-07-26 09:33:54,2060319443791118572,,28.999999999999996,,,
2025-07-26 09:33:58.000,2025-07-26 09:35:15,2060319786386718956,,,,,7.0
2025-07-26 09:34:03.000,2025-07-26 09:35:15,2060319786386735340,5.881953490094885,,,,
2025-07-26 09:34:09.000,2025-07-26 09:35:15,2060319786386784492,,,,,6.0
2025-07-26 09:34:19.000,2025-07-26 09:35:15,2060319786386800876,,,,,7.0
2025-07-26 09:34:30.000,2025-07-26 09:35:15,2060319786386833644,,,,,4.0
2025-07-26 09:34:40.000,2025-07-26 09:35:15,2060319786386882796,,,,,0.0
2025-07-26 09:34:49.000,2025-07-26 09:35:15,2060319786387194092,,,24.0,522039.99999999994,
2025-07-26 09:34:55.000,2025-07-26 09:34:57,2060319707088584940,,19.0,,,
2025-07-26 09:35:42.000,2025-07-26 09:36:19,2060320054653845740,,,,,7.0
2025-07-26 09:35:49.000,2025-07-26 09:36:19,2060320054653878508,,,24.0,522059.99999999994,
2025-07-26 09:35:52.000,2025-07-26 09:36:19,2060320054653911276,,,,,6.0
2025-07-26 09:35:56.000,2025-07-26 09:35:58,2060319963264057580,,19.0,,,
2025-07-26 09:36:03.000,2025-07-26 09:37:16,2060320290142945516,,,,,9.0
2025-07-26 09:36:13.000,2025-07-26 09:37:16,2060320290142961900,8.696994203238532,,,,8.0
2025-07-26 09:36:23.000,2025-07-26 09:37:16,2060320290143011052,,,,,4.0
2025-07-26 09:36:34.000,2025-07-26 09:37:16,2060320290143027436,,,,,1.0
2025-07-26 09:36:44.000,2025-07-26 09:37:16,2060320290143043820,,,,,0.0
2025-07-26 09:36:48.000,2025-07-26 09:37:16,2060320290143076588,,,,522080.00000000006,
2025-07-26 09:36:49.002,2025-07-26 09:37:16,2060320290143125740,,,24.0,,
2025-07-26 09:37:50.000,2025-07-26 09:38:18,2060320552840724716,,,24.0,,
2025-07-26 09:38:50.000,2025-07-26 09:39:17,2060320800191430892,,,24.0,,
2025-07-26 09:39:50.000,2025-07-26 09:40:19,2060321057595867372,,,24.0,,
2025-07-26 09:40:51.000,2025-07-26 09:41:19,2060321311963545836,,,24.0,,
2025-07-26 09:41:15.000,2025-07-26 09:42:19,2060321563592392940,0.0,,,,
2025-07-26 09:41:51.000,2025-07-26 09:42:19,2060321563592474860,,,24.0,,
2025-07-26 09:42:51.000,2025-07-26 09:43:20,2060321820225224940,,,24.0,,
2025-07-26 09:44:39.000,2025-07-26 09:45:42,2060322416206299372,,,24.0,522080.00000000006,0.0
2025-07-26 09:45:40.000,2025-07-26 09:46:43,2060322671232549100,,,24.0,,
2025-07-26 09:46:41.000,2025-07-26 09:47:46,2060322933208793324,,,24.0,,
2025-07-26 09:47:41.000,2025-07-26 09:48:45,2060323181603864812,,,24.0,,
2025-07-26 09:48:41.000,2025-07-26 09:49:45,2060323434914660588,,,24.0,,
2025-07-26 09:49:42.000,2025-07-26 09:50:46,2060323691257938156,,,24.0,,
2025-07-26 09:49:48.000,2025-07-26 09:50:46,2060323691257954540,0.0,,,,
2025-07-26 09:50:58.000,2025-07-27 09:52:02,2060686394119946476,,,24.0,,
2025-07-27 09:51:07.000,2025-07-27 09:52:03,2060686400512065772,,,24.0,,
2025-07-27 09:52:07.000,2025-07-28 04:40:55,2060970490318553324,,,24.0,,
2025-07-28 04:40:08.000,2025-07-28 04:40:57,2060970496509346028,,,24.0,,
2025-07-28 04:40:59.000,2025-07-28 04:41:02,2060970519913562348,,20.0,,,
2025-07-28 04:41:08.000,2025-07-28 04:42:08,2060970793181184236,,,23.0,522090.00000000006,
2025-07-28 04:41:50.000,2025-07-28 04:43:16,2060971078611632364,,,,,15.000000000000002
2025-07-28 04:41:55.000,2025-07-28 04:43:16,2060971078615859436,23.596337977738955,,,,
2025-07-28 04:42:00.000,2025-07-28 04:43:16,2060971078615957740,,,,,19.0
2025-07-28 04:42:07.000,2025-07-28 04:43:16,2060971078616023276,15.138251835023798,,,,
2025-07-28 04:42:08.000,2025-07-28 04:42:09,2060970800038543596,,21.0,,,
2025-07-28 04:42:08.000,2025-07-28 04:43:16,2060971078616039660,,,23.0,522110.0,
2025-07-28 04:42:10.000,2025-07-28 04:43:16,2060971078616088812,,,,,24.0
2025-07-28 04:42:21.000,2025-07-28 04:43:16,2060971078616187116,,,,,32.0
2025-07-28 04:42:31.000,2025-07-28 04:43:16,2060971078616219884,,,,,42.0
2025-07-28 04:42:41.000,2025-07-28 04:43:16,2060971078616252652,,,,,43.0
2025-07-28 04:42:52.000,2025-07-28 04:44:55,2060971495013744876,,,,,45.0
2025-07-28 04:43:02.000,2025-07-28 04:44:55,2060971495059898604,,,,,42.0
2025-07-28 04:43:08.000,2025-07-28 04:44:55,2060971495059914988,,,23.0,522130.0,
2025-07-28 04:43:12.000,2025-07-28 04:44:55,2060971495059964140,,,,,34.0
2025-07-28 04:43:18.000,2025-07-28 04:44:55,2060971495060013292,33.12673239210554,,,,
2025-07-28 04:43:23.000,2025-07-28 04:44:55,2060971495060029676,,,,,45.0
2025-07-28 04:43:33.000,2025-07-28 04:44:55,2060971495060046060,,,,,39.0
2025-07-28 04:43:44.000,2025-07-28 04:44:55,2060971495060095212,,,,,48.0
2025-07-28 04:43:54.000,2025-07-28 04:44:55,2060971495060111596,,,,,45.0
2025-07-28 04:43:59.000,2025-07-28 04:44:55,2060971495060127980,41.384802484149965,,,,
2025-07-28 04:44:04.000,2025-07-28 04:44:55,2060971495060144364,,,,,46.0
2025-07-28 04:44:08.000,2025-07-28 04:44:55,2060971495060160748,,,23.0,522150.0,
2025-07-28 04:44:12.000,2025-07-28 04:44:14,2060971325291233516,,23.0,,,
2025-07-28 04:44:15.000,2025-07-28 04:44:55,2060971495060209900,,,,,47.0
2025-07-28 04:44:25.000,2025-07-28 04:44:55,2060971495060340972,,,,,49.0
2025-07-28 04:44:32.000,2025-07-28 04:44:55,2060971495060357356,38.9197898596801,,,,
2025-07-28 04:44:35.000,2025-07-28 04:45:56,2060971750623019244,,,,,38.0
2025-07-28 04:44:46.000,2025-07-28 04:45:56,2060971750664978668,,,,,39.0
2025-07-28 04:44:54.000,2025-07-28 04:45:56,2060971750664995052,3.426200867970887,,,,
2025-07-28 04:44:56.000,2025-07-28 04:45:56,2060971750665011436,,,,,10.0
2025-07-28 04:45:02.000,2025-07-28 04:45:56,2060971750665044204,36.223277176563556,,,,
2025-07-28 04:45:06.000,2025-07-28 04:45:56,2060971750665060588,,,,,45.0
2025-07-28 04:45:08.000,2025-07-28 04:45:56,2060971750665076972,,,23.0,522240.0,
2025-07-28 04:45:14.000,2025-07-28 04:45:15,2060971578354565356,,12.0,,,
2025-07-28 04:45:17.000,2025-07-28 04:45:56,2060971750665126124,46.988955903868835,,,,47.0
2025-07-28 04:45:27.000,2025-07-28 04:45:56,2060971750665158892,,,,,46.0
2025-07-28 04:45:34.000,2025-07-28 04:45:56,2060971750665191660,26.653990752344328,,,,
2025-07-28 04:45:38.000,2025-07-28 04:46:57,2060972007419298028,,,,,13.0
2025-07-28 04:45:45.000,2025-07-28 04:46:57,2060972007419330796,28.365239185860595,,,,
2025-07-28 04:45:48.000,2025-07-28 04:46:57,2060972007419347180,,,,,27.0
2025-07-28 04:45:55.000,2025-07-28 04:46:57,2060972007419379948,11.243494848352029,,,,
2025-07-28 04:45:58.000,2025-07-28 04:46:57,2060972007419396332,,,,,12.0
2025-07-28 04:46:09.000,2025-07-28 04:46:57,2060972007419429100,,,23.0,522309.99999999994,11.0
2025-07-28 04:46:15.000,2025-07-28 04:46:16,2060971835280851180,,23.0,,,
2025-07-28 04:46:19.000,2025-07-28 04:46:57,2060972007419461868,,,,,0.0
2025-07-28 04:47:10.000,2025-07-28 04:47:58,2060972262995149036,,,23.0,522330.00000000006,
2025-07-28 04:47:11.000,2025-07-28 04:47:58,2060972262995165420,,,,,8.0
2025-07-28 04:47:17.000,2025-07-28 04:47:18,2060972094912463084,,25.0,,,
2025-07-28 04:47:21.000,2025-07-28 04:47:58,2060972262995198188,,,,,9.0
2025-07-28 04:47:31.000,2025-07-28 04:47:58,2060972262995214572,,,,,16.0
2025-07-28 04:47:35.000,2025-07-28 04:47:58,2060972262995247340,22.607369727200336,,,,
2025-07-28 04:47:42.000,2025-07-28 04:48:59,2060972518386188524,,,,,18.0
2025-07-28 04:47:52.000,2025-07-28 04:48:59,2060972518386237676,,,,,11.0
2025-07-28 04:47:53.000,2025-07-28 04:48:59,2060972518386254060,14.208547599498726,,,,
2025-07-28 04:48:02.000,2025-07-28 04:48:59,2060972518386270444,,,,,32.0
2025-07-28 04:48:10.000,2025-07-28 04:48:59,2060972518386303212,,,23.0,522350.0,
2025-07-28 04:48:13.000,2025-07-28 04:48:59,2060972518386319596,,,,,36.0
2025-07-28 04:48:18.000,2025-07-28 04:48:19,2060972351691948268,,25.0,,,
2025-07-28 04:48:23.000,2025-07-28 04:48:59,2060972518386368748,,,,,32.0
2025-07-28 04:48:33.001,2025-07-28 04:48:59,2060972518386417900,,,,,28.0
2025-07-28 04:48:43.000,2025-07-28 04:50:00,2060972776709193964,,,,,20.0
2025-07-28 04:48:54.000,2025-07-28 04:50:00,2060972776709243116,21.996209572373097,,,,22.0
2025-07-28 04:49:04.000,2025-07-28 04:50:00,2060972776709275884,,,,,23.0
2025-07-28 04:49:05.000,2025-07-28 04:50:00,2060972776709292268,26.01319859001031,,,,
2025-07-28 04:49:10.000,2025-07-28 04:50:00,2060972776709325036,,,23.0,,
2025-07-28 04:49:15.000,2025-07-28 04:50:00,2060972776709341420,,,,,27.0
2025-07-28 04:49:19.000,2025-07-28 04:49:20,2060972607800344812,,20.0,,,
2025-07-28 04:49:19.000,2025-07-28 04:50:00,2060972776709357804,29.58941149598425,,,,
2025-07-28 04:49:25.000,2025-07-28 04:50:00,2060972776709390572,38.33085371048294,,,,38.0
2025-07-28 04:49:29.000,2025-07-28 04:50:00,2060972776709423340,42.91270287121806,,,,
2025-07-28 04:49:35.000,2025-07-28 04:50:00,2060972776709456108,,,,,52.0
2025-07-28 04:49:44.000,2025-07-28 04:51:00,2060973027331834092,41.732978572354575,,,,
2025-07-28 04:49:46.000,2025-07-28 04:51:00,2060973027331866860,,,,,42.0
2025-07-28 04:49:56.000,2025-07-28 04:51:00,2060973027331883244,,,,,43.0
2025-07-28 04:50:03.000,2025-07-28 04:51:00,2060973027331916012,37.76043756597752,,,,
2025-07-28 04:50:07.000,2025-07-28 04:51:00,2060973027331932396,,,,,34.0
2025-07-28 04:50:11.000,2025-07-28 04:51:00,2060973027331965164,,,23.0,522370.0,
2025-07-28 04:50:12.000,2025-07-28 04:51:00,2060973027331981548,36.221425176094385,,,,
2025-07-28 04:50:17.000,2025-07-28 04:51:00,2060973027332014316,,,,,47.0
2025-07-28 04:50:19.000,2025-07-28 04:51:00,2060973027332030700,46.13147968664152,,,,
2025-07-28 04:50:20.000,2025-07-28 04:50:21,2060972863464145132,,19.0,,,
2025-07-28 04:50:23.000,2025-07-28 04:51:00,2060973027332063468,50.126244698648655,,,,
2025-07-28 04:50:27.000,2025-07-28 04:51:00,2060973027332079852,,,,,54.0
2025-07-28 04:50:38.000,2025-07-28 04:51:00,2060973027332161772,,,,,46.0
2025-07-28 04:50:48.000,2025-07-28 04:52:01,2060973282043150572,,,,,60.00000000000001
2025-07-28 04:50:57.000,2025-07-28 04:50:58,2060973017776783596,,23.0,,,
2025-07-28 04:50:58.000,2025-07-28 04:52:01,2060973282043265260,,,,,66.0
2025-07-28 04:51:09.000,2025-07-28 04:52:01,2060973282043298028,,,,,69.0
2025-07-28 04:51:12.000,2025-07-28 04:52:01,2060973282043314412,,,23.0,522460.00000000006,
2025-07-28 04:51:19.000,2025-07-28 04:52:01,2060973282043347180,,,,,65.0
2025-07-28 04:51:29.000,2025-07-28 04:52:01,2060973282043379948,,,,,63.0
2025-07-28 04:51:32.000,2025-07-28 04:52:01,2060973282043396332,61.61235160846241,,,,
2025-07-28 04:51:40.000,2025-07-28 04:52:01,2060973282043429100,,,,,78.0
2025-07-28 04:51:46.000,2025-07-28 04:53:02,2060973536607994092,73.555902634162,,,,
2025-07-28 04:51:50.000,2025-07-28 04:53:02,2060973536649953516,,,,,73.0
2025-07-28 04:51:58.000,2025-07-28 04:51:59,2060973275520958700,,18.0,,,
2025-07-28 04:52:00.000,2025-07-28 04:53:02,2060973536649986284,,,,,66.0
2025-07-28 04:52:11.000,2025-07-28 04:53:02,2060973536650019052,,,,,57.0
2025-07-28 04:52:12.000,2025-07-28 04:53:02,2060973536650035436,,,23.0,522510.0,
2025-07-28 04:52:18.000,2025-07-28 04:53:02,2060973536650068204,54.400661781500986,,,,
2025-07-28 04:52:21.000,2025-07-28 04:53:02,2060973536650100972,,,,,70.0
2025-07-28 04:52:31.000,2025-07-28 04:53:02,2060973536650133740,,,,,73.0
2025-07-28 04:52:42.000,2025-07-28 04:54:04,2060973799800570092,,,,,72.0
2025-07-28 04:52:52.000,2025-07-28 04:54:04,2060973799800619244,,,,,67.0
2025-07-28 04:53:00.000,2025-07-28 04:53:01,2060973534078828780,,22.0,,,
2025-07-28 04:53:02.000,2025-07-28 04:54:04,2060973799800668396,,,,,63.0
2025-07-28 04:53:12.000,2025-07-28 04:54:04,2060973799800684780,,,23.0,522570.00000000006,
2025-07-28 04:53:13.000,2025-07-28 04:54:04,2060973799800701164,,,,,69.0
2025-07-28 04:53:23.000,2025-07-28 04:54:04,2060973799800750316,,,,,62.0
2025-07-28 04:53:34.000,2025-07-28 04:54:04,2060973799800783084,,,,,69.0
2025-07-28 04:53:44.000,2025-07-28 04:55:21,2060974121600155884,,,,,76.0
2025-07-28 04:53:48.000,2025-07-28 04:55:21,2060974121600172268,73.58183064073044,,,,
2025-07-28 04:53:54.000,2025-07-28 04:55:21,2060974121600205036,,,,,75.0
2025-07-28 04:54:01.000,2025-07-28 04:54:04,2060973798697468140,,17.0,,,
2025-07-28 04:54:05.000,2025-07-28 04:55:21,2060974121600254188,,,,,74.0
2025-07-28 04:54:12.000,2025-07-28 04:55:21,2060974121600270572,,,23.0,522650.0,
2025-07-28 04:54:15.000,2025-07-28 04:55:21,2060974121600286956,,,,,66.0
2025-07-28 04:54:25.000,2025-07-28 04:55:21,2060974121600336108,,,,,57.0
2025-07-28 04:54:36.000,2025-07-28 04:55:21,2060974121600368876,,,,,71.0
2025-07-28 04:54:42.000,2025-07-28 04:55:21,2060974121600401644,62.40685980973783,,,,
2025-07-28 04:54:46.000,2025-07-28 04:56:04,2060974301112205548,,,,,69.0
2025-07-28 04:54:53.000,2025-07-28 04:56:04,2060974301112238316,67.0479729854865,,,,
2025-07-28 04:54:56.000,2025-07-28 04:56:04,2060974301112254700,,,,,63.0
2025-07-28 04:55:03.000,2025-07-28 04:55:13,2060974088259633388,,22.0,,,
2025-07-28 04:55:07.000,2025-07-28 04:56:04,2060974301112287468,,,,,66.0
2025-07-28 04:55:09.000,2025-07-28 04:56:04,2060974301112303852,57.510170569243215,,,,
2025-07-28 04:55:13.000,2025-07-28 04:56:04,2060974301112336620,,,23.0,522740.0,
2025-07-28 04:55:15.000,2025-07-28 04:56:04,2060974301112353004,59.61774710316261,,,,
2025-07-28 04:55:17.000,2025-07-28 04:56:04,2060974301112369388,,,,,64.0
2025-07-28 04:55:28.000,2025-07-28 04:56:04,2060974301112402156,,,,,71.0
2025-07-28 04:55:38.000,2025-07-28 04:56:04,2060974301112434924,,,,,60.99999999999999
2025-07-28 04:55:48.000,2025-07-28 04:57:05,2060974556775973100,,,,,57.0
2025-07-28 04:55:59.000,2025-07-28 04:57:05,2060974556818030828,,,,,62.0
2025-07-28 04:56:02.000,2025-07-28 04:57:05,2060974556818063596,60.640051362146345,,,,
2025-07-28 04:56:04.000,2025-07-28 04:56:06,2060974309215633644,,23.0,,,
2025-07-28 04:56:09.000,2025-07-28 04:57:05,2060974556818112748,,,,,49.0
2025-07-28 04:56:13.000,2025-07-28 04:57:05,2060974556818145516,,,23.0,522830.00000000006,
2025-07-28 04:56:19.000,2025-07-28 04:57:05,2060974556818161900,,,,,69.0
2025-07-28 04:56:30.000,2025-07-28 04:57:05,2060974556818194668,,,,,83.0
2025-07-28 04:56:40.000,2025-07-28 04:57:05,2060974556818227436,,,,,82.0
2025-07-28 04:56:50.000,2025-07-28 04:58:06,2060974814432067820,,,,,75.0
2025-07-28 04:57:01.000,2025-07-28 04:58:06,2060974814474043628,,,,,70.0
2025-07-28 04:57:05.000,2025-07-28 04:57:07,2060974564631904492,,20.0,,,
2025-07-28 04:57:11.000,2025-07-28 04:58:06,2060974814474092780,,,,,71.0
2025-07-28 04:57:13.000,2025-07-28 04:58:06,2060974814474109164,,,23.0,522950.00000000006,
2025-07-28 04:57:22.000,2025-07-28 04:58:06,2060974814474141932,,,,,76.0
2025-07-28 04:57:32.000,2025-07-28 04:58:06,2060974814474158316,74.0374227561471,,,,75.0
2025-07-28 04:57:42.000,2025-07-28 04:58:06,2060974814474174700,,,,,77.0
2025-07-28 04:57:53.000,2025-07-28 04:59:06,2060975065775735020,,,,,74.0
2025-07-28 04:58:03.000,2025-07-28 04:59:06,2060975065779929324,,,,,76.0
2025-07-28 04:58:06.000,2025-07-28 04:58:08,2060974823093305580,,20.0,,,
2025-07-28 04:58:14.000,2025-07-28 04:59:06,2060975065779978476,,,22.0,523130.0,71.0
2025-07-28 04:58:24.000,2025-07-28 04:59:06,2060975065780011244,,,,,69.0
2025-07-28 04:58:34.000,2025-07-28 04:59:06,2060975065780044012,,,,,60.99999999999999
2025-07-28 04:58:45.000,2025-07-28 04:59:06,2060975065780060396,,,,,69.0
2025-07-28 04:58:55.000,2025-07-28 05:00:07,2060975320965595372,,,,,73.0
2025-07-28 04:59:02.000,2025-07-28 05:00:07,2060975320965611756,71.99837023958713,,,,
2025-07-28 04:59:06.000,2025-07-28 05:00:07,2060975320965628140,,,,,74.0
2025-07-28 04:59:07.000,2025-07-28 04:59:08,2060975072973160684,,22.0,,,
2025-07-28 04:59:14.000,2025-07-28 05:00:07,2060975320965677292,,,22.0,523200.00000000006,
2025-07-28 04:59:16.000,2025-07-28 05:00:07,2060975320965693676,,,,,72.0
2025-07-28 04:59:26.000,2025-07-28 05:00:07,2060975320965759212,,,,,73.0
2025-07-28 04:59:37.000,2025-07-28 05:00:07,2060975320965775596,,,,,75.0
2025-07-28 04:59:47.000,2025-07-28 05:01:08,2060975575807295724,,,,,71.0
2025-07-28 04:59:58.000,2025-07-28 05:01:08,2060975575849255148,,,,,76.0
2025-07-28 05:00:08.000,2025-07-28 05:00:09,2060975329903640812,,28.999999999999996,,,
2025-07-28 05:00:08.000,2025-07-28 05:01:08,2060975575849271532,,,,,74.0
2025-07-28 05:00:14.000,2025-07-28 05:01:08,2060975575849320684,,,22.0,523270.0,
2025-07-28 05:00:18.000,2025-07-28 05:01:08,2060975575849337068,,,,,73.0
2025-07-28 05:00:29.000,2025-07-28 05:01:08,2060975575849369836,,,,,71.0
2025-07-28 05:00:33.000,2025-07-28 05:01:08,2060975575849386220,72.32247032169249,,,,
2025-07-28 05:00:39.000,2025-07-28 05:01:08,2060975575849402604,,,,,75.0
2025-07-28 05:00:50.000,2025-07-28 05:02:09,2060975831534010604,,,,,72.0
2025-07-28 05:01:00.000,2025-07-28 05:02:09,2060975831576068332,,,,,75.0
2025-07-28 05:01:09.000,2025-07-28 05:01:10,2060975584950878444,,25.0,,,
2025-07-28 05:01:14.000,2025-07-28 05:02:09,2060975831576117484,,,22.0,523340.00000000006,
2025-07-28 05:01:21.000,2025-07-28 05:02:09,2060975831576133868,,,,,64.0
2025-07-28 05:01:31.000,2025-07-28 05:02:09,2060975831576199404,,,,,70.0
2025-07-28 05:01:41.000,2025-07-28 05:02:09,2060975831576215788,,,,,69.0
2025-07-28 05:01:52.000,2025-07-28 05:03:10,2060976086585442540,,,,,67.0
2025-07-28 05:02:02.000,2025-07-28 05:03:10,2060976086585458924,,,,,66.0
2025-07-28 05:02:03.000,2025-07-28 05:03:10,2060976086585475308,65.21634452147394,,,,
2025-07-28 05:02:10.000,2025-07-28 05:02:11,2060975839234752748,,25.0,,,
2025-07-28 05:02:12.000,2025-07-28 05:03:10,2060976086585524460,,,,,58.0
2025-07-28 05:02:14.000,2025-07-28 05:03:10,2060976086585540844,,,22.0,523390.0,
2025-07-28 05:02:23.000,2025-07-28 05:03:10,2060976086585573612,,,,,28.0
2025-07-28 05:02:29.000,2025-07-28 05:03:10,2060976086585589996,25.707618512596692,,,,
2025-07-28 05:02:33.000,2025-07-28 05:03:10,2060976086585606380,,,,,32.0
2025-07-28 05:02:44.000,2025-07-28 05:03:10,2060976086585622764,,,,,43.0
2025-07-28 05:02:53.000,2025-07-28 05:04:10,2060976340789625068,57.35645453030181,,,,
2025-07-28 05:02:54.000,2025-07-28 05:04:10,2060976340793819372,,,,,60.00000000000001
2025-07-28 05:03:04.000,2025-07-28 05:04:10,2060976340793835756,,,,,71.0
2025-07-28 05:03:11.000,2025-07-28 05:03:12,2060976098463711468,,27.0,,,
2025-07-28 05:03:15.000,2025-07-28 05:04:10,2060976340793868524,,,22.0,523419.99999999994,75.0
2025-07-28 05:03:25.000,2025-07-28 05:04:10,2060976340793901292,,,,,74.0
2025-07-28 05:03:36.000,2025-07-28 05:04:10,2060976340793934060,,,,,77.0
2025-07-28 05:03:46.000,2025-07-28 05:04:10,2060976340793966828,,,,,75.0
2025-07-28 05:03:56.000,2025-07-28 05:05:11,2060976595912360172,,,,,67.0
2025-07-28 05:04:07.000,2025-07-28 05:05:11,2060976595912392940,,,,,72.0
2025-07-28 05:04:12.000,2025-07-28 05:04:15,2060976362147021036,,25.0,,,
2025-07-28 05:04:16.000,2025-07-28 05:05:11,2060976595912458476,,,23.0,523429.99999999994,
2025-07-28 05:04:17.000,2025-07-28 05:05:11,2060976595912474860,,,,,68.0
2025-07-28 05:04:19.000,2025-07-28 05:05:11,2060976595912491244,67.32206905492417,,,,
2025-07-28 05:04:27.000,2025-07-28 05:05:11,2060976595912524012,,,,,67.0
2025-07-28 05:04:35.000,2025-07-28 05:05:11,2060976595912540396,67.92767320834388,,,,
2025-07-28 05:04:38.000,2025-07-28 05:05:11,2060976595912556780,,,,,70.0
2025-07-28 05:04:58.000,2025-07-28 05:06:12,2060976851253248236,,,,,74.0
2025-07-28 05:05:09.000,2025-07-28 05:06:12,2060976851253264620,,,,,76.0
2025-07-28 05:05:13.000,2025-07-28 05:05:14,2060976608092618988,,22.0,,,
2025-07-28 05:05:16.000,2025-07-28 05:06:12,2060976851253346540,,,23.0,523450.00000000006,
2025-07-28 05:05:19.000,2025-07-28 05:06:12,2060976851253362924,,,,,68.0
2025-07-28 05:05:22.000,2025-07-28 05:06:12,2060976851253379308,64.51814034459557,,,,
2025-07-28 05:05:29.000,2025-07-28 05:06:12,2060976851253412076,,,,,64.0
2025-07-28 05:05:40.000,2025-07-28 05:06:12,2060976851253444844,,,,,65.0
2025-07-28 05:05:50.000,2025-07-28 05:06:12,2060976851253461228,,,,,53.0
2025-07-28 05:06:00.001,2025-07-28 05:07:13,2060977106363384044,,,,,42.0
2025-07-28 05:06:11.000,2025-07-28 05:07:13,2060977106363449580,,,,,0.0
2025-07-28 05:06:17.000,2025-07-28 05:07:13,2060977106363646188,,,23.0,523460.00000000006,
2025-07-28 05:06:21.000,2025-07-28 05:07:13,2060977106363744492,,,,,41.0
2025-07-28 05:06:22.000,2025-07-28 05:06:22,2060976893993156844,,22.0,,,
2025-07-28 05:06:42.000,2025-07-28 05:07:13,2060977106363842796,,,,,32.0
2025-07-28 05:06:52.000,2025-07-28 05:07:13,2060977106363875564,,,,,0.0
2025-07-28 05:06:53.000,2025-07-28 05:08:13,2060977360677191916,7.474673893584052,,,,
2025-07-28 05:07:02.000,2025-07-28 05:08:13,2060977360677241068,,,,,40.0
2025-07-28 05:07:13.000,2025-07-28 05:08:13,2060977360677257452,,,,,44.0
2025-07-28 05:07:17.000,2025-07-28 05:08:13,2060977360677273836,,,23.0,523490.0,
2025-07-28 05:07:23.000,2025-07-28 05:07:24,2060977153909981420,,21.0,,,
2025-07-28 05:07:23.000,2025-07-28 05:08:13,2060977360677290220,,,,,37.0
2025-07-28 05:07:32.000,2025-07-28 05:08:13,2060977360677322988,16.330940137171503,,,,
2025-07-28 05:07:34.000,2025-07-28 05:08:13,2060977360677339372,,,,,16.0
2025-07-28 05:07:43.000,2025-07-28 05:08:13,2060977360677355756,25.80947853840123,,,,
2025-07-28 05:07:44.000,2025-07-28 05:08:13,2060977360677372140,,,,,31.0
2025-07-28 05:07:54.000,2025-07-28 05:09:14,2060977615602188524,,,,,48.0
2025-07-28 05:08:05.000,2025-07-28 05:09:14,2060977615644147948,,,,,60.00000000000001
2025-07-28 05:08:17.000,2025-07-28 05:09:14,2060977615644180716,,,23.0,523549.99999999994,
2025-07-28 05:08:24.000,2025-07-28 05:08:26,2060977411431858412,,25.0,,,
2025-07-28 05:08:26.000,2025-07-28 05:09:14,2060977615644229868,,,,,49.0
2025-07-28 05:08:35.000,2025-07-28 05:09:14,2060977615644262636,16.003136054127804,,,,
2025-07-28 05:08:36.000,2025-07-28 05:09:14,2060977615644279020,,,,,20.0
2025-07-28 05:08:43.000,2025-07-28 05:09:14,2060977615644311788,18.844104773839877,,,,
2025-07-28 05:08:46.000,2025-07-28 05:09:14,2060977615644328172,,,,,11.0
2025-07-28 05:08:57.000,2025-07-28 05:09:45,2060977744535093484,,,,,5.0
2025-07-28 05:09:07.000,2025-07-28 05:09:45,2060977744535126252,,,,,0.0
2025-07-28 05:09:17.000,2025-07-28 05:09:45,2060977744535175404,,,23.0,523570.00000000006,
2025-07-28 05:10:15.000,2025-07-28 05:10:46,2060978000085762284,0.135196034249662,,,,
2025-07-28 05:10:18.000,2025-07-28 05:10:46,2060978000085778668,,,23.0,,
2025-07-28 05:11:18.000,2025-07-28 05:11:47,2060978254994604268,,,23.0,,
2025-07-28 05:12:19.000,2025-07-28 05:12:47,2060978509702086892,,,23.0,,
2025-07-28 05:13:19.000,2025-07-28 05:13:48,2060978765252542700,,,23.0,,
2025-07-28 05:13:27.000,2025-07-28 05:13:48,2060978765252673772,,,,,6.0
2025-07-28 05:13:38.000,2025-07-28 05:14:53,2060979038641455340,,,,,18.0
2025-07-28 05:13:42.000,2025-07-28 05:14:53,2060979038683398380,13.947415533345268,,,,
2025-07-28 05:13:48.000,2025-07-28 05:14:53,2060979038683431148,,,,,15.000000000000002
2025-07-28 05:13:54.000,2025-07-28 05:14:53,2060979038683447532,28.407835196651586,,,,
2025-07-28 05:13:58.000,2025-07-28 05:14:53,2060979038683463916,,,,,26.0
2025-07-28 05:14:09.000,2025-07-28 05:14:53,2060979038683496684,,,,,28.0
2025-07-28 05:14:18.000,2025-07-28 05:14:53,2060979038683513068,24.911258310852105,,,,
2025-07-28 05:14:19.000,2025-07-28 05:14:53,2060979038683529452,,,100.0,523610.0,25.0
2025-07-28 05:14:29.000,2025-07-28 05:14:53,2060979038683578604,,,,,24.0
2025-07-28 05:14:32.000,2025-07-28 05:14:53,2060979038683627756,31.559939995184802,,,,
2025-07-28 05:14:33.000,2025-07-28 05:14:35,2060978959864053996,,95.0,,,
2025-07-28 05:14:40.000,2025-07-28 05:15:54,2060979294099783916,,,,,39.0
2025-07-28 05:14:50.000,2025-07-28 05:15:54,2060979294099816684,,,,,23.0
2025-07-28 05:14:51.000,2025-07-28 05:15:54,2060979294099833068,22.91109780414478,,,,
2025-07-28 05:15:00.000,2025-07-28 05:15:54,2060979294099865836,,,,,44.0
2025-07-28 05:15:07.000,2025-07-28 05:15:54,2060979294099882220,37.02889738065401,,,,
2025-07-28 05:15:11.000,2025-07-28 05:15:54,2060979294099898604,,,,,37.0
2025-07-28 05:15:13.000,2025-07-28 05:15:54,2060979294099914988,41.87002660707341,,,,
2025-07-28 05:15:19.000,2025-07-28 05:15:54,2060979294099931372,,,100.0,523669.99999999994,
2025-07-28 05:15:21.000,2025-07-28 05:15:54,2060979294099947756,,,,,70.0
2025-07-28 05:15:32.000,2025-07-28 05:15:54,2060979294099980524,,,,,90.0
2025-07-28 05:15:35.000,2025-07-28 05:15:36,2060979216983261420,,90.0,,,
2025-07-28 05:15:42.000,2025-07-28 05:16:55,2060979548987621612,,,,,94.0
2025-07-28 05:15:52.000,2025-07-28 05:16:55,2060979548987637996,,,,,95.0
2025-07-28 05:16:03.000,2025-07-28 05:16:55,2060979548987670764,,,,,93.0
2025-07-28 05:16:13.000,2025-07-28 05:16:55,2060979548987687148,,,,,92.0
2025-07-28 05:16:19.000,2025-07-28 05:16:55,2060979548987703532,,,99.0,523830.00000000006,
2025-07-28 05:16:24.000,2025-07-28 05:16:55,2060979548987719916,,,,,91.0
2025-07-28 05:16:34.000,2025-07-28 05:16:55,2060979548987752684,,,,,89.0
2025-07-28 05:16:43.000,2025-07-28 05:17:56,2060979804055814380,88.94417453252423,,,,
2025-07-28 05:16:44.000,2025-07-28 05:17:56,2060979804055830764,,,,,91.0
2025-07-28 05:17:05.000,2025-07-28 05:17:56,2060979804055879916,,,,,92.0
2025-07-28 05:17:16.000,2025-07-28 05:17:56,2060979804055896300,,,,,95.0
2025-07-28 05:17:20.000,2025-07-28 05:17:56,2060979804055912684,,,99.0,523919.99999999994,
2025-07-28 05:17:26.000,2025-07-28 05:17:56,2060979804055945452,,,,,96.0
2025-07-28 05:17:36.000,2025-07-28 05:18:57,2060980059388248300,,,,,98.0
2025-07-28 05:17:47.000,2025-07-28 05:18:57,2060980059430224108,,,,,93.0
2025-07-28 05:17:57.000,2025-07-28 05:18:57,2060980059430240492,,,,,91.0
2025-07-28 05:18:15.000,2025-07-28 05:18:57,2060980059430289644,94.63166797335589,,,,
2025-07-28 05:18:18.000,2025-07-28 05:18:57,2060980059430306028,,,,,96.0
2025-07-28 05:18:20.000,2025-07-28 05:18:57,2060980059430322412,,,100.0,524000.0,
2025-07-28 05:18:28.000,2025-07-28 05:18:57,2060980059430338796,,,,,100.0
2025-07-28 05:18:39.000,2025-07-28 05:19:58,2060980314410320108,,,,,96.0
2025-07-28 05:18:49.000,2025-07-28 05:19:58,2060980314410352876,,,,,87.0
2025-07-28 05:18:59.000,2025-07-28 05:19:58,2060980314410369260,,,,,80.0
2025-07-28 05:19:10.000,2025-07-28 05:19:58,2060980314410402028,,,,,87.0
2025-07-28 05:19:20.000,2025-07-28 05:19:58,2060980314410418412,,,99.0,524110.0,96.0
2025-07-28 05:19:31.000,2025-07-28 05:19:58,2060980314410434796,,,,,99.0
2025-07-28 05:19:41.000,2025-07-28 05:20:58,2060980569797296364,,,,,98.0
2025-07-28 05:19:46.000,2025-07-28 05:20:58,2060980569797312748,96.64479248334743,,,,
2025-07-28 05:19:51.000,2025-07-28 05:20:58,2060980569797329132,,,,,97.0
2025-07-28 05:20:02.000,2025-07-28 05:20:58,2060980569797345516,,,,,96.0
2025-07-28 05:20:12.000,2025-07-28 05:20:58,2060980569797411052,,,,,92.0
2025-07-28 05:20:20.000,2025-07-28 05:20:58,2060980569797427436,,,100.0,524159.99999999994,
2025-07-28 05:20:22.000,2025-07-28 05:20:58,2060980569797443820,,,,,90.0
2025-07-28 05:20:33.000,2025-07-28 05:20:58,2060980569797476588,,,,,89.0
2025-07-28 05:20:43.000,2025-07-28 05:22:00,2060980828137079020,,,,,91.0
2025-07-28 05:20:54.000,2025-07-28 05:22:00,2060980828137095404,92.34815139486503,,,,94.0
2025-07-28 05:21:04.000,2025-07-28 05:22:00,2060980828137128172,,,,,101.0
2025-07-28 05:21:14.000,2025-07-28 05:22:00,2060980828137160940,,,,,100.0
2025-07-28 05:21:21.000,2025-07-28 05:22:00,2060980828137177324,,,100.0,524340.0,
2025-07-28 05:21:25.000,2025-07-28 05:22:00,2060980828137193708,,,,,98.0
2025-07-28 05:21:35.000,2025-07-28 05:22:00,2060980828137242860,,,,,91.0
2025-07-28 05:21:45.000,2025-07-28 05:23:00,2060981078767714540,,,,,89.0
2025-07-28 05:21:56.000,2025-07-28 05:23:00,2060981078767730924,,,,,85.0
2025-07-28 05:22:06.000,2025-07-28 05:23:00,2060981078767780076,,,,,87.0
2025-07-28 05:22:17.000,2025-07-28 05:23:00,2060981078767829228,,,,,84.0
2025-07-28 05:22:21.000,2025-07-28 05:23:00,2060981078767845612,,,100.0,524370.0,
2025-07-28 05:22:25.000,2025-07-28 05:23:00,2060981078767861996,81.27318858920779,,,,
2025-07-28 05:22:37.000,2025-07-28 05:23:00,2060981078767911148,,,,,83.0
2025-07-28 05:22:42.000,2025-07-28 05:22:43,2060981006940242156,,98.0,,,
2025-07-28 05:22:48.000,2025-07-28 05:24:01,2060981334398025964,,,,,76.0
2025-07-28 05:22:58.000,2025-07-28 05:24:01,2060981334398042348,,,,,75.0
2025-07-28 05:23:09.000,2025-07-28 05:24:01,2060981334398075116,,,,,82.0
2025-07-28 05:23:19.000,2025-07-28 05:24:01,2060981334398091500,,,,,84.0
2025-07-28 05:23:21.000,2025-07-28 05:24:01,2060981334398107884,,,99.0,524510.0,
2025-07-28 05:23:29.000,2025-07-28 05:24:01,2060981334398124268,,,,,82.0
2025-07-28 05:23:40.000,2025-07-28 05:24:01,2060981334398238956,,,,,93.0
2025-07-28 05:23:50.000,2025-07-28 05:25:02,2060981589445198060,,,,,91.0
2025-07-28 05:23:54.000,2025-07-28 05:25:02,2060981589445214444,89.65904671362517,,,,
2025-07-28 05:24:00.000,2025-07-28 05:25:02,2060981589445230828,,,,,94.0
2025-07-28 05:24:11.000,2025-07-28 05:25:02,2060981589445263596,,,,,92.0
2025-07-28 05:24:21.000,2025-07-28 05:25:02,2060981589445279980,,,99.0,524610.0,96.0
2025-07-28 05:24:42.000,2025-07-28 05:26:02,2060981844735705324,,,,,95.0
2025-07-28 05:24:52.000,2025-07-28 05:26:02,2060981844777664748,,,,,96.0
2025-07-28 05:25:03.000,2025-07-28 05:26:02,2060981844777681132,,,,,94.0
2025-07-28 05:25:13.000,2025-07-28 05:26:02,2060981844777730284,,,,,90.0
2025-07-28 05:25:21.000,2025-07-28 05:26:02,2060981844777746668,,,99.0,524730.0,
2025-07-28 05:25:23.000,2025-07-28 05:26:02,2060981844777763052,,,,,81.0
2025-07-28 05:25:24.000,2025-07-28 05:26:02,2060981844777779436,80.5953564174903,,,,
2025-07-28 05:25:34.000,2025-07-28 05:26:02,2060981844777795820,,,,,90.0
2025-07-28 05:25:44.000,2025-07-28 05:27:03,2060982099699056876,,,,,98.0
2025-07-28 05:26:15.000,2025-07-28 05:27:03,2060982099741065452,,,,,93.0
2025-07-28 05:26:22.000,2025-07-28 05:27:03,2060982099741081836,,,99.0,524800.0,
2025-07-28 05:26:26.000,2025-07-28 05:27:03,2060982099741098220,,,,,97.0
2025-07-28 05:26:36.000,2025-07-28 05:27:03,2060982099741130988,,,,,102.0
2025-07-28 05:26:45.000,2025-07-28 05:26:46,2060982029247316204,,98.0,,,
2025-07-28 05:26:47.000,2025-07-28 05:28:09,2060982374245597420,,,,,99.0
2025-07-28 05:26:56.000,2025-07-28 05:28:09,2060982374287556844,94.32608789594228,,,,
2025-07-28 05:26:57.000,2025-07-28 05:28:09,2060982374287573228,,,,,95.0
2025-07-28 05:27:18.000,2025-07-28 05:28:09,2060982374287622380,,,,,96.0
2025-07-28 05:27:22.000,2025-07-28 05:28:09,2060982374287638764,,,100.0,524950.0,
2025-07-28 05:27:28.000,2025-07-28 05:28:09,2060982374287655148,,,,,98.0
2025-07-28 05:27:39.000,2025-07-28 05:28:09,2060982374287687916,,,,,96.0
2025-07-28 05:27:49.000,2025-07-28 05:29:05,2060982611496419564,,,,,97.0
2025-07-28 05:28:00.000,2025-07-28 05:29:05,2060982611496435948,,,,,98.0
2025-07-28 05:28:10.000,2025-07-28 05:29:05,2060982611496485100,,,,,101.0
2025-07-28 05:28:20.000,2025-07-28 05:29:05,2060982611496501484,,,,,98.0
2025-07-28 05:28:22.000,2025-07-28 05:29:05,2060982611496517868,,,100.0,525080.0,
2025-07-28 05:28:26.000,2025-07-28 05:29:05,2060982611496550636,94.2334878724836,,,,
2025-07-28 05:28:31.000,2025-07-28 05:29:05,2060982611496567020,,,,,92.0
2025-07-28 05:28:41.000,2025-07-28 05:29:05,2060982611496681708,,,,,90.0
2025-07-28 05:28:51.000,2025-07-28 05:31:44,2060983276788547820,,,,,95.0
2025-07-28 05:29:02.000,2025-07-28 05:31:44,2060983276788564204,,,,,94.0
2025-07-28 05:29:12.000,2025-07-28 05:31:44,2060983276788596972,,,,,86.0
2025-07-28 05:29:22.000,2025-07-28 05:31:44,2060983276788613356,,,100.0,525110.0,85.0
2025-07-28 05:29:27.000,2025-07-28 05:31:44,2060983276788629740,85.06238154913666,,,,
2025-07-28 05:29:33.000,2025-07-28 05:31:44,2060983276788646124,,,,,86.0
2025-07-28 05:29:43.000,2025-07-28 05:31:44,2060983276788711660,,,,,80.0
2025-07-28 05:29:54.000,2025-07-28 05:31:44,2060983276788777196,,,,,81.0
2025-07-28 05:30:14.000,2025-07-28 05:31:44,2060983276788875500,,,,,83.0
2025-07-28 05:30:23.000,2025-07-28 05:31:44,2060983276788891884,,,99.0,525160.0,
2025-07-28 05:30:25.000,2025-07-28 05:31:44,2060983276788908268,,,,,79.0
2025-07-28 05:30:35.000,2025-07-28 05:31:44,2060983276788924652,,,,,76.0
2025-07-28 05:30:46.000,2025-07-28 05:31:44,2060983276788957420,,,,,66.0
2025-07-28 05:30:56.000,2025-07-28 05:31:44,2060983276789006572,,,,,28.0
2025-07-28 05:30:57.000,2025-07-28 05:31:44,2060983276789022956,21.59247347009328,,,,
2025-07-28 05:31:06.000,2025-07-28 05:31:44,2060983276789039340,,,,,31.0
2025-07-28 05:31:17.000,2025-07-28 05:31:44,2060983276789055724,,,,,62.0
2025-07-28 05:31:23.000,2025-07-28 05:32:40,2060983510713237740,,,99.0,525210.0,
2025-07-28 05:31:27.000,2025-07-28 05:32:40,2060983510755180780,,,,,82.0
2025-07-28 05:31:37.000,2025-07-28 05:32:40,2060983510755213548,,,,,86.0
2025-07-28 05:31:48.000,2025-07-28 05:32:40,2060983510755229932,,,,,83.0
2025-07-28 05:31:58.000,2025-07-28 05:32:40,2060983510755262700,,,,,79.0
2025-07-28 05:32:09.000,2025-07-28 05:32:40,2060983510755295468,,,,,73.0
2025-07-28 05:32:19.000,2025-07-28 05:32:40,2060983510755311852,,,,,60.00000000000001
2025-07-28 05:32:23.000,2025-07-28 05:33:41,2060983766070853868,,,99.0,525460.0,
2025-07-28 05:32:27.000,2025-07-28 05:33:41,2060983766112813292,26.122466617691547,,,,
2025-07-28 05:32:29.000,2025-07-28 05:33:41,2060983766112829676,,,,,29.0
2025-07-28 05:32:35.000,2025-07-28 05:33:41,2060983766112846060,29.306055424200707,,,,
2025-07-28 05:32:40.000,2025-07-28 05:33:41,2060983766112878828,,,,,38.0
2025-07-28 05:32:50.000,2025-07-28 05:32:51,2060983559333609708,,96.0,,,
2025-07-28 05:32:50.000,2025-07-28 05:33:41,2060983766112895212,,,,,75.0
2025-07-28 05:33:01.000,2025-07-28 05:33:41,2060983766112944364,,,,,88.0
2025-07-28 05:33:11.000,2025-07-28 05:33:41,2060983766112977132,,,,,89.0
2025-07-28 05:33:23.000,2025-07-28 05:34:41,2060984021529182444,,,99.0,525560.0,
2025-07-28 05:33:32.000,2025-07-28 05:34:41,2060984021529198828,,,,,80.0
2025-07-28 05:33:42.000,2025-07-28 05:34:41,2060984021529329900,,,,,74.0
2025-07-28 05:33:53.000,2025-07-28 05:34:41,2060984021529346284,,,,,60.00000000000001
2025-07-28 05:34:03.000,2025-07-28 05:34:41,2060984021529362668,,,,,28.0
2025-07-28 05:34:05.000,2025-07-28 05:34:41,2060984021529379052,33.137844394920585,,,,
2025-07-28 05:34:09.000,2025-07-28 05:34:41,2060984021529411820,47.27601597659072,,,,
2025-07-28 05:34:13.000,2025-07-28 05:34:41,2060984021529428204,,,,,63.0
2025-07-28 05:34:24.000,2025-07-28 05:35:42,2060984276467335404,,,99.0,525680.0,83.0
2025-07-28 05:34:34.000,2025-07-28 05:35:42,2060984276467351788,,,,,87.0
2025-07-28 05:34:45.000,2025-07-28 05:35:42,2060984276467384556,,,,,78.0
2025-07-28 05:34:55.000,2025-07-28 05:35:42,2060984276467433708,,,,,77.0
2025-07-28 05:34:56.000,2025-07-28 05:35:42,2060984276467450092,75.50976312914,,,,
2025-07-28 05:35:05.000,2025-07-28 05:35:42,2060984276467466476,,,,,58.0
2025-07-28 05:35:16.000,2025-07-28 05:35:42,2060984276467515628,,,,,18.0
2025-07-28 05:35:24.000,2025-07-28 05:36:43,2060984531564888300,,,99.0,525790.0,
2025-07-28 05:35:26.000,2025-07-28 05:36:43,2060984531564904684,,,,,33.0
2025-07-28 05:35:30.000,2025-07-28 05:36:43,2060984531564921068,35.26394093353171,,,,
2025-07-28 05:35:36.000,2025-07-28 05:36:43,2060984531564953836,,,,,44.0
2025-07-28 05:35:47.000,2025-07-28 05:36:43,2060984531564986604,,,,,68.0
2025-07-28 05:35:53.000,2025-07-28 05:35:54,2060984325708447980,,96.0,,,
2025-07-28 05:35:57.000,2025-07-28 05:36:43,2060984531565019372,,,,,64.0
2025-07-28 05:36:07.000,2025-07-28 05:36:43,2060984531565035756,,,,,70.0
2025-07-28 05:36:18.000,2025-07-28 05:36:43,2060984531565052140,,,,,78.0
2025-07-28 05:36:24.000,2025-07-28 05:37:44,2060984786490491116,,,99.0,525860.0,
2025-07-28 05:36:28.000,2025-07-28 05:37:44,2060984786540822764,,,,,84.0
2025-07-28 05:36:39.000,2025-07-28 05:37:44,2060984786540855532,,,,,83.0
2025-07-28 05:36:49.000,2025-07-28 05:37:44,2060984786540871916,,,,,78.0
2025-07-28 05:36:55.000,2025-07-28 05:37:44,2060984786540888300,75.58199114743776,,,,
2025-07-28 05:36:59.000,2025-07-28 05:37:44,2060984786540921068,,,,,72.0
2025-07-28 05:37:10.000,2025-07-28 05:37:44,2060984786540953836,,,,,54.0
2025-07-28 05:37:12.000,2025-07-28 05:37:44,2060984786540970220,50.94112490508498,,,,
2025-07-28 05:37:20.000,2025-07-28 05:37:44,2060984786541002988,25.109422361053667,,,,26.0
2025-07-28 05:37:24.000,2025-07-28 05:38:45,2060985042225594604,,,99.0,525990.0,
2025-07-28 05:37:28.000,2025-07-28 05:38:45,2060985042225610988,26.461382703550285,,,,
2025-07-28 05:37:30.000,2025-07-28 05:38:45,2060985042225627372,,,,,28.0
2025-07-28 05:37:36.000,2025-07-28 05:38:45,2060985042225643756,36.502929247408744,,,,
2025-07-28 05:37:41.000,2025-07-28 05:38:45,2060985042225676524,,,,,50.0
2025-07-28 05:37:51.000,2025-07-28 05:38:45,2060985042225692908,,,,,64.0
2025-07-28 05:38:02.000,2025-07-28 05:38:45,2060985042225758444,,,,,54.0
2025-07-28 05:38:12.000,2025-07-28 05:38:45,2060985042225807596,,,,,27.0
2025-07-28 05:38:21.000,2025-07-28 05:38:45,2060985042225823980,22.549957712655956,,,,
2025-07-28 05:38:22.000,2025-07-28 05:38:45,2060985042225840364,,,,,24.0
2025-07-28 05:38:24.000,2025-07-28 05:38:45,2060985042225856748,,,99.0,526030.0,
2025-07-28 05:38:30.000,2025-07-28 05:39:46,2060985298245927148,26.959570829757947,,,,
2025-07-28 05:38:33.000,2025-07-28 05:39:46,2060985298245943532,,,,,29.0
2025-07-28 05:38:37.000,2025-07-28 05:39:46,2060985298245959916,33.59714051127559,,,,
2025-07-28 05:38:41.000,2025-07-28 05:39:46,2060985298245992684,43.81647910017471,,,,
2025-07-28 05:38:43.000,2025-07-28 05:39:46,2060985298246041836,,,,,44.0
2025-07-28 05:38:46.000,2025-07-28 05:39:46,2060985298246107372,53.8487656416873,,,,
2025-07-28 05:38:54.000,2025-07-28 05:39:46,2060985298246123756,,,,,67.0
2025-07-28 05:38:56.000,2025-07-28 05:39:05,2060985126241698028,,96.0,,,
2025-07-28 05:39:04.000,2025-07-28 05:39:46,2060985298246156524,,,,,71.0
2025-07-28 05:39:14.000,2025-07-28 05:39:46,2060985298246189292,,,,,53.0
2025-07-28 05:39:19.000,2025-07-28 05:39:46,2060985298246205676,32.684104279973084,,,,
2025-07-28 05:39:24.000,2025-07-28 05:39:46,2060985298246238444,,,99.0,526100.0,27.0
2025-07-28 05:39:29.000,2025-07-28 05:40:47,2060985553892933868,23.049997839332786,,,,
2025-07-28 05:39:35.000,2025-07-28 05:40:47,2060985553934876908,,,,,39.0
2025-07-28 05:39:45.000,2025-07-28 05:40:47,2060985553934926060,,,,,43.0
2025-07-28 05:39:56.000,2025-07-28 05:40:47,2060985553934958828,,,,,19.0
2025-07-28 05:40:06.000,2025-07-28 05:40:47,2060985553935007980,,,,,11.0
2025-07-28 05:40:13.000,2025-07-28 05:40:47,2060985553935073516,21.685073493551954,,,,
2025-07-28 05:40:16.000,2025-07-28 05:40:47,2060985553935089900,,,,,32.0
2025-07-28 05:40:25.000,2025-07-28 05:40:47,2060985553935122668,,,98.0,526130.0,
2025-07-28 05:40:27.000,2025-07-28 05:41:48,2060985809221189868,,,,,69.0
2025-07-28 05:40:30.000,2025-07-28 05:41:48,2060985809263132908,71.10385401297636,,,,
2025-07-28 05:40:37.000,2025-07-28 05:41:48,2060985809263149292,,,,,71.0
2025-07-28 05:40:48.000,2025-07-28 05:41:48,2060985809263182060,,,,,70.0
2025-07-28 05:40:58.000,2025-07-28 05:41:48,2060985809263198444,,,,,72.0
2025-07-28 05:41:08.000,2025-07-28 05:41:48,2060985809263231212,,,,,71.0
2025-07-28 05:41:17.000,2025-07-28 05:41:48,2060985809263247596,73.50404662102515,,,,
2025-07-28 05:41:19.000,2025-07-28 05:41:48,2060985809263263980,,,,,75.0
2025-07-28 05:41:25.000,2025-07-28 05:41:48,2060985809263280364,,,98.0,526230.0,
2025-07-28 05:41:29.000,2025-07-28 05:42:49,2060986065178591468,,,,,77.0
2025-07-28 05:41:40.000,2025-07-28 05:42:49,2060986065220550892,,,,,75.0
2025-07-28 05:41:50.000,2025-07-28 05:42:49,2060986065220567276,,,,,72.0
2025-07-28 05:42:00.000,2025-07-28 05:42:49,2060986065220583660,,,,,75.0
2025-07-28 05:42:21.000,2025-07-28 05:42:49,2060986065220665580,,,,,60.99999999999999
2025-07-28 05:42:25.000,2025-07-28 05:42:49,2060986065220681964,,,98.0,526280.0,
2025-07-28 05:42:31.000,2025-07-28 05:43:49,2060986319160475884,,,,,19.0
2025-07-28 05:42:42.000,2025-07-28 05:43:49,2060986319160525036,,,,,15.000000000000002
2025-07-28 05:42:43.000,2025-07-28 05:43:49,2060986319160541420,16.990252304197252,,,,
2025-07-28 05:42:52.000,2025-07-28 05:43:49,2060986319160574188,,,,,45.0
2025-07-28 05:43:00.000,2025-07-28 05:43:00,2060986113287258348,,98.0,,,
2025-07-28 05:43:02.000,2025-07-28 05:43:49,2060986319160606956,,,,,72.0
2025-07-28 05:43:13.000,2025-07-28 05:43:49,2060986319160639724,,,,,75.0
2025-07-28 05:43:25.000,2025-07-28 05:43:49,2060986319160672492,,,98.0,526320.0,
2025-07-28 05:43:34.000,2025-07-28 05:44:52,2060986583410016492,,,,,74.0
2025-07-28 05:43:54.000,2025-07-28 05:44:52,2060986583410163948,,,,,68.0
2025-07-28 05:44:04.000,2025-07-28 05:44:52,2060986583410196716,,,,,69.0
2025-07-28 05:44:13.000,2025-07-28 05:44:52,2060986583410245868,55.004413934451534,,,,
2025-07-28 05:44:15.000,2025-07-28 05:44:52,2060986583410262252,,,,,41.0
2025-07-28 05:44:23.000,2025-07-28 05:44:52,2060986583410295020,24.687166254082122,,,,
2025-07-28 05:44:25.000,2025-07-28 05:44:52,2060986583410311404,,,98.0,526380.0,23.0
2025-07-28 05:44:36.000,2025-07-28 05:45:51,2060986830274167020,,,,,49.0
2025-07-28 05:44:46.000,2025-07-28 05:45:51,2060986830320320748,,,,,60.00000000000001
2025-07-28 05:44:56.000,2025-07-28 05:45:51,2060986830320337132,,,,,69.0
2025-07-28 05:45:01.000,2025-07-28 05:45:03,2060986627886416108,,94.0,,,
2025-07-28 05:45:07.000,2025-07-28 05:45:51,2060986830320369900,,,,,72.0
2025-07-28 05:45:12.000,2025-07-28 05:45:51,2060986830320402668,65.21078852006643,,,,
2025-07-28 05:45:17.000,2025-07-28 05:45:51,2060986830320435436,,,,,65.0
2025-07-28 05:45:26.000,2025-07-28 05:45:51,2060986830320451820,,,98.0,526450.0,
2025-07-28 05:45:28.000,2025-07-28 05:45:51,2060986830320468204,,,,,64.0
2025-07-28 05:45:38.000,2025-07-28 05:46:52,2060987085346701548,,,,,60.00000000000001
2025-07-28 05:45:48.000,2025-07-28 05:46:52,2060987085346750700,,,,,31.0
2025-07-28 05:45:59.000,2025-07-28 05:46:52,2060987085346783468,,,,,28.0
2025-07-28 05:46:02.000,2025-07-28 05:46:03,2060986878890344684,,90.0,,,
2025-07-28 05:46:09.000,2025-07-28 05:46:52,2060987085346832620,,,,,60.00000000000001
2025-07-28 05:46:19.000,2025-07-28 05:46:52,2060987085346865388,,,,,77.0
2025-07-28 05:46:26.000,2025-07-28 05:46:52,2060987085346881772,,,98.0,526500.0,
2025-07-28 05:46:30.000,2025-07-28 05:46:52,2060987085346914540,,,,,72.0
2025-07-28 05:46:38.000,2025-07-28 05:47:53,2060987341014581484,73.51145462290184,,,,
2025-07-28 05:46:40.000,2025-07-28 05:47:53,2060987341014597868,,,,,76.0
2025-07-28 05:46:51.000,2025-07-28 05:47:53,2060987341014614252,,,,,80.0
2025-07-28 05:47:01.000,2025-07-28 05:47:53,2060987341014630636,,,,,75.0
2025-07-28 05:47:11.000,2025-07-28 05:47:53,2060987341014728940,,,,,37.0
2025-07-28 05:47:22.000,2025-07-28 05:47:53,2060987341014745324,,,,,53.0
2025-07-28 05:47:26.000,2025-07-28 05:47:53,2060987341014761708,,,98.0,526570.0,
2025-07-28 05:47:32.000,2025-07-28 05:47:53,2060987341014778092,,,,,76.0
2025-07-28 05:47:40.000,2025-07-28 05:48:58,2060987615544344812,72.38914233858274,,,,
2025-07-28 05:47:42.000,2025-07-28 05:48:58,2060987615586287852,,,,,75.0
2025-07-28 05:47:53.000,2025-07-28 05:48:58,2060987615586320620,,,,,68.0
2025-07-28 05:48:03.000,2025-07-28 05:48:58,2060987615586353388,,,,,67.0
2025-07-28 05:48:24.000,2025-07-28 05:48:58,2060987615586418924,,,,,69.0
2025-07-28 05:48:26.000,2025-07-28 05:48:58,2060987615586435308,,,98.0,526650.0,
2025-07-28 05:48:34.000,2025-07-28 05:49:54,2060987850056270060,,,,,70.0
2025-07-28 05:48:55.000,2025-07-28 05:49:54,2060987850098360556,,,,,76.0
2025-07-28 05:49:05.000,2025-07-28 05:49:15,2060987683911500012,,94.0,,,
2025-07-28 05:49:05.000,2025-07-28 05:49:54,2060987850098393324,,,,,79.0
2025-07-28 05:49:11.000,2025-07-28 05:49:54,2060987850098442476,77.02655151339306,,,,
2025-07-28 05:49:16.000,2025-07-28 05:49:54,2060987850098475244,,,,,76.0
2025-07-28 05:49:26.000,2025-07-28 05:49:54,2060987850098508012,,,,,66.0
2025-07-28 05:49:27.000,2025-07-28 05:49:54,2060987850098524396,,,98.0,526670.0,
2025-07-28 05:49:36.000,2025-07-28 05:51:01,2060988129594048748,,,,,54.0
2025-07-28 05:49:45.000,2025-07-28 05:51:01,2060988129636024556,21.503577447572955,,,,
2025-07-28 05:49:47.000,2025-07-28 05:51:01,2060988129636040940,,,,,27.0
2025-07-28 05:49:52.000,2025-07-28 05:51:01,2060988129636057324,29.739423533987296,,,,
2025-07-28 05:49:57.000,2025-07-28 05:51:01,2060988129636073708,,,,,45.0
2025-07-28 05:50:06.000,2025-07-28 05:50:07,2060987903227461868,,92.0,,,
2025-07-28 05:50:08.000,2025-07-28 05:51:01,2060988129636090092,,,,,67.0
2025-07-28 05:50:18.000,2025-07-28 05:51:01,2060988129636188396,,,,,55.0
2025-07-28 05:50:20.000,2025-07-28 05:51:01,2060988129636204780,54.521041811997264,,,,
2025-07-28 05:50:27.000,2025-07-28 05:51:01,2060988129636237548,,,97.0,526690.0,
2025-07-28 05:50:28.000,2025-07-28 05:51:01,2060988129636253932,,,,,39.0
2025-07-28 05:50:32.000,2025-07-28 05:51:01,2060988129636270316,29.62645150536772,,,,
2025-07-28 05:50:38.000,2025-07-28 05:51:56,2060988359752286444,,,,,28.0
2025-07-28 05:50:40.000,2025-07-28 05:51:56,2060988359794229484,31.546975991900585,,,,
2025-07-28 05:50:46.000,2025-07-28 05:51:56,2060988359794262252,48.45944427639255,,,,
2025-07-28 05:50:49.000,2025-07-28 05:51:56,2060988359794278636,,,,,63.0
2025-07-28 05:50:59.000,2025-07-28 05:51:56,2060988359794295020,,,,,80.0
2025-07-28 05:51:07.000,2025-07-28 05:51:09,2060988161940521196,,96.0,,,
2025-07-28 05:51:10.000,2025-07-28 05:51:56,2060988359794327788,,,,,85.0
2025-07-28 05:51:20.000,2025-07-28 05:51:56,2060988359794360556,,,,,87.0
2025-07-28 05:51:27.000,2025-07-28 05:51:56,2060988359794376940,,,97.0,526840.0,
2025-07-28 05:51:30.000,2025-07-28 05:51:56,2060988359794393324,,,,,84.0
2025-07-28 05:51:41.000,2025-07-28 05:52:57,2060988617106391276,,,,,78.0
2025-07-28 05:51:51.000,2025-07-28 05:52:57,2060988617148367084,,,,,59.0
2025-07-28 05:52:01.000,2025-07-28 05:52:57,2060988617148399852,30.02648360670918,,,,31.0
2025-07-28 05:52:08.000,2025-07-28 05:52:09,2060988416203473132,,88.0,,,
2025-07-28 05:52:12.000,2025-07-28 05:52:57,2060988617148449004,,,,,57.0
2025-07-28 05:52:22.000,2025-07-28 05:52:57,2060988617148481772,,,,,73.0
2025-07-28 05:52:27.000,2025-07-28 05:52:57,2060988617148498156,,,97.0,526950.0,
2025-07-28 05:52:33.000,2025-07-28 05:52:57,2060988617148514540,,,,,75.0
2025-07-28 05:52:43.000,2025-07-28 05:54:23,2060988975375466732,,,,,56.0
2025-07-28 05:52:48.000,2025-07-28 05:54:23,2060988975375499500,29.07085136461568,,,,
2025-07-28 05:52:53.000,2025-07-28 05:54:23,2060988975375515884,,,,,27.0
2025-07-28 05:52:56.000,2025-07-28 05:54:23,2060988975375532268,37.441893485279685,,,,
2025-07-28 05:53:04.000,2025-07-28 05:54:23,2060988975375548652,,,,,60.99999999999999
2025-07-28 05:53:14.000,2025-07-28 05:54:23,2060988975375581420,,,,,74.0
2025-07-28 05:53:24.000,2025-07-28 05:54:23,2060988975375614188,,,,,72.0
2025-07-28 05:53:27.000,2025-07-28 05:54:23,2060988975375630572,,,97.0,527020.0,
2025-07-28 05:53:35.000,2025-07-28 05:54:23,2060988975375646956,,,,,73.0
2025-07-28 05:53:45.000,2025-07-28 05:54:58,2060989122016706796,,,,,60.00000000000001
2025-07-28 05:53:52.001,2025-07-28 05:54:58,2060989122016755948,30.958039842703432,,,,
2025-07-28 05:53:55.000,2025-07-28 05:54:58,2060989122016805100,,,,,33.0
2025-07-28 05:54:06.000,2025-07-28 05:54:58,2060989122016854252,,,,,40.0
2025-07-28 05:54:10.000,2025-07-28 05:54:25,2060988984460312812,,88.0,,,
2025-07-28 05:54:16.000,2025-07-28 05:54:58,2060989122016919788,,,,,66.0
2025-07-28 05:54:23.000,2025-07-28 05:54:58,2060989122016936172,58.13985072876219,,,,
2025-07-28 05:54:26.000,2025-07-28 05:54:58,2060989122016952556,,,,,62.0
2025-07-28 05:54:28.000,2025-07-28 05:54:58,2060989122016968940,,,97.0,527090.0,
2025-07-28 05:54:37.000,2025-07-28 05:57:52,2060989852010168556,,,,,68.0
2025-07-28 05:54:47.000,2025-07-28 05:57:52,2060989852031156460,,,,,69.0
2025-07-28 05:54:58.000,2025-07-28 05:57:52,2060989852031172844,,,,,82.0
2025-07-28 05:55:08.000,2025-07-28 05:57:52,2060989852031189228,,,,,84.0
2025-07-28 05:55:11.000,2025-07-28 05:55:11,2060989180061679852,,92.0,,,
2025-07-28 05:55:18.000,2025-07-28 05:57:52,2060989852031254764,,,,,80.0
2025-07-28 05:55:29.000,2025-07-28 05:57:52,2060989852031287532,,,97.0,527230.0,74.0
2025-07-28 05:55:39.000,2025-07-28 05:57:52,2060989852031303916,,,,,76.0
2025-07-28 05:55:50.000,2025-07-28 05:57:52,2060989852031336684,,,,,88.0
2025-07-28 05:55:54.000,2025-07-28 05:57:52,2060989852031353068,89.86091476476508,,,,
2025-07-28 05:56:00.000,2025-07-28 05:57:52,2060989852031369452,,,,,86.0
2025-07-28 05:56:10.000,2025-07-28 05:57:52,2060989852031402220,,,,,92.0
2025-07-28 05:56:11.000,2025-07-28 05:56:46,2060989576175943916,,88.0,,,
2025-07-28 05:56:21.000,2025-07-28 05:57:52,2060989852031467756,,,,,85.0
2025-07-28 05:56:29.000,2025-07-28 05:57:52,2060989852031484140,,,97.0,527300.0,
2025-07-28 05:56:31.000,2025-07-28 05:57:52,2060989852031500524,,,,,89.0
2025-07-28 05:56:41.000,2025-07-28 05:57:52,2060989852031516908,,,,,83.0
2025-07-28 05:57:02.000,2025-07-28 05:57:52,2060989852031566060,,,,,88.0
2025-07-28 05:57:13.000,2025-07-28 05:57:52,2060989854937792748,,98.0,,,
2025-07-28 05:57:13.000,2025-07-28 05:58:26,2060989997783187692,87.39405013982604,,,,
2025-07-28 05:57:23.000,2025-07-28 05:58:26,2060989997804208364,,,,,91.0
2025-07-28 05:57:29.000,2025-07-28 05:58:26,2060989997804241132,,,96.0,527390.0,
2025-07-28 05:57:33.000,2025-07-28 05:58:26,2060989997804273900,,,,,87.0
2025-07-28 05:57:44.000,2025-07-28 05:58:26,2060989997804290284,,,,,82.0
2025-07-28 05:58:04.000,2025-07-28 05:58:26,2060989997804339436,,,,,79.0
2025-07-28 05:58:14.000,2025-07-28 05:58:15,2060989949456417004,,94.0,,,
2025-07-28 05:58:15.000,2025-07-28 05:59:27,2060990251794448620,,,,,88.0
2025-07-28 05:58:25.000,2025-07-28 05:59:27,2060990251819614444,,,,,86.0
2025-07-28 05:58:29.000,2025-07-28 05:59:27,2060990251819630828,,,96.0,527440.0,
2025-07-28 05:58:36.000,2025-07-28 05:59:27,2060990251819647212,,,,,79.0
2025-07-28 05:58:43.000,2025-07-28 05:59:27,2060990251819663596,79.58972016272912,,,,
2025-07-28 05:58:46.000,2025-07-28 05:59:27,2060990251819679980,,,,,81.0
2025-07-28 05:59:07.000,2025-07-28 06:00:28,2060990506816504044,,,,,84.0
2025-07-28 05:59:17.000,2025-07-28 06:00:28,2060990506837491948,,,,,86.0
2025-07-28 05:59:27.000,2025-07-28 06:00:28,2060990506837508332,,,,,85.0
2025-07-28 05:59:29.000,2025-07-28 06:00:28,2060990506837524716,,,96.0,527480.0,
2025-07-28 05:59:38.000,2025-07-28 06:00:28,2060990506837557484,,,,,86.0
2025-07-28 05:59:48.000,2025-07-28 06:00:28,2060990506837590252,,,,,87.0
2025-07-28 05:59:58.000,2025-07-28 06:00:28,2060990506837606636,,,,,86.0
2025-07-28 06:00:09.000,2025-07-28 06:01:29,2060990762513858796,,,,,84.0
2025-07-28 06:00:14.000,2025-07-28 06:01:29,2060990762534846700,80.49534839215492,,,,
2025-07-28 06:00:19.000,2025-07-28 06:01:29,2060990762534912236,,,,,80.0
2025-07-28 06:00:30.000,2025-07-28 06:01:29,2060990762534928620,,,96.0,527550.0,81.0
2025-07-28 06:00:40.000,2025-07-28 06:01:29,2060990762534961388,,,,,79.0
2025-07-28 06:00:50.000,2025-07-28 06:01:29,2060990762535010540,,,,,81.0
2025-07-28 06:01:01.000,2025-07-28 06:01:29,2060990762535026924,,,,,58.0
2025-07-28 06:01:11.000,2025-07-28 06:02:30,2060991018248962284,,,,,46.0
2025-07-28 06:01:17.000,2025-07-28 06:01:17,2060990715004977388,,96.0,,,
2025-07-28 06:01:22.000,2025-07-28 06:02:30,2060991018270015724,,,,,60.99999999999999
2025-07-28 06:01:24.000,2025-07-28 06:02:30,2060991018270032108,59.404767049207656,,,,
2025-07-28 06:01:30.000,2025-07-28 06:02:30,2060991018270064876,,,96.0,527610.0,
2025-07-28 06:01:32.000,2025-07-28 06:02:30,2060991018270097644,,,,,38.0
2025-07-28 06:01:34.000,2025-07-28 06:02:30,2060991018270114028,37.6567255397038,,,,
2025-07-28 06:01:39.000,2025-07-28 06:02:30,2060991018270146796,37.571533518121825,,,,
2025-07-28 06:01:42.000,2025-07-28 06:02:30,2060991018270163180,,,,,36.0
2025-07-28 06:01:48.000,2025-07-28 06:02:30,2060991018270195948,33.4508324742109,,,,
2025-07-28 06:01:53.000,2025-07-28 06:02:30,2060991018270212332,,,,,39.0
2025-07-28 06:01:55.000,2025-07-28 06:02:30,2060991018270245100,43.91648712551008,,,,
2025-07-28 06:02:10.000,2025-07-28 06:03:30,2060991273501720812,25.672430503682396,,,,
2025-07-28 06:02:13.000,2025-07-28 06:03:30,2060991273522708716,,,,,36.0
2025-07-28 06:02:18.000,2025-07-28 06:02:19,2060990973617488108,,95.0,,,
2025-07-28 06:02:24.000,2025-07-28 06:03:30,2060991273522757868,,,,,66.0
2025-07-28 06:02:30.000,2025-07-28 06:03:30,2060991273522774252,,,96.0,,
2025-07-28 06:02:34.000,2025-07-28 06:03:30,2060991273522790636,,,,,64.0
2025-07-28 06:02:44.000,2025-07-28 06:03:30,2060991273522823404,,,,,57.0
2025-07-28 06:02:55.000,2025-07-28 06:03:30,2060991273522856172,,,,,31.0
2025-07-28 06:03:05.000,2025-07-28 06:03:30,2060991273522888940,,,,,34.0
2025-07-28 06:03:15.000,2025-07-28 06:04:31,2060991529371058412,,,,,33.0
2025-07-28 06:03:19.000,2025-07-28 06:03:21,2060991231785173228,,91.0,,,
2025-07-28 06:03:26.000,2025-07-28 06:04:31,2060991529371140332,,,,,27.0
2025-07-28 06:03:30.000,2025-07-28 06:04:31,2060991529371156716,,,96.0,527680.0,
2025-07-28 06:03:36.000,2025-07-28 06:04:31,2060991529371173100,,,,,44.0
2025-07-28 06:03:40.000,2025-07-28 06:04:31,2060991529371189484,41.28109045787625,,,,
2025-07-28 06:03:47.000,2025-07-28 06:04:31,2060991529371205868,,,,,39.0
2025-07-28 06:03:55.000,2025-07-28 06:04:31,2060991529371238636,34.573144758530006,,,,
2025-07-28 06:03:57.000,2025-07-28 06:04:31,2060991529371255020,,,,,34.0
2025-07-28 06:04:07.000,2025-07-28 06:04:31,2060991529371369708,,,,,18.0
2025-07-28 06:04:18.000,2025-07-28 06:05:32,2060991784950956268,,,,,17.0
2025-07-28 06:04:21.000,2025-07-28 06:04:21,2060991486241013996,,71.0,,,
2025-07-28 06:04:21.000,2025-07-28 06:05:32,2060991784971944172,32.24518016877898,,,,
2025-07-28 06:04:28.000,2025-07-28 06:05:32,2060991784971993324,,,,,33.0
2025-07-28 06:04:30.000,2025-07-28 06:05:32,2060991784972009708,,,96.0,527710.0,
2025-07-28 06:04:38.000,2025-07-28 06:05:32,2060991784972042476,,,,,37.0
2025-07-28 06:04:49.000,2025-07-28 06:05:32,2060991784972058860,,,,,13.0
2025-07-28 06:04:53.000,2025-07-28 06:05:32,2060991784972075244,8.813670232796461,,,,
2025-07-28 06:04:59.000,2025-07-28 06:05:32,2060991784972108012,,,,,12.0
2025-07-28 06:05:06.000,2025-07-28 06:05:32,2060991784972140780,20.073833085371053,,,,
2025-07-28 06:05:09.000,2025-07-28 06:05:32,2060991784972157164,,,,,27.0
2025-07-28 06:05:20.000,2025-07-28 06:06:34,2060992041432662252,,,,,18.0
2025-07-28 06:05:22.000,2025-07-28 06:05:26,2060991758728167660,,95.0,,,
2025-07-28 06:05:30.000,2025-07-28 06:06:34,2060992041432711404,27.29478291467834,,96.0,527770.0,28.0
2025-07-28 06:05:41.000,2025-07-28 06:06:34,2060992041432727788,,,,,25.0
2025-07-28 06:05:51.000,2025-07-28 06:06:34,2060992041432776940,,,,,10.0
2025-07-28 06:06:01.000,2025-07-28 06:06:34,2060992041432957164,,,,,0.0
2025-07-28 06:06:11.000,2025-07-28 06:06:34,2060992041433137388,,,,,30.000000000000004
2025-07-28 06:06:22.000,2025-07-28 06:06:23,2060991998189371628,,95.0,,,
2025-07-28 06:06:22.000,2025-07-28 06:07:34,2060992296979005676,24.455666195435438,,,,24.0
2025-07-28 06:06:31.000,2025-07-28 06:07:34,2060992296979087596,,,95.0,527800.0,
2025-07-28 06:06:32.000,2025-07-28 06:07:34,2060992296979103980,20.60535722002383,,,,20.0
2025-07-28 06:06:42.000,2025-07-28 06:07:34,2060992296979120364,,,,,21.0
2025-07-28 06:06:45.000,2025-07-28 06:07:34,2060992296979136748,24.100082105354137,,,,
2025-07-28 06:06:53.000,2025-07-28 06:07:34,2060992296979185900,,,,,19.0
2025-07-28 06:07:03.000,2025-07-28 06:07:34,2060992296979218668,,,,,0.0
2025-07-28 06:07:23.000,2025-07-28 06:08:30,2060992529301520620,,,,,16.0
2025-07-28 06:07:32.000,2025-07-28 06:08:30,2060992529301553388,,,96.0,,
2025-07-28 06:07:34.000,2025-07-28 06:08:30,2060992529301569772,,,,,15.000000000000002
2025-07-28 06:07:42.000,2025-07-28 06:08:30,2060992529301602540,10.384166630655548,,,,
2025-07-28 06:07:44.000,2025-07-28 06:08:30,2060992529301618924,,,,,10.0
2025-07-28 06:07:54.000,2025-07-28 06:08:30,2060992529301651692,,,,,5.0
2025-07-28 06:08:05.000,2025-07-28 06:08:30,2060992529301766380,,,,,0.0
2025-07-28 06:08:32.000,2025-07-28 06:09:30,2060992779642765548,,,96.0,,
2025-07-28 06:09:11.000,2025-07-28 06:10:30,2060993034966794476,0.0,,,,
2025-07-28 06:09:32.000,2025-07-28 06:10:30,2060993034987815148,,,96.0,,
2025-07-28 06:10:33.000,2025-07-28 06:11:31,2060993290341286124,,,96.0,,
2025-07-28 06:11:33.000,2025-07-28 06:12:33,2060993547686936812,,,96.0,,
2025-07-28 06:12:33.000,2025-07-28 06:13:34,2060993806785921260,,,96.0,,
2025-07-28 06:13:34.000,2025-07-28 06:14:33,2060994052697915628,,,96.0,,
2025-07-28 06:14:34.000,2025-07-28 06:15:34,2060994307644506348,,,96.0,,
2025-07-28 06:15:34.000,2025-07-28 06:16:35,2060994562846933228,,,96.0,,
2025-07-28 06:15:54.000,2025-07-28 06:16:35,2060994562846998764,13.141795329254817,,,,
2025-07-28 06:16:34.000,2025-07-28 06:17:36,2060994819739648236,,,96.0,,
2025-07-28 06:17:35.000,2025-07-28 06:18:36,2060995070399627500,,,96.0,,
2025-07-28 06:18:35.000,2025-07-28 06:19:37,2060995326407393516,,,96.0,,
2025-07-28 06:19:36.000,2025-07-28 06:20:38,2060995581840490732,,,96.0,,
2025-07-28 06:20:36.000,2025-07-28 06:21:38,2060995836820635884,,,96.0,,
2025-07-28 06:20:54.000,2025-07-28 06:21:38,2060995836820668652,0.0,,,,
2025-07-28 06:21:36.000,2025-07-28 06:22:39,2060996091498741996,,,96.0,,
2025-07-28 06:22:37.000,2025-07-28 06:23:40,2060996348118843628,,,96.0,,
2025-07-28 06:23:37.000,2025-07-28 06:24:41,2060996602461454572,,,96.0,,
2025-07-28 06:24:37.000,2025-07-28 06:25:13,2060996736716947692,,,96.0,,
2025-07-28 07:05:46.000,2025-07-28 07:06:41,2061007171658727660,,,96.0,,
2025-07-28 07:06:46.000,2025-07-28 07:07:42,2061007428836704492,,,96.0,,
2025-07-28 07:07:47.000,2025-07-28 07:08:42,2061007681501544684,,,96.0,,
2025-07-28 07:08:47.000,2025-07-28 07:09:42,2061007931821818092,,,96.0,,
2025-07-28 07:09:47.000,2025-07-28 07:10:43,2061008186378322156,,,96.0,,
2025-07-28 07:10:47.000,2025-07-28 07:11:44,2061008441471697132,,,96.0,,
2025-07-28 07:11:48.000,2025-07-28 07:12:21,2061008599273980140,,,96.0,,
2025-07-29 07:12:32.000,2025-07-29 07:13:29,2061371271060390124,,,96.0,,
2025-07-29 07:13:32.000,2025-07-30 07:14:33,2061733925591466220,,,96.0,,
2025-07-30 07:13:38.000,2025-07-30 07:14:34,2061733931757076716,,,96.0,,
2025-07-30 07:14:38.000,2025-07-31 07:15:38,2062096586317512940,,,96.0,,
2025-07-31 07:14:48.000,2025-07-31 07:15:39,2062096593401676012,,,96.0,,
2025-07-31 15:03:35.000,2025-07-31 15:04:37,2062214610303320300,,,96.0,,
2025-07-31 15:03:45.000,2025-07-31 15:04:37,2062214610303385836,0.051856013136856664,,,,
2025-07-31 15:04:36.000,2025-07-31 15:05:37,2062214865002479852,,,96.0,,
2025-07-31 15:05:36.000,2025-07-31 15:06:48,2062215160491278572,,,96.0,,
2025-07-31 15:05:40.000,2025-07-31 15:06:48,2062215160491344108,,,,,7.0
2025-07-31 15:05:43.000,2025-07-31 15:05:44,2062214893183959276,,94.0,,,
2025-07-31 15:05:53.000,2025-07-31 15:07:06,2062215235644702956,6.709797699815418,,,,
2025-07-31 15:06:01.000,2025-07-31 15:07:06,2062215235644817644,,,,,0.0
2025-07-31 15:06:11.000,2025-07-31 15:07:06,2062215235645047020,,,,,14.0
2025-07-31 15:06:21.000,2025-07-31 15:07:06,2062215235645063404,,,,,15.000000000000002
2025-07-31 15:06:31.000,2025-07-31 15:07:06,2062215235645079788,,,,,13.0
2025-07-31 15:06:37.000,2025-07-31 15:07:06,2062215235645096172,,,96.0,527890.0,
2025-07-31 15:06:42.000,2025-07-31 15:07:06,2062215235645112556,15.466055918067502,,,,16.0
2025-07-31 15:06:45.000,2025-07-31 15:06:50,2062215167743099116,,90.0,,,
2025-07-31 15:06:51.000,2025-07-31 15:08:07,2062215490897477868,21.001685320426947,,,,
2025-07-31 15:06:52.000,2025-07-31 15:08:07,2062215490897494252,,,,,18.0
2025-07-31 15:07:03.000,2025-07-31 15:08:07,2062215490897510636,,,,,27.0
2025-07-31 15:07:04.000,2025-07-31 15:08:07,2062215490897527020,29.70793952601135,,,,
2025-07-31 15:07:16.000,2025-07-31 15:08:07,2062215490897576172,20.414601171698962,,,,
2025-07-31 15:07:23.000,2025-07-31 15:08:07,2062215490897592556,,,,,30.000000000000004
2025-07-31 15:07:25.000,2025-07-31 15:08:07,2062215490897608940,18.095896584293804,,,,
2025-07-31 15:07:34.000,2025-07-31 15:08:07,2062215490897658092,,,,,28.0
2025-07-31 15:07:37.000,2025-07-31 15:08:07,2062215490897674476,,,95.0,527950.0,
2025-07-31 15:07:43.000,2025-07-31 15:08:07,2062215490897690860,33.997172612617064,,,,
2025-07-31 15:07:44.000,2025-07-31 15:08:07,2062215490897707244,,,,,34.0
2025-07-31 15:07:46.000,2025-07-31 15:07:47,2062215409033019628,,92.0,,,
2025-07-31 15:07:49.000,2025-07-31 15:09:08,2062215748276797676,31.728472037879584,,,,
2025-07-31 15:07:54.000,2025-07-31 15:09:08,2062215748276814060,,,,,18.0
2025-07-31 15:08:05.000,2025-07-31 15:09:08,2062215748276846828,,,,,14.0
2025-07-31 15:08:15.000,2025-07-31 15:09:08,2062215748276895980,,,,,35.0
2025-07-31 15:08:18.000,2025-07-31 15:09:08,2062215748276912364,33.506392488286096,,,,
2025-07-31 15:08:26.000,2025-07-31 15:09:08,2062215748276928748,29.231975405433776,,,,30.000000000000004
2025-07-31 15:08:37.000,2025-07-31 15:09:08,2062215748276961516,,,95.0,528010.0,
2025-07-31 15:08:46.000,2025-07-31 15:09:08,2062215748276977900,15.012315803120003,,,,16.0
2025-07-31 15:08:48.000,2025-07-31 15:08:49,2062215667997737196,,82.0,,,
2025-07-31 15:08:57.000,2025-07-31 15:10:08,2062216000576684268,,,,,38.0
2025-07-31 15:09:06.000,2025-07-31 15:10:08,2062216000576700652,39.823566088636746,,,,
2025-07-31 15:09:07.000,2025-07-31 15:10:08,2062216000576717036,,,,,42.0
2025-07-31 15:09:18.000,2025-07-31 15:10:08,2062216000576733420,,,,,20.0
2025-07-31 15:09:26.000,2025-07-31 15:10:08,2062216000576749804,38.87163784748159,,,,
2025-07-31 15:09:28.000,2025-07-31 15:10:08,2062216000576766188,,,,,43.0
2025-07-31 15:09:37.000,2025-07-31 15:10:08,2062216000576782572,,,94.0,528060.0,
2025-07-31 15:09:38.000,2025-07-31 15:10:08,2062216000576798956,,,,,44.0
2025-07-31 15:09:48.000,2025-07-31 15:09:50,2062215924395557100,,96.0,,,
2025-07-31 15:09:49.000,2025-07-31 15:11:09,2062216255632326892,,,,,48.0
2025-07-31 15:09:59.000,2025-07-31 15:11:09,2062216255653396716,,,,,13.0
2025-07-31 15:10:05.000,2025-07-31 15:11:09,2062216255653413100,10.119330563563743,,,,
2025-07-31 15:10:09.000,2025-07-31 15:11:09,2062216255653462252,,,,,29.0
2025-07-31 15:10:20.000,2025-07-31 15:11:09,2062216255653478636,,,,,44.0
2025-07-31 15:10:30.000,2025-07-31 15:11:09,2062216255653495020,,,,,25.0
2025-07-31 15:10:37.000,2025-07-31 15:11:09,2062216255653527788,,,94.0,528080.0,
2025-07-31 15:10:40.000,2025-07-31 15:11:09,2062216255653544172,,,,,59.0
2025-07-31 15:10:49.000,2025-07-31 15:10:51,2062216178914296044,,98.0,,,
2025-07-31 15:10:51.000,2025-07-31 15:12:10,2062216510646026476,,,,,55.0
2025-07-31 15:11:01.000,2025-07-31 15:12:10,2062216510646059244,,,,,44.0
2025-07-31 15:11:11.000,2025-07-31 15:12:10,2062216510646108396,,,,,51.0
2025-07-31 15:11:22.000,2025-07-31 15:12:10,2062216510646124780,,,,,26.0
2025-07-31 15:11:26.000,2025-07-31 15:12:10,2062216510646141164,21.294301394556353,,,,
2025-07-31 15:11:32.000,2025-07-31 15:12:10,2062216510646157548,,,,,37.0
2025-07-31 15:11:37.000,2025-07-31 15:12:10,2062216510646173932,,,94.0,528130.0,
2025-07-31 15:11:43.000,2025-07-31 15:12:10,2062216510646206700,,,,,29.0
2025-07-31 15:11:47.000,2025-07-31 15:12:10,2062216510646223084,36.245501182193635,,,,
2025-07-31 15:11:50.000,2025-07-31 15:11:52,2062216434775228652,,82.0,,,
2025-07-31 15:11:52.000,2025-07-31 15:13:10,2062216765244457196,38.999425879854556,,,,
2025-07-31 15:11:53.000,2025-07-31 15:13:10,2062216765244473580,,,,,39.0
2025-07-31 15:11:57.000,2025-07-31 15:13:10,2062216765244489964,32.261848173001546,,,,
2025-07-31 15:12:03.000,2025-07-31 15:13:10,2062216765244506348,37.59560952422108,,,,40.0
2025-07-31 15:12:14.000,2025-07-31 15:13:10,2062216765244539116,,,,,55.0
2025-07-31 15:12:24.000,2025-07-31 15:13:10,2062216765244555500,,,,,47.0
2025-07-31 15:12:34.000,2025-07-31 15:13:10,2062216765244571884,,,,,67.0
2025-07-31 15:12:38.000,2025-07-31 15:13:10,2062216765244588268,,,94.0,528230.0,
2025-07-31 15:12:45.000,2025-07-31 15:13:10,2062216765244621036,,,,,72.0
2025-07-31 15:12:55.000,2025-07-31 15:14:11,2062217020342042860,,,,,80.0
2025-07-31 15:13:06.000,2025-07-31 15:14:11,2062217020342059244,,,,,87.0
2025-07-31 15:13:16.000,2025-07-31 15:14:11,2062217020342092012,,,,,83.0
2025-07-31 15:13:26.000,2025-07-31 15:14:11,2062217020342108396,,,,,85.0
2025-07-31 15:13:34.000,2025-07-31 15:14:11,2062217020342124780,83.13074505978877,,,,
2025-07-31 15:13:37.000,2025-07-31 15:14:11,2062217020342157548,,,,,81.0
2025-07-31 15:13:38.000,2025-07-31 15:14:11,2062217020342173932,,,93.0,528360.0,
2025-07-31 15:13:47.000,2025-07-31 15:14:11,2062217020342206700,,,,,77.0
2025-07-31 15:13:52.000,2025-07-31 15:13:56,2062216955699413228,,90.0,,,
2025-07-31 15:13:58.000,2025-07-31 15:15:12,2062217275301200108,,,,,56.0
2025-07-31 15:14:08.000,2025-07-31 15:15:12,2062217275301216492,,,,,65.0
2025-07-31 15:14:18.000,2025-07-31 15:15:12,2062217275301265644,,,,,68.0
2025-07-31 15:14:29.000,2025-07-31 15:15:12,2062217275301298412,,,,,66.0
2025-07-31 15:14:38.000,2025-07-31 15:15:12,2062217275301314796,,,93.0,528440.0,
2025-07-31 15:14:39.000,2025-07-31 15:15:12,2062217275301331180,,,,,70.0
2025-07-31 15:14:50.000,2025-07-31 15:15:12,2062217275301347564,,,,,93.0
2025-07-31 15:15:00.000,2025-07-31 15:16:13,2062217530365214956,,,,,85.0
2025-07-31 15:15:05.000,2025-07-31 15:16:13,2062217530365231340,82.27512084303062,,,,
2025-07-31 15:15:10.000,2025-07-31 15:16:13,2062217530365264108,,,,,81.0
2025-07-31 15:15:21.000,2025-07-31 15:16:13,2062217530365280492,,,,,91.0
2025-07-31 15:15:38.000,2025-07-31 15:16:13,2062217530365313260,,,93.0,528570.0,
2025-07-31 15:15:41.000,2025-07-31 15:16:13,2062217530365346028,,,,,80.0
2025-07-31 15:15:52.000,2025-07-31 15:16:13,2062217530365460716,,,,,81.0
2025-07-31 15:15:54.000,2025-07-31 15:15:56,2062217461243068652,,94.0,,,
2025-07-31 15:16:02.000,2025-07-31 15:17:14,2062217785383092460,,,,,90.0
2025-07-31 15:16:12.000,2025-07-31 15:17:14,2062217785383125228,,,,,83.0
2025-07-31 15:16:23.000,2025-07-31 15:17:14,2062217785383141612,,,,,82.0
2025-07-31 15:16:33.000,2025-07-31 15:17:14,2062217785383157996,,,,,83.0
2025-07-31 15:16:34.000,2025-07-31 15:17:14,2062217785383174380,82.11955280362005,,,,
2025-07-31 15:16:38.000,2025-07-31 15:17:14,2062217785383190764,,,93.0,528690.0,
2025-07-31 15:16:55.000,2025-07-31 15:16:56,2062217712725131500,,94.0,,,
2025-07-31 15:17:04.000,2025-07-31 15:18:17,2062218050903523564,,,,,81.0
2025-07-31 15:17:15.000,2025-07-31 15:18:17,2062218050903556332,,,,,91.0
2025-07-31 15:17:25.000,2025-07-31 15:18:17,2062218050903572716,,,,,83.0
2025-07-31 15:17:35.000,2025-07-31 15:18:17,2062218050903589100,,,,,86.0
2025-07-31 15:17:39.000,2025-07-31 15:18:17,2062218050903605484,,,93.0,528780.0,
2025-07-31 15:17:46.000,2025-07-31 15:18:17,2062218050903638252,,,,,80.0
2025-07-31 15:17:54.000,2025-07-31 15:18:17,2062218050903654636,79.22302406983277,,,,
2025-07-31 15:17:56.000,2025-07-31 15:19:24,2062218331481440492,,,,,82.0
2025-07-31 15:18:07.000,2025-07-31 15:19:24,2062218331506639084,,,,,80.0
2025-07-31 15:18:17.000,2025-07-31 15:19:24,2062218331506671852,,,,,79.0
2025-07-31 15:18:27.000,2025-07-31 15:19:24,2062218331506688236,,,,,89.0
2025-07-31 15:18:38.000,2025-07-31 15:19:24,2062218331506721004,,,,,83.0
2025-07-31 15:18:39.000,2025-07-31 15:19:24,2062218331506737388,,,93.0,528860.0,
2025-07-31 15:18:48.000,2025-07-31 15:19:24,2062218331506770156,,,,,82.0
2025-07-31 15:18:57.000,2025-07-31 15:19:25,2062218335583469804,,94.0,,,
2025-07-31 15:18:59.000,2025-07-31 15:20:16,2062218548918354156,,,,,77.0
2025-07-31 15:19:09.000,2025-07-31 15:20:16,2062218548939342060,,,,,75.0
2025-07-31 15:19:19.000,2025-07-31 15:20:16,2062218548939374828,,,,,62.0
2025-07-31 15:19:26.000,2025-07-31 15:20:16,2062218548939391212,58.17133473673814,,,,
2025-07-31 15:19:30.000,2025-07-31 15:20:16,2062218548939407596,,,,,58.0
2025-07-31 15:19:39.000,2025-07-31 15:20:16,2062218548939423980,48.13349219381802,,93.0,,
2025-07-31 15:19:40.000,2025-07-31 15:20:16,2062218548939440364,,,,,47.0
2025-07-31 15:19:51.000,2025-07-31 15:20:16,2062218548939473132,,,,,34.0
2025-07-31 15:19:54.000,2025-07-31 15:20:16,2062218548939489516,29.37087544062178,,,,
2025-07-31 15:19:58.000,2025-07-31 15:20:10,2062218523765113068,,87.0,,,
2025-07-31 15:20:01.000,2025-07-31 15:21:17,2062218805609791724,,,,,28.0
2025-07-31 15:20:02.000,2025-07-31 15:21:17,2062218805609808108,26.1465426237908,,,,
2025-07-31 15:20:09.000,2025-07-31 15:21:17,2062218805609840876,36.38995721878917,,,,
2025-07-31 15:20:11.000,2025-07-31 15:21:17,2062218805609857260,,,,,45.0
2025-07-31 15:20:22.000,2025-07-31 15:21:17,2062218805609873644,,,,,54.0
2025-07-31 15:20:32.000,2025-07-31 15:21:17,2062218805609890028,,,,,62.0
2025-07-31 15:20:40.000,2025-07-31 15:21:17,2062218805609906412,,,93.0,528910.0,
2025-07-31 15:20:43.000,2025-07-31 15:21:17,2062218805609939180,,,,,69.0
2025-07-31 15:20:53.000,2025-07-31 15:21:17,2062218805610053868,,,,,60.00000000000001
2025-07-31 15:20:59.000,2025-07-31 15:21:01,2062218740715487468,,97.0,,,
2025-07-31 15:21:03.000,2025-07-31 15:22:18,2062219060703150316,,,,,55.0
2025-07-31 15:21:14.000,2025-07-31 15:22:18,2062219060703183084,,,,,30.000000000000004
2025-07-31 15:21:24.000,2025-07-31 15:22:18,2062219060703199468,,,,,60.00000000000001
2025-07-31 15:21:34.000,2025-07-31 15:22:18,2062219060703215852,,,,,72.0
2025-07-31 15:21:40.000,2025-07-31 15:22:18,2062219060703232236,,,93.0,529040.0,
2025-07-31 15:21:41.000,2025-07-31 15:22:18,2062219060703248620,76.70985943316441,,,,
2025-07-31 15:21:45.000,2025-07-31 15:22:18,2062219060703281388,,,,,77.0
2025-07-31 15:21:55.000,2025-07-31 15:22:18,2062219060703297772,,,,,50.0
2025-07-31 15:22:00.000,2025-07-31 15:22:02,2062218993335566572,,98.0,,,
2025-07-31 15:22:06.000,2025-07-31 15:23:19,2062219316262109420,,,,,25.0
2025-07-31 15:22:13.000,2025-07-31 15:23:19,2062219316262142188,34.476840734132985,,,,
2025-07-31 15:22:16.000,2025-07-31 15:23:19,2062219316262158572,,,,,42.0
2025-07-31 15:22:26.000,2025-07-31 15:23:19,2062219316262174956,,,,,73.0
2025-07-31 15:22:37.000,2025-07-31 15:23:19,2062219316262191340,,,,,80.0
2025-07-31 15:22:40.000,2025-07-31 15:23:19,2062219316262207724,,,93.0,529120.0,
2025-07-31 15:22:47.000,2025-07-31 15:23:19,2062219316262240492,,,,,75.0
2025-07-31 15:22:51.000,2025-07-31 15:23:19,2062219316262256876,74.69673492317285,,,,
2025-07-31 15:22:58.000,2025-07-31 15:23:19,2062219316262273260,,,,,80.0
2025-07-31 15:23:01.000,2025-07-31 15:23:02,2062219247991390444,,90.0,,,
2025-07-31 15:23:08.000,2025-07-31 15:24:20,2062219571833651436,,,,,74.0
2025-07-31 15:23:18.000,2025-07-31 15:24:20,2062219571833684204,,,,,64.0
2025-07-31 15:23:29.000,2025-07-31 15:24:20,2062219571833700588,,,,,41.0
2025-07-31 15:23:39.000,2025-07-31 15:24:20,2062219571833749740,,,,,20.0
2025-07-31 15:23:40.000,2025-07-31 15:24:20,2062219571833766124,,,93.0,529130.0,
2025-07-31 15:23:50.000,2025-07-31 15:24:20,2062219571833815276,,,,,0.0
2025-07-31 15:24:00.000,2025-07-31 15:25:20,2062219826876645612,,,,,35.0
2025-07-31 15:24:03.000,2025-07-31 15:24:04,2062219505144168684,,85.0,,,
2025-07-31 15:24:20.000,2025-07-31 15:25:20,2062219826897682668,,,,,48.0
2025-07-31 15:24:22.000,2025-07-31 15:25:20,2062219826897699052,49.142832449517556,,,,
2025-07-31 15:24:31.000,2025-07-31 15:25:20,2062219826897715436,,,,,53.0
2025-07-31 15:24:41.000,2025-07-31 15:25:20,2062219826897731820,,,93.0,529170.0,31.0
2025-07-31 15:24:51.000,2025-07-31 15:25:20,2062219826897780972,,,,,33.0
2025-07-31 15:25:02.000,2025-07-31 15:26:37,2062220149011792108,,,,,59.0
2025-07-31 15:25:04.000,2025-07-31 15:25:06,2062219765979627756,,92.0,,,
2025-07-31 15:25:12.000,2025-07-31 15:26:37,2062220149032780012,,,,,93.0
2025-07-31 15:25:23.000,2025-07-31 15:26:37,2062220149032812780,,,,,87.0
2025-07-31 15:25:41.000,2025-07-31 15:26:37,2062220149032845548,,,93.0,529320.0,
2025-07-31 15:25:43.000,2025-07-31 15:26:37,2062220149032861932,,,,,81.0
2025-07-31 15:25:54.000,2025-07-31 15:26:37,2062220149032960236,80.68425244001064,,,,82.0
2025-07-31 15:26:06.000,2025-07-31 15:26:38,2062220153642287340,,85.0,,,
2025-07-31 15:26:14.000,2025-07-31 15:27:22,2062220338657263852,,,,,77.0
2025-07-31 15:26:25.000,2025-07-31 15:27:22,2062220338657280236,,,,,74.0
2025-07-31 15:26:35.000,2025-07-31 15:27:22,2062220338657329388,,,,,81.0
2025-07-31 15:26:41.000,2025-07-31 15:27:22,2062220338657345772,,,93.0,529430.0,
2025-07-31 15:26:45.000,2025-07-31 15:27:22,2062220338657378540,,,,,77.0
2025-07-31 15:26:56.000,2025-07-31 15:27:22,2062220338657411308,,,,,68.0
2025-07-31 15:27:06.000,2025-07-31 15:28:23,2062220591552839916,,,,,31.0
2025-07-31 15:27:07.000,2025-07-31 15:27:26,2062220354503311596,,88.0,,,
2025-07-31 15:27:07.000,2025-07-31 15:28:23,2062220591552856300,31.137683888213253,,,,
2025-07-31 15:27:14.000,2025-07-31 15:28:23,2062220591552889068,39.73096606517807,,,,
2025-07-31 15:27:17.000,2025-07-31 15:28:23,2062220591552905452,,,,,27.0
2025-07-31 15:27:27.000,2025-07-31 15:28:23,2062220591552921836,,,,,35.0
2025-07-31 15:27:37.000,2025-07-31 15:28:23,2062220591552938220,,,,,52.0
2025-07-31 15:27:42.000,2025-07-31 15:28:23,2062220591552954604,,,93.0,529460.0,
2025-07-31 15:27:48.000,2025-07-31 15:28:23,2062220591552987372,,,,,59.0
2025-07-31 15:27:58.000,2025-07-31 15:28:23,2062220591553003756,,,,,60.99999999999999
2025-07-31 15:28:08.000,2025-07-31 15:28:09,2062220535391060204,,85.0,,,
2025-07-31 15:28:09.000,2025-07-31 15:30:21,2062221086338056428,,,,,59.0
2025-07-31 15:28:13.000,2025-07-31 15:30:21,2062221086338089196,61.64568761690754,,,,
2025-07-31 15:28:19.000,2025-07-31 15:30:21,2062221086338121964,,,,,56.0
2025-07-31 15:28:29.000,2025-07-31 15:30:21,2062221086338138348,,,,,36.0
2025-07-31 15:28:40.000,2025-07-31 15:30:21,2062221086338171116,,,,,18.0
2025-07-31 15:28:42.000,2025-07-31 15:30:21,2062221086338187500,,,92.0,529530.0,
2025-07-31 15:28:50.000,2025-07-31 15:30:21,2062221086338220268,,,,,19.0
2025-07-31 15:29:01.000,2025-07-31 15:30:21,2062221086338236652,,,,,37.0
2025-07-31 15:29:11.000,2025-07-31 15:30:21,2062221086338269420,,,,,19.0
2025-07-31 15:29:16.000,2025-07-31 15:30:21,2062221086342250732,31.043231864285406,,,,
2025-07-31 15:29:21.000,2025-07-31 15:30:21,2062221086342283500,,,,,31.0
2025-07-31 15:29:23.000,2025-07-31 15:30:21,2062221086342299884,29.424583454227808,,,,
2025-07-31 15:29:32.000,2025-07-31 15:30:21,2062221086342332652,,,,,36.0
2025-07-31 15:29:42.000,2025-07-31 15:30:21,2062221086342349036,,,92.0,529570.0,48.0
2025-07-31 15:29:51.000,2025-07-31 15:31:04,2062221267271958764,55.10627396025607,,,,
2025-07-31 15:29:52.000,2025-07-31 15:31:04,2062221267271975148,,,,,55.0
2025-07-31 15:30:10.000,2025-07-31 15:30:25,2062221106160337132,,88.0,,,
2025-07-31 15:30:13.000,2025-07-31 15:31:04,2062221267272024300,,,,,60.00000000000001
2025-07-31 15:30:24.000,2025-07-31 15:31:04,2062221267272057068,,,,,65.0
2025-07-31 15:30:34.000,2025-07-31 15:31:04,2062221267272073452,,,,,67.0
2025-07-31 15:30:42.000,2025-07-31 15:31:04,2062221267272089836,,,92.0,529620.0,
2025-07-31 15:30:44.000,2025-07-31 15:32:04,2062221518628192492,,,,,59.0
2025-07-31 15:30:55.000,2025-07-31 15:32:04,2062221518628241644,,,,,38.0
2025-07-31 15:31:05.000,2025-07-31 15:32:04,2062221518628339948,,,,,45.0
2025-07-31 15:31:11.000,2025-07-31 15:31:12,2062221303175397612,,87.0,,,
2025-07-31 15:31:15.000,2025-07-31 15:32:04,2062221518632403180,,,,,44.0
2025-07-31 15:31:22.000,2025-07-31 15:32:04,2062221518632435948,52.41902127948539,,,,
2025-07-31 15:31:26.000,2025-07-31 15:32:04,2062221518632452332,,,,,60.99999999999999
2025-07-31 15:31:36.000,2025-07-31 15:32:04,2062221518632468716,,,,,54.0
2025-07-31 15:31:42.000,2025-07-31 15:32:04,2062221518632485100,,,92.0,529670.0,
2025-07-31 15:31:47.000,2025-07-31 15:33:04,2062221773276971244,,,,,65.0
2025-07-31 15:31:57.000,2025-07-31 15:33:04,2062221773276987628,,,,,58.0
2025-07-31 15:32:07.000,2025-07-31 15:33:04,2062221773277004012,,,,,63.0
2025-07-31 15:32:18.000,2025-07-31 15:33:04,2062221773277069548,,,,,62.0
2025-07-31 15:32:39.000,2025-07-31 15:33:04,2062221773277102316,,,,,59.0
2025-07-31 15:32:43.000,2025-07-31 15:33:04,2062221773277118700,,,92.0,529710.0,
2025-07-31 15:32:49.000,2025-07-31 15:34:16,2062222074373488876,,,,,21.0
2025-07-31 15:32:52.000,2025-07-31 15:34:16,2062222074373505260,19.40896491693778,,,,
2025-07-31 15:32:59.000,2025-07-31 15:34:16,2062222074373521644,32.36370819880608,,,,33.0
2025-07-31 15:33:10.000,2025-07-31 15:34:16,2062222074373538028,,,,,48.0
2025-07-31 15:33:13.000,2025-07-31 15:33:14,2062221814473425132,,92.0,,,
2025-07-31 15:33:20.000,2025-07-31 15:34:16,2062222074377666796,,,,,46.0
2025-07-31 15:33:24.000,2025-07-31 15:34:16,2062222074377683180,48.418700266070736,,,,
2025-07-31 15:33:30.000,2025-07-31 15:34:16,2062222074377699564,,,,,62.0
2025-07-31 15:33:41.000,2025-07-31 15:34:16,2062222074377748716,,,,,59.0
2025-07-31 15:33:43.000,2025-07-31 15:34:16,2062222074377765100,,,92.0,529750.0,
2025-07-31 15:33:51.000,2025-07-31 15:36:35,2062222657989902572,,,,,53.0
2025-07-31 15:34:12.000,2025-07-31 15:36:35,2062222657989935340,,,,,63.0
2025-07-31 15:34:14.000,2025-07-31 15:34:21,2062222093847642348,,87.0,,,
2025-07-31 15:34:22.000,2025-07-31 15:36:35,2062222657989984492,,,,,76.0
2025-07-31 15:34:33.000,2025-07-31 15:36:35,2062222657990000876,,,,,60.99999999999999
2025-07-31 15:34:43.000,2025-07-31 15:36:35,2062222657990017260,,,92.0,529820.0,67.0
2025-07-31 15:34:54.000,2025-07-31 15:36:35,2062222657990050028,,,,,50.0
2025-07-31 15:34:56.000,2025-07-31 15:36:35,2062222657990066412,48.62612431861816,,,,
2025-07-31 15:35:04.000,2025-07-31 15:36:35,2062222657990082796,,,,,28.0
2025-07-31 15:35:14.000,2025-07-31 15:36:35,2062222657990099180,,,,,14.0
2025-07-31 15:35:15.000,2025-07-31 15:35:56,2062222493350904044,,94.0,,,
2025-07-31 15:35:25.000,2025-07-31 15:36:35,2062222657990164716,,,,,21.0
2025-07-31 15:35:35.000,2025-07-31 15:36:35,2062222657990181100,,,,,23.0
2025-07-31 15:35:43.000,2025-07-31 15:36:35,2062222657990197484,,,92.0,529830.0,
2025-07-31 15:35:45.000,2025-07-31 15:36:35,2062222657990213868,,,,,20.0
2025-07-31 15:35:56.000,2025-07-31 15:36:35,2062222657990246636,,,,,16.0
2025-07-31 15:36:06.000,2025-07-31 15:36:35,2062222657990361324,,,,,12.0
2025-07-31 15:36:16.000,2025-07-31 15:36:18,2062222583603937516,,93.0,,,
2025-07-31 15:36:16.000,2025-07-31 15:37:36,2062222913452425452,,,,,2.0
2025-07-31 15:36:27.000,2025-07-31 15:37:36,2062222913473708268,0.0,,,,0.0
2025-07-31 15:36:44.000,2025-07-31 15:37:36,2062222913473822956,,,92.0,529840.0,
2025-07-31 15:36:58.000,2025-07-31 15:37:36,2062222913473872108,,,,,11.0
2025-07-31 15:37:08.000,2025-07-31 15:37:36,2062222913473888492,,,,,13.0
2025-07-31 15:37:17.000,2025-07-31 15:37:25,2062222865310154988,,97.0,,,
2025-07-31 15:37:18.000,2025-07-31 15:38:37,2062223168424132844,,,,,12.0
2025-07-31 15:37:29.000,2025-07-31 15:38:37,2062223168445137132,,,,,13.0
2025-07-31 15:37:39.000,2025-07-31 15:38:37,2062223168445153516,,,,,15.000000000000002
2025-07-31 15:37:44.000,2025-07-31 15:38:37,2062223168445169900,,,92.0,529850.0,
2025-07-31 15:37:50.000,2025-07-31 15:38:37,2062223168445186284,,,,,19.0
2025-07-31 15:37:58.000,2025-07-31 15:38:37,2062223168445202668,19.955305055343953,,,,
2025-07-31 15:38:00.000,2025-07-31 15:38:37,2062223168445219052,,,,,20.0
2025-07-31 15:38:10.000,2025-07-31 15:38:37,2062223168445235436,,,,,17.0
2025-07-31 15:38:18.000,2025-07-31 15:38:22,2062223104892993772,,80.0,,,
2025-07-31 15:38:21.000,2025-07-31 15:39:38,2062223422406000876,,,,,14.0
2025-07-31 15:38:31.000,2025-07-31 15:39:38,2062223422406033644,,,,,9.0
2025-07-31 15:38:41.000,2025-07-31 15:39:38,2062223422406099180,,,,,20.0
2025-07-31 15:38:44.000,2025-07-31 15:39:38,2062223422406115564,,,92.0,529880.0,
2025-07-31 15:38:52.000,2025-07-31 15:39:38,2062223422406148332,,,,,16.0
2025-07-31 15:39:02.000,2025-07-31 15:39:38,2062223422406164716,,,,,15.000000000000002
2025-07-31 15:39:13.000,2025-07-31 15:39:38,2062223422406181100,,,,,19.0
2025-07-31 15:39:19.000,2025-07-31 15:39:21,2062223351094788332,,97.0,,,
2025-07-31 15:39:23.000,2025-07-31 15:40:45,2062223706112966892,,,,,13.0
2025-07-31 15:39:28.000,2025-07-31 15:40:45,2062223706112983276,14.680807719137958,,,,
2025-07-31 15:39:33.000,2025-07-31 15:40:45,2062223706113016044,,,,,0.0
2025-07-31 15:39:44.000,2025-07-31 15:40:45,2062223706113065196,,,,,33.0
2025-07-31 15:39:45.000,2025-07-31 15:40:45,2062223706113081580,,,92.0,529910.0,
2025-07-31 15:39:47.000,2025-07-31 15:40:45,2062223706113097964,43.00900689561508,,,,
2025-07-31 15:39:54.000,2025-07-31 15:40:45,2062223706113130732,,,,,68.0
2025-07-31 15:40:04.000,2025-07-31 15:40:45,2062223706113147116,,,,,64.0
2025-07-31 15:40:15.000,2025-07-31 15:40:45,2062223706113163500,,,,,41.0
2025-07-31 15:40:20.000,2025-07-31 15:40:21,2062223603109200108,,82.0,,,
2025-07-31 15:40:25.000,2025-07-31 15:41:39,2062223931896545516,,,,,48.0
2025-07-31 15:40:26.000,2025-07-31 15:41:39,2062223931896561900,46.17777969837086,,,,
2025-07-31 15:40:36.000,2025-07-31 15:41:39,2062223931896594668,,,,,33.0
2025-07-31 15:40:45.000,2025-07-31 15:41:39,2062223931896611052,,,92.0,529970.0,
2025-07-31 15:40:46.000,2025-07-31 15:41:39,2062223931896627436,,,,,46.0
2025-07-31 15:40:56.000,2025-07-31 15:41:39,2062223931896660204,,,,,38.0
2025-07-31 15:41:07.000,2025-07-31 15:41:39,2062223931896774892,,,,,20.0
2025-07-31 15:41:17.000,2025-07-31 15:41:39,2062223931896807660,,,,,41.0
2025-07-31 15:41:27.000,2025-07-31 15:42:40,2062224186201342188,,,,,46.0
2025-07-31 15:41:30.000,2025-07-31 15:42:40,2062224186201358572,43.20161494440913,,,,
2025-07-31 15:41:38.000,2025-07-31 15:42:40,2062224186201391340,,,,,12.0
2025-07-31 15:41:44.000,2025-07-31 15:42:40,2062224186201407724,35.59359701704458,,,,
2025-07-31 15:41:45.000,2025-07-31 15:42:40,2062224186201424108,,,92.0,530010.0,
2025-07-31 15:41:48.000,2025-07-31 15:42:40,2062224186201440492,,,,,60.99999999999999
2025-07-31 15:41:58.000,2025-07-31 15:42:40,2062224186201473260,,,,,72.0
2025-07-31 15:42:09.000,2025-07-31 15:42:40,2062224186201489644,,,,,68.0
2025-07-31 15:42:10.000,2025-07-31 15:42:40,2062224186201506028,67.61838912999193,,,,
2025-07-31 15:42:19.000,2025-07-31 15:42:40,2062224186201538796,,,,,71.0
2025-07-31 15:42:22.000,2025-07-31 15:42:23,2062224114596348140,,98.0,,,
2025-07-31 15:42:30.000,2025-07-31 15:43:40,2062224439759618284,,,,,68.0
2025-07-31 15:42:45.000,2025-07-31 15:43:40,2062224439759667436,,,91.0,530100.0,
2025-07-31 15:42:50.000,2025-07-31 15:43:40,2062224439759683820,,,,,67.0
2025-07-31 15:43:01.000,2025-07-31 15:43:40,2062224439759716588,,,,,59.0
2025-07-31 15:43:11.000,2025-07-31 15:43:40,2062224439759732972,,,,,50.0
2025-07-31 15:43:22.000,2025-07-31 15:43:30,2062224398663811308,,96.0,,,
2025-07-31 15:43:22.000,2025-07-31 15:44:41,2062224696048353516,,,,,58.0
2025-07-31 15:43:32.000,2025-07-31 15:44:41,2062224696069341420,,,,,51.0
2025-07-31 15:43:39.000,2025-07-31 15:44:41,2062224696069406956,30.50059572681759,,,,
2025-07-31 15:43:42.000,2025-07-31 15:44:41,2062224696069439724,,,,,33.0
2025-07-31 15:43:45.000,2025-07-31 15:44:41,2062224696069456108,,,91.0,530160.0,
2025-07-31 15:43:52.000,2025-07-31 15:44:41,2062224696069472492,41.19589843629427,,,,
2025-07-31 15:43:53.000,2025-07-31 15:44:41,2062224696069488876,,,,,43.0
2025-07-31 15:44:03.000,2025-07-31 15:44:41,2062224696069521644,,,,,72.0
2025-07-31 15:44:06.000,2025-07-31 15:44:41,2062224696069538028,75.31530307987678,,,,
2025-07-31 15:44:14.000,2025-07-31 15:44:41,2062224696069554412,,,,,78.0
2025-07-31 15:44:21.000,2025-07-31 15:45:41,2062224948218298604,80.24347632834734,,,,
2025-07-31 15:44:23.000,2025-07-31 15:44:25,2062224626645221612,,90.0,,,
2025-07-31 15:44:24.000,2025-07-31 15:45:41,2062224948239368428,,,,,82.0
2025-07-31 15:44:34.000,2025-07-31 15:45:41,2062224948239401196,,,,,79.0
2025-07-31 15:44:45.000,2025-07-31 15:45:41,2062224948239433964,,,,,57.0
2025-07-31 15:44:46.000,2025-07-31 15:45:41,2062224948239450348,,,91.0,530220.0,
2025-07-31 15:44:55.000,2025-07-31 15:45:41,2062224948239483116,,,,,31.0
2025-07-31 15:45:06.000,2025-07-31 15:45:41,2062224948239515884,,,,,8.0
2025-07-31 15:45:16.000,2025-07-31 15:45:41,2062224948239565036,,,,,0.0
2025-07-31 15:45:28.000,2025-07-31 15:45:29,2062224897404322028,,81.0,,,
2025-07-31 15:45:36.000,2025-07-31 15:46:43,2062225207657464044,,,,,12.0
2025-07-31 15:45:47.000,2025-07-31 15:46:43,2062225207657496812,,,91.0,530230.0,4.0
2025-07-31 15:45:51.000,2025-07-31 15:46:43,2062225207657513196,13.73813948032867,,,,
2025-07-31 15:45:57.000,2025-07-31 15:46:43,2062225207657578732,,,,,10.0
2025-07-31 15:46:07.000,2025-07-31 15:46:43,2062225207657693420,34.38979671208183,,,,35.0
2025-07-31 15:46:13.000,2025-07-31 15:46:43,2062225207657726188,34.19533666281862,,,,
2025-07-31 15:46:18.000,2025-07-31 15:46:43,2062225207657742572,,,,,56.0
2025-07-31 15:46:28.000,2025-07-31 15:47:43,2062225459906609388,,,,,96.0
2025-07-31 15:46:31.000,2025-07-31 15:46:32,2062225158751387884,,80.0,,,
2025-07-31 15:46:38.000,2025-07-31 15:47:43,2062225459906642156,,,,,92.0
2025-07-31 15:46:48.000,2025-07-31 15:47:43,2062225459906658540,,,91.0,530340.0,
2025-07-31 15:46:49.000,2025-07-31 15:47:43,2062225459906674924,,,,,100.0
2025-07-31 15:46:59.000,2025-07-31 15:47:43,2062225459906707692,,,,,102.0
2025-07-31 15:47:00.000,2025-07-31 15:47:43,2062225459906724076,97.37077666726343,,,,
2025-07-31 15:47:10.000,2025-07-31 15:47:43,2062225459906740460,,,,,73.0
2025-07-31 15:47:20.000,2025-07-31 15:47:43,2062225459906756844,,,,,70.0
2025-07-31 15:47:30.000,2025-07-31 15:48:44,2062225714224038124,,,,,37.0
2025-07-31 15:47:33.000,2025-07-31 15:47:34,2062225419653873900,,76.0,,,
2025-07-31 15:47:35.000,2025-07-31 15:48:44,2062225714224070892,34.710192793248844,,,,
2025-07-31 15:47:41.000,2025-07-31 15:48:44,2062225714224103660,32.77114830202424,,,,34.0
2025-07-31 15:47:48.000,2025-07-31 15:48:44,2062225714224120044,,,91.0,530440.0,
2025-07-31 15:47:51.000,2025-07-31 15:48:44,2062225714224136428,,,,,57.0
2025-07-31 15:48:02.000,2025-07-31 15:48:44,2062225714224169196,,,,,64.0
2025-07-31 15:48:12.000,2025-07-31 15:48:44,2062225714224185580,,,,,26.0
2025-07-31 15:48:22.000,2025-07-31 15:48:44,2062225714224201964,,,,,5.0
2025-07-31 15:48:33.000,2025-07-31 15:49:45,2062225969581752556,,,,,6.0
2025-07-31 15:48:35.000,2025-07-31 15:48:36,2062225680287924460,,96.0,,,
2025-07-31 15:48:43.000,2025-07-31 15:49:45,2062225969581834476,,,,,5.0
2025-07-31 15:48:49.000,2025-07-31 15:49:45,2062225969581883628,,,91.0,530480.0,
2025-07-31 15:48:53.000,2025-07-31 15:49:45,2062225969581900012,,,,,6.0
2025-07-31 15:49:11.000,2025-07-31 15:49:45,2062225969581949164,6.896849747201936,,,,
2025-07-31 15:49:14.000,2025-07-31 15:49:45,2062225969581965548,,,,,7.0
2025-07-31 15:49:36.000,2025-07-31 15:49:38,2062225941085618412,,97.0,,,
2025-07-31 15:49:45.000,2025-07-31 15:50:46,2062226224234660076,,,,,6.0
2025-07-31 15:49:49.000,2025-07-31 15:50:46,2062226224234676460,,,91.0,530490.0,
2025-07-31 15:49:55.000,2025-07-31 15:50:46,2062226224234692844,,,,,8.0
2025-07-31 15:50:06.000,2025-07-31 15:50:46,2062226224234725612,,,,,9.0
2025-07-31 15:50:16.000,2025-07-31 15:50:46,2062226224234741996,,,,,6.0
2025-07-31 15:50:27.000,2025-07-31 15:51:46,2062226478174568684,,,,,7.0
2025-07-31 15:50:37.000,2025-07-31 15:50:38,2062226193419092204,,93.0,,,
2025-07-31 15:50:37.000,2025-07-31 15:51:46,2062226478195540204,,,,,6.0
2025-07-31 15:50:43.000,2025-07-31 15:51:46,2062226478195589356,6.352361609264942,,,,
2025-07-31 15:50:47.000,2025-07-31 15:51:46,2062226478195605740,,,,,7.0
2025-07-31 15:50:49.000,2025-07-31 15:51:46,2062226478195622124,,,92.0,530500.0,
2025-07-31 15:51:38.000,2025-07-31 15:51:44,2062226470079561964,,87.0,,,
2025-07-31 15:51:39.000,2025-07-31 15:52:47,2062226733280575724,,,,,5.0
2025-07-31 15:51:49.000,2025-07-31 15:52:47,2062226733280624876,,,,,9.0
2025-07-31 15:51:50.000,2025-07-31 15:52:47,2062226733280641260,,,92.0,530510.0,
2025-07-31 15:52:00.000,2025-07-31 15:52:47,2062226733280674028,,,,,6.0
2025-07-31 15:52:10.000,2025-07-31 15:52:47,2062226733280690412,,,,,8.0
2025-07-31 15:52:20.000,2025-07-31 15:52:47,2062226733280723180,,,,,7.0
2025-07-31 15:52:31.000,2025-07-31 15:53:48,2062226987920916716,,,,,10.0
2025-07-31 15:52:38.000,2025-07-31 15:53:48,2062226987920933100,10.400834634878109,,,,
2025-07-31 15:52:39.000,2025-07-31 15:52:40,2062226705698783468,,92.0,,,
2025-07-31 15:52:50.000,2025-07-31 15:53:48,2062226987920982252,,,92.0,530520.0,
2025-07-31 15:52:51.000,2025-07-31 15:53:48,2062226987920998636,,,,,8.0
2025-07-31 15:53:02.000,2025-07-31 15:53:48,2062226987921031404,,,,,10.0
2025-07-31 15:53:23.000,2025-07-31 15:53:48,2062226987921064172,,,,,6.0
2025-07-31 15:53:33.000,2025-07-31 15:54:49,2062227242963976428,,,,,8.0
2025-07-31 15:53:40.000,2025-07-31 15:53:42,2062226962344050924,,90.0,,,
2025-07-31 15:53:51.000,2025-07-31 15:54:49,2062227242964041964,,,92.0,,
2025-07-31 15:53:54.000,2025-07-31 15:54:49,2062227242964058348,,,,,12.0
2025-07-31 15:54:04.000,2025-07-31 15:54:49,2062227242964091116,,,,,14.0
2025-07-31 15:54:09.000,2025-07-31 15:54:49,2062227242964107500,17.87365652799299,,,,
2025-07-31 15:54:15.000,2025-07-31 15:54:49,2062227242964123884,,,,,17.0
2025-07-31 15:54:25.000,2025-07-31 15:54:49,2062227242964140268,,,,,16.0
2025-07-31 15:54:36.000,2025-07-31 15:55:49,2062227496815821036,,,,,9.0
2025-07-31 15:54:41.000,2025-07-31 15:54:42,2062227217080910060,,96.0,,,
2025-07-31 15:54:46.000,2025-07-31 15:55:49,2062227496815853804,,,,,18.0
2025-07-31 15:54:51.000,2025-07-31 15:55:49,2062227496815870188,,,92.0,530540.0,
2025-07-31 15:55:07.000,2025-07-31 15:55:49,2062227496815919340,,,,,20.0
2025-07-31 15:55:17.000,2025-07-31 15:55:49,2062227496815935724,,,,,12.0
2025-07-31 15:55:21.000,2025-07-31 15:55:49,2062227496815952108,21.051689333094636,,,,
2025-07-31 15:55:27.000,2025-07-31 15:55:49,2062227496815968492,,,,,30.000000000000004
2025-07-31 15:55:28.000,2025-07-31 15:55:49,2062227496815984876,29.674603517566222,,,,
2025-07-31 15:55:38.000,2025-07-31 15:56:50,2062227751292649708,,,,,49.0
2025-07-31 15:55:42.000,2025-07-31 15:55:44,2062227474711855340,,94.0,,,
2025-07-31 15:55:48.000,2025-07-31 15:56:50,2062227751292698860,,,,,69.0
2025-07-31 15:55:51.000,2025-07-31 15:56:50,2062227751292715244,,,92.0,530570.0,
2025-07-31 15:55:59.000,2025-07-31 15:56:50,2062227751292731628,,,,,74.0
2025-07-31 15:56:09.000,2025-07-31 15:56:50,2062227751292764396,,,,,87.0
2025-07-31 15:56:30.000,2025-07-31 15:57:50,2062228005840748780,,,,,90.0
2025-07-31 15:56:40.000,2025-07-31 15:57:50,2062228005861736684,,,,,94.0
2025-07-31 15:56:43.000,2025-07-31 15:56:49,2062227748025286892,,96.0,,,
2025-07-31 15:56:51.000,2025-07-31 15:57:50,2062228005861785836,,,,,93.0
2025-07-31 15:56:52.000,2025-07-31 15:57:50,2062228005861802220,,,92.0,,
2025-07-31 15:57:00.000,2025-07-31 15:57:50,2062228005861818604,89.78127874459062,,,,
2025-07-31 15:57:01.000,2025-07-31 15:57:50,2062228005861834988,,,,,92.0
2025-07-31 15:57:11.000,2025-07-31 15:57:50,2062228005861851372,94.18348385981591,,,,96.0
2025-07-31 15:57:22.000,2025-07-31 15:57:50,2062228005861867756,,,,,98.0
2025-07-31 15:57:32.000,2025-07-31 15:58:51,2062228261005426924,,,,,100.0
2025-07-31 15:57:43.000,2025-07-31 15:58:51,2062228261005443308,,,,,102.0
2025-07-31 15:57:44.000,2025-07-31 15:57:45,2062227981249544428,,90.0,,,
2025-07-31 15:57:52.000,2025-07-31 15:58:51,2062228261005492460,,,91.0,530910.0,
2025-07-31 15:57:53.000,2025-07-31 15:58:51,2062228261005508844,,,,,107.0
2025-07-31 15:58:03.000,2025-07-31 15:58:51,2062228261005541612,,,,,114.0
2025-07-31 15:58:24.000,2025-07-31 15:58:51,2062228261005574380,,,,,115.0
2025-07-31 15:58:43.000,2025-07-31 15:59:52,2062228515218030828,109.2735836826412,,,,
2025-07-31 15:58:45.000,2025-07-31 15:58:46,2062228238737866988,,94.0,,,
2025-07-31 15:58:45.000,2025-07-31 15:59:52,2062228515218047212,,,,,110.0
2025-07-31 15:58:52.000,2025-07-31 15:59:52,2062228515218096364,,,91.0,531060.0,
2025-07-31 15:58:55.000,2025-07-31 15:59:52,2062228515218112748,,,,,113.0
2025-07-31 15:59:06.000,2025-07-31 15:59:52,2062228515218145516,,,,,124.0
2025-07-31 15:59:10.000,2025-07-31 15:59:52,2062228515218161900,124.18403945995668,,,,126.0
2025-07-31 15:59:16.000,2025-07-31 15:59:52,2062228515218178284,,,,,125.0
2025-07-31 15:59:27.000,2025-07-31 15:59:52,2062228515218194668,,,,,120.00000000000001
2025-07-31 15:59:29.000,2025-07-31 15:59:52,2062228515218211052,115.50556526140987,,,,117.0
2025-07-31 15:59:37.000,2025-07-31 16:00:53,2062228770365898988,,,,,111.0
2025-07-31 15:59:46.000,2025-07-31 15:59:47,2062228493285982444,,90.0,,,
2025-07-31 15:59:47.000,2025-07-31 16:00:53,2062228770391064812,,,,,110.0
2025-07-31 15:59:52.000,2025-07-31 16:00:53,2062228770391097580,,,91.0,531190.0,
2025-07-31 15:59:58.000,2025-07-31 16:00:53,2062228770391113964,,,,,101.0
2025-07-31 16:00:08.000,2025-07-31 16:00:53,2062228770391146732,,,,,104.0
2025-07-31 16:00:12.000,2025-07-31 16:00:53,2062228770391163116,103.81759030045623,,,,
2025-07-31 16:00:29.000,2025-07-31 16:00:53,2062228770391195884,,,,,107.0
2025-07-31 16:00:39.000,2025-07-31 16:01:53,2062229024326811884,,,,,112.0
2025-07-31 16:00:46.000,2025-07-31 16:00:47,2062228746538057964,,92.0,,,
2025-07-31 16:00:50.000,2025-07-31 16:01:53,2062229024326861036,,,,,110.0
2025-07-31 16:00:53.000,2025-07-31 16:01:53,2062229024326877420,,,91.0,531290.0,
2025-07-31 16:01:00.000,2025-07-31 16:01:53,2062229024326893804,,,,,109.0
2025-07-31 16:01:10.000,2025-07-31 16:01:53,2062229024326926572,,,,,112.0
2025-07-31 16:01:21.000,2025-07-31 16:01:53,2062229024327041260,,,,,107.0
2025-07-31 16:01:31.000,2025-07-31 16:01:53,2062229024327057644,,,,,105.0
2025-07-31 16:01:41.000,2025-07-31 16:02:54,2062229277968974060,,,,,84.0
2025-07-31 16:01:43.000,2025-07-31 16:02:54,2062229277989929196,84.72346546327792,,,,
2025-07-31 16:01:47.000,2025-07-31 16:01:49,2062229006547173612,,86.0,,,
2025-07-31 16:01:52.000,2025-07-31 16:02:54,2062229277989978348,,,,,85.0
2025-07-31 16:01:53.000,2025-07-31 16:02:54,2062229277989994732,,,91.0,531370.0,
2025-07-31 16:02:02.000,2025-07-31 16:02:54,2062229277990027500,,,,,83.0
2025-07-31 16:02:12.000,2025-07-31 16:02:54,2062229277990043884,,,,,94.0
2025-07-31 16:02:33.000,2025-07-31 16:02:54,2062229277990093036,,,,,96.0
2025-07-31 16:02:38.000,2025-07-31 16:03:55,2062229536770113772,95.67990023890806,,,,
2025-07-31 16:02:44.000,2025-07-31 16:03:55,2062229536770130156,,,,,99.0
2025-07-31 16:02:48.000,2025-07-31 16:02:50,2062229260617154796,,92.0,,,
2025-07-31 16:02:53.000,2025-07-31 16:03:55,2062229536770179308,,,91.0,531460.0,
2025-07-31 16:02:54.000,2025-07-31 16:03:55,2062229536770195692,,,,,105.0
2025-07-31 16:03:15.000,2025-07-31 16:03:55,2062229536770244844,,,,,118.0
2025-07-31 16:03:25.000,2025-07-31 16:03:55,2062229536770261228,,,,,120.00000000000001
2025-07-31 16:03:36.000,2025-07-31 16:04:58,2062229800218525932,,,,,124.0
2025-07-31 16:03:46.000,2025-07-31 16:04:58,2062229800239792364,,,,,120.99999999999999
2025-07-31 16:03:49.000,2025-07-31 16:03:50,2062229514527752428,,88.0,,,
2025-07-31 16:03:53.000,2025-07-31 16:04:58,2062229800239841516,,,90.0,531620.0,
2025-07-31 16:03:56.000,2025-07-31 16:04:58,2062229800239857900,,,,,114.0
2025-07-31 16:04:07.000,2025-07-31 16:04:58,2062229800239890668,,,,,117.0
2025-07-31 16:04:10.000,2025-07-31 16:04:58,2062229800239907052,115.38888923185195,,,,
2025-07-31 16:04:17.000,2025-07-31 16:04:58,2062229800239923436,,,,,110.0
2025-07-31 16:04:28.000,2025-07-31 16:04:58,2062229800239939820,,,,,113.0
2025-07-31 16:04:38.000,2025-07-31 16:05:56,2062230042095649004,,,,,107.0
2025-07-31 16:04:48.000,2025-07-31 16:05:56,2062230042116620524,,,,,109.0
2025-07-31 16:04:50.000,2025-07-31 16:04:54,2062229781407072492,,90.0,,,
2025-07-31 16:04:53.000,2025-07-31 16:05:56,2062230042116653292,,,90.0,531820.0,
2025-07-31 16:04:59.000,2025-07-31 16:05:56,2062230042116669676,,,,,113.0
2025-07-31 16:05:03.000,2025-07-31 16:05:56,2062230042116702444,110.72740405094237,,,,
2025-07-31 16:05:09.000,2025-07-31 16:05:56,2062230042116718828,,,,,116.0
2025-07-31 16:05:19.000,2025-07-31 16:05:56,2062230042116735212,,,,,119.00000000000001
2025-07-31 16:05:30.000,2025-07-31 16:05:56,2062230042116751596,,,,,117.0
2025-07-31 16:05:40.000,2025-07-31 16:06:56,2062230296081727724,,,,,114.0
2025-07-31 16:05:51.000,2025-07-31 16:05:52,2062230026794828012,,84.0,,,
2025-07-31 16:05:51.000,2025-07-31 16:06:56,2062230296102699244,,,,,111.0
2025-07-31 16:05:54.000,2025-07-31 16:06:56,2062230296102732012,,,90.0,531890.0,
2025-07-31 16:06:01.000,2025-07-31 16:06:56,2062230296102748396,,,,,113.0
2025-07-31 16:06:11.000,2025-07-31 16:06:56,2062230296102781164,,,,,114.0
2025-07-31 16:06:22.000,2025-07-31 16:06:56,2062230296102895852,,,,,108.0
2025-07-31 16:06:33.000,2025-07-31 16:06:56,2062230296102928620,106.88635507787662,,,,
2025-07-31 16:06:42.000,2025-07-31 16:07:57,2062230550067806444,,,,,111.0
2025-07-31 16:06:51.000,2025-07-31 16:06:54,2062230286199947500,,90.0,,,
2025-07-31 16:06:53.000,2025-07-31 16:07:57,2062230550092972268,,,,,116.0
2025-07-31 16:06:54.000,2025-07-31 16:07:57,2062230550092988652,,,90.0,532100.0,
2025-07-31 16:07:03.000,2025-07-31 16:07:57,2062230550093021420,,,,,114.0
2025-07-31 16:07:14.000,2025-07-31 16:07:57,2062230550093037804,,,,,107.0
2025-07-31 16:07:24.000,2025-07-31 16:07:57,2062230550093054188,,,,,104.0
2025-07-31 16:07:34.000,2025-07-31 16:07:57,2062230550093086956,,,,,102.0
2025-07-31 16:07:45.000,2025-07-31 16:08:58,2062230803756138732,,,,,100.0
2025-07-31 16:07:52.000,2025-07-31 16:08:00,2062230561274986732,,91.0,,,
2025-07-31 16:07:54.000,2025-07-31 16:08:58,2062230803777077484,,,89.0,532260.0,
2025-07-31 16:07:55.000,2025-07-31 16:08:58,2062230803777093868,,,,,106.0
2025-07-31 16:08:04.000,2025-07-31 16:08:58,2062230803777126636,111.39968022125234,,,,
2025-07-31 16:08:05.000,2025-07-31 16:08:58,2062230803777143020,,,,,112.0
2025-07-31 16:08:16.000,2025-07-31 16:08:58,2062230803777159404,,,,,108.0
2025-07-31 16:08:26.000,2025-07-31 16:08:58,2062230803777175788,,,,,111.0
2025-07-31 16:08:37.000,2025-07-31 16:08:58,2062230803777208556,,,,,99.0
2025-07-31 16:08:47.000,2025-07-31 16:09:58,2062231058505548012,,,,,92.0
2025-07-31 16:08:53.000,2025-07-31 16:08:54,2062230788728029420,,93.0,,,
2025-07-31 16:08:54.000,2025-07-31 16:09:58,2062231058505564396,,,89.0,532300.0,
2025-07-31 16:08:57.000,2025-07-31 16:09:58,2062231058505613548,,,,,62.0
2025-07-31 16:09:04.000,2025-07-31 16:09:58,2062231058505646316,50.38552476433294,,,,
2025-07-31 16:09:08.000,2025-07-31 16:09:58,2062231058505662700,,,,,23.0
2025-07-31 16:09:18.000,2025-07-31 16:09:58,2062231058505695468,,,,,0.0
2025-07-31 16:09:28.000,2025-07-31 16:09:58,2062231058505957612,,,,,3.0
2025-07-31 16:09:39.000,2025-07-31 16:10:59,2062231312424501484,,,,,0.0
2025-07-31 16:09:51.000,2025-07-31 16:10:59,2062231312445571308,15.204923851914046,,,,
2025-07-31 16:09:54.000,2025-07-31 16:09:56,2062231051056447724,,82.0,,,
2025-07-31 16:09:55.000,2025-07-31 16:10:59,2062231312445604076,,,89.0,532320.0,
2025-07-31 16:09:59.000,2025-07-31 16:10:59,2062231312445636844,,,,,52.0
2025-07-31 16:10:10.000,2025-07-31 16:10:59,2062231312445702380,,,,,49.0
2025-07-31 16:10:20.000,2025-07-31 16:10:59,2062231312445718764,,,,,40.0
2025-07-31 16:10:30.000,2025-07-31 16:10:59,2062231312445735148,6.822769728434999,,,,5.0
2025-07-31 16:10:41.000,2025-07-31 16:12:00,2062231567203451116,,,,,16.0
2025-07-31 16:10:47.000,2025-07-31 16:12:00,2062231567203467500,26.415082691820952,,,,
2025-07-31 16:10:51.000,2025-07-31 16:12:00,2062231567203483884,,,,,20.0
2025-07-31 16:10:55.000,2025-07-31 16:11:03,2062231330233565420,,98.0,,,
2025-07-31 16:10:55.000,2025-07-31 16:12:00,2062231567203516652,,,89.0,532350.0,
2025-07-31 16:11:01.000,2025-07-31 16:12:00,2062231567203582188,,,,,34.0
2025-07-31 16:11:02.000,2025-07-31 16:12:00,2062231567203598572,36.4640372375561,,,,
2025-07-31 16:11:12.000,2025-07-31 16:12:00,2062231567203631340,,,,,50.0
2025-07-31 16:11:22.000,2025-07-31 16:12:00,2062231567203713260,,,,,45.0
2025-07-31 16:11:33.000,2025-07-31 16:12:00,2062231567203746028,,,,,4.0
2025-07-31 16:11:43.000,2025-07-31 16:13:01,2062231823072624876,,,,,33.0
2025-07-31 16:11:53.000,2025-07-31 16:13:01,2062231823072641260,,,,,48.0
2025-07-31 16:11:55.000,2025-07-31 16:13:01,2062231823072657644,,,89.0,532400.0,
2025-07-31 16:11:56.000,2025-07-31 16:11:57,2062231558479167724,,80.0,,,
2025-07-31 16:12:04.000,2025-07-31 16:13:01,2062231823072690412,,,,,40.0
2025-07-31 16:12:14.000,2025-07-31 16:13:01,2062231823072723180,,,,,2.0
2025-07-31 16:12:24.000,2025-07-31 16:13:01,2062231823072788716,,,,,42.0
2025-07-31 16:12:33.000,2025-07-31 16:13:01,2062231823072821484,61.11971948366228,,,,
2025-07-31 16:12:35.000,2025-07-31 16:13:01,2062231823072837868,,,,,66.0
2025-07-31 16:12:45.000,2025-07-31 16:14:01,2062232077197115628,,,,,73.0
2025-07-31 16:12:51.000,2025-07-31 16:14:01,2062232077218119916,81.46209263706346,,,,
2025-07-31 16:12:56.000,2025-07-31 16:14:01,2062232077218136300,,,88.0,532520.0,85.0
2025-07-31 16:12:57.000,2025-07-31 16:12:58,2062231812087742700,,88.0,,,
2025-07-31 16:13:06.000,2025-07-31 16:14:01,2062232077218185452,,,,,80.0
2025-07-31 16:13:16.000,2025-07-31 16:14:01,2062232077218201836,,,,,74.0
2025-07-31 16:13:25.000,2025-07-31 16:14:01,2062232077218218220,72.01318624334053,,,,
2025-07-31 16:13:35.000,2025-07-31 16:14:01,2062232077218250988,71.94281022551192,,,,
2025-07-31 16:13:37.000,2025-07-31 16:14:01,2062232077218283756,,,,,73.0
2025-07-31 16:13:44.000,2025-07-31 16:15:09,2062232360845328620,70.19637378308137,,,,
2025-07-31 16:13:48.000,2025-07-31 16:15:09,2062232360845345004,,,,,77.0
2025-07-31 16:13:56.000,2025-07-31 16:15:09,2062232360845361388,,,88.0,532610.0,
2025-07-31 16:13:58.000,2025-07-31 16:15:09,2062232360845377772,,,,,64.0
2025-07-31 16:14:08.000,2025-07-31 16:15:09,2062232360845443308,,,,,81.0
2025-07-31 16:14:19.000,2025-07-31 16:15:09,2062232360845459692,,,,,86.0
2025-07-31 16:14:29.000,2025-07-31 16:15:09,2062232360845476076,,,,,99.0
2025-07-31 16:14:38.000,2025-07-31 16:15:09,2062232360845508844,98.5801329736337,,,,
2025-07-31 16:14:39.000,2025-07-31 16:15:09,2062232360845525228,,,,,102.0
2025-07-31 16:14:50.000,2025-07-31 16:16:06,2062232599572513004,,,,,110.0
2025-07-31 16:14:56.000,2025-07-31 16:16:06,2062232599593484524,,,88.0,532910.0,
2025-07-31 16:14:59.000,2025-07-31 16:15:09,2062232362757931244,,86.0,,,
2025-07-31 16:15:00.000,2025-07-31 16:16:06,2062232599593500908,,,,,84.0
2025-07-31 16:15:05.000,2025-07-31 16:16:06,2062232599593550060,73.46885861211086,,,,
2025-07-31 16:15:10.000,2025-07-31 16:16:06,2062232599593582828,,,,,60.00000000000001
2025-07-31 16:15:21.000,2025-07-31 16:16:06,2062232599593599212,25.837258545438836,,,,24.0
2025-07-31 16:15:30.000,2025-07-31 16:16:06,2062232599593631980,40.33286621765944,,,,
2025-07-31 16:15:31.000,2025-07-31 16:16:06,2062232599593648364,,,,,40.0
2025-07-31 16:15:42.000,2025-07-31 16:16:06,2062232599593681132,,,,,74.0
2025-07-31 16:15:52.000,2025-07-31 16:17:08,2062232859887796460,,,,,89.0
2025-07-31 16:15:56.000,2025-07-31 16:17:08,2062232859908784364,,,88.0,533020.0,
2025-07-31 16:16:00.000,2025-07-31 16:16:10,2062232616559542508,,87.0,,,
2025-07-31 16:16:02.000,2025-07-31 16:17:08,2062232859908817132,,,,,91.0
2025-07-31 16:16:13.000,2025-07-31 16:17:08,2062232859908882668,,,,,85.0
2025-07-31 16:16:23.000,2025-07-31 16:17:08,2062232859908915436,,,,,82.0
2025-07-31 16:16:33.000,2025-07-31 16:17:08,2062232859909013740,,,,,93.0
2025-07-31 16:16:44.000,2025-07-31 16:18:04,2062233093808324844,,,,,84.0
2025-07-31 16:16:54.000,2025-07-31 16:18:04,2062233093829312748,,,,,92.0
2025-07-31 16:16:57.000,2025-07-31 16:18:04,2062233093829329132,,,87.0,533160.0,
2025-07-31 16:17:00.000,2025-07-31 16:17:08,2062232862781866220,,88.0,,,
2025-07-31 16:17:00.000,2025-07-31 16:18:04,2062233093829345516,88.13114632655709,,,,
2025-07-31 16:17:04.000,2025-07-31 16:18:04,2062233093829378284,,,,,89.0
2025-07-31 16:17:15.000,2025-07-31 16:18:04,2062233093829411052,,,,,91.0
2025-07-31 16:17:25.000,2025-07-31 16:18:04,2062233093829427436,,,,,90.0
2025-07-31 16:17:35.000,2025-07-31 16:18:04,2062233093829443820,,,,,86.0
2025-07-31 16:17:46.000,2025-07-31 16:19:04,2062233347840606444,,,,,94.0
2025-07-31 16:17:56.000,2025-07-31 16:19:04,2062233347840622828,,,,,84.0
2025-07-31 16:17:57.000,2025-07-31 16:19:04,2062233347840639212,,,87.0,533270.0,
2025-07-31 16:18:01.000,2025-07-31 16:18:03,2062233091279159532,,80.0,,,
2025-07-31 16:18:06.000,2025-07-31 16:19:04,2062233347840688364,,,,,103.0
2025-07-31 16:18:17.000,2025-07-31 16:19:04,2062233347840721132,,,,,93.0
2025-07-31 16:18:27.000,2025-07-31 16:19:04,2062233347840737516,,,,,78.0
2025-07-31 16:18:30.000,2025-07-31 16:19:04,2062233347840753900,78.7748399562928,,,,
2025-07-31 16:18:38.000,2025-07-31 16:19:04,2062233347840770284,,,,,81.0
2025-07-31 16:18:41.000,2025-07-31 16:19:04,2062233347840803052,82.55477291387581,,,,
2025-07-31 16:18:48.000,2025-07-31 16:20:05,2062233601436549356,,,,,90.0
2025-07-31 16:18:53.000,2025-07-31 16:20:05,2062233601436565740,83.63819318834229,,,,
2025-07-31 16:18:57.000,2025-07-31 16:20:05,2062233601436582124,,,87.0,533370.0,
2025-07-31 16:19:02.000,2025-07-31 16:19:03,2062233344678035692,,82.0,,,
2025-07-31 16:19:09.000,2025-07-31 16:20:05,2062233601436647660,,,,,101.0
2025-07-31 16:19:19.000,2025-07-31 16:20:05,2062233601436664044,,,,,94.0
2025-07-31 16:19:30.000,2025-07-31 16:20:05,2062233601436680428,,,,,97.0
2025-07-31 16:19:36.000,2025-07-31 16:20:05,2062233601436696812,94.66315198133184,,,,
2025-07-31 16:19:40.000,2025-07-31 16:20:05,2062233601436729580,,,,,92.0
2025-07-31 16:19:50.000,2025-07-31 16:21:05,2062233855875612908,,,,,78.0
2025-07-31 16:19:58.000,2025-07-31 16:21:05,2062233855875629292,,,87.0,533390.0,
2025-07-31 16:20:01.000,2025-07-31 16:21:05,2062233855875645676,,,,,84.0
2025-07-31 16:20:03.000,2025-07-31 16:20:04,2062233599905677548,,82.0,,,
2025-07-31 16:20:11.000,2025-07-31 16:21:05,2062233855875711212,,,,,105.0
2025-07-31 16:20:22.000,2025-07-31 16:21:05,2062233855875727596,,,,,83.0
2025-07-31 16:20:32.000,2025-07-31 16:21:05,2062233855875743980,,,,,56.0
2025-07-31 16:20:42.000,2025-07-31 16:21:05,2062233855875793132,,,,,74.0
2025-07-31 16:20:51.000,2025-07-31 16:22:06,2062234109945594092,73.39848259428226,,,,
2025-07-31 16:20:53.000,2025-07-31 16:22:06,2062234109970743532,,,,,76.0
2025-07-31 16:20:58.000,2025-07-31 16:22:06,2062234109970759916,,,88.0,533500.0,
2025-07-31 16:21:03.000,2025-07-31 16:22:06,2062234109970776300,,,,,82.0
2025-07-31 16:21:04.000,2025-07-31 16:21:05,2062233856135659756,,88.0,,,
2025-07-31 16:21:13.000,2025-07-31 16:22:06,2062234109970841836,,,,,89.0
2025-07-31 16:21:24.000,2025-07-31 16:22:06,2062234109970858220,,,,,74.0
2025-07-31 16:21:26.000,2025-07-31 16:22:06,2062234109970874604,77.12100353732092,,,,
2025-07-31 16:21:34.000,2025-07-31 16:22:06,2062234109970972908,,,,,77.0
2025-07-31 16:21:36.000,2025-07-31 16:22:06,2062234109970989292,77.27842357720064,,,,
2025-07-31 16:21:44.000,2025-07-31 16:22:06,2062234109971038444,,,,,85.0
2025-07-31 16:21:46.000,2025-07-31 16:23:07,2062234366989304044,80.87500848833548,,,,
2025-07-31 16:21:55.000,2025-07-31 16:23:07,2062234367010291948,,,,,92.0
2025-07-31 16:21:59.000,2025-07-31 16:23:07,2062234367010324716,,,87.0,533590.0,
2025-07-31 16:22:02.000,2025-07-31 16:23:07,2062234367010341100,56.550834326211366,,,,
2025-07-31 16:22:05.000,2025-07-31 16:22:06,2062234111837208812,,91.0,,,
2025-07-31 16:22:05.000,2025-07-31 16:23:07,2062234367010373868,,,,,68.0
2025-07-31 16:22:15.000,2025-07-31 16:23:07,2062234367010455788,,,,,95.0
2025-07-31 16:22:36.000,2025-07-31 16:23:07,2062234367010504940,,,,,85.0
2025-07-31 16:22:47.000,2025-07-31 16:24:07,2062234619108933868,,,,,71.0
2025-07-31 16:22:52.000,2025-07-31 16:24:07,2062234619130446060,66.50718884848784,,,,
2025-07-31 16:22:57.000,2025-07-31 16:24:07,2062234619134083308,,,,,80.0
2025-07-31 16:22:59.000,2025-07-31 16:24:07,2062234619134099692,,,87.0,533660.0,
2025-07-31 16:23:06.000,2025-07-31 16:23:08,2062234372035051756,,80.0,,,
2025-07-31 16:23:07.000,2025-07-31 16:24:07,2062234619134116076,,,,,91.0
2025-07-31 16:23:14.000,2025-07-31 16:24:07,2062234619134181612,83.43817713767154,,,,
2025-07-31 16:23:18.000,2025-07-31 16:24:07,2062234619134197996,,,,,88.0
2025-07-31 16:23:28.000,2025-07-31 16:24:07,2062234619134230764,,,,,80.0
2025-07-31 16:23:38.000,2025-07-31 16:24:07,2062234619134279916,,,,,88.0
2025-07-31 16:23:49.000,2025-07-31 16:25:08,2062234875062124780,,,,,63.0
2025-07-31 16:23:59.000,2025-07-31 16:25:08,2062234875062141164,,,,,82.0
2025-07-31 16:24:00.000,2025-07-31 16:25:08,2062234875062157548,,,87.0,533830.0,
2025-07-31 16:24:03.000,2025-07-31 16:25:08,2062234875062173932,77.29694358189239,,,,
2025-07-31 16:24:07.000,2025-07-31 16:24:08,2062234623202558188,,93.0,,,
2025-07-31 16:24:09.000,2025-07-31 16:25:08,2062234875062190316,,,,,76.0
2025-07-31 16:24:20.000,2025-07-31 16:25:08,2062234875062239468,,,,,86.0
2025-07-31 16:24:24.000,2025-07-31 16:25:08,2062234875062255852,73.15401853235137,,,,
2025-07-31 16:24:30.000,2025-07-31 16:25:08,2062234875062272236,,,,,75.0
2025-07-31 16:24:32.000,2025-07-31 16:25:08,2062234875062288620,77.90810373671962,,,,
2025-07-31 16:24:41.000,2025-07-31 16:25:08,2062234875062305004,,,,,82.0
2025-07-31 16:24:51.000,2025-07-31 16:26:09,2062235131397013740,,,,,77.0
2025-07-31 16:25:00.000,2025-07-31 16:26:09,2062235131397046508,,,87.0,533980.0,
2025-07-31 16:25:01.000,2025-07-31 16:26:09,2062235131397062892,,,,,73.0
2025-07-31 16:25:08.000,2025-07-31 16:25:10,2062234882339258604,,96.0,,,
2025-07-31 16:25:12.000,2025-07-31 16:26:09,2062235131397095660,,,,,49.0
2025-07-31 16:25:22.000,2025-07-31 16:26:09,2062235131397128428,,,,,50.0
2025-07-31 16:25:26.000,2025-07-31 16:26:09,2062235131397144812,52.882021396778754,,,,
2025-07-31 16:25:29.000,2025-07-31 16:26:09,2062235131397161196,53.86358164544068,,,,
2025-07-31 16:25:32.000,2025-07-31 16:26:09,2062235131397177580,,,,,44.0
2025-07-31 16:25:37.000,2025-07-31 16:26:09,2062235131397193964,37.9993456265009,,,,
2025-07-31 16:25:43.000,2025-07-31 16:26:09,2062235131397243116,46.894503879940984,,,,45.0
2025-07-31 16:25:49.000,2025-07-31 16:26:09,2062235131397275884,49.18357645983937,,,,
2025-07-31 16:25:53.000,2025-07-31 16:27:10,2062235387127939308,,,,,42.0
2025-07-31 16:26:00.000,2025-07-31 16:27:10,2062235387127955692,,,87.0,534020.0,
2025-07-31 16:26:03.000,2025-07-31 16:27:10,2062235387127972076,,,,,59.0
2025-07-31 16:26:10.000,2025-07-31 16:26:11,2062235137638138092,,84.0,,,
2025-07-31 16:26:14.000,2025-07-31 16:27:10,2062235387128021228,,,,,45.0
2025-07-31 16:26:21.000,2025-07-31 16:27:10,2062235387128037612,35.150968904912126,,,,
2025-07-31 16:26:24.000,2025-07-31 16:27:10,2062235387128053996,,,,,23.0
2025-07-31 16:26:28.000,2025-07-31 16:27:10,2062235387128086764,36.010297122608605,,,,
2025-07-31 16:26:34.000,2025-07-31 16:27:10,2062235387128185068,,,,,24.0
2025-07-31 16:26:38.000,2025-07-31 16:27:10,2062235387128201452,24.259354145703053,,,,
2025-07-31 16:26:45.000,2025-07-31 16:27:10,2062235387128250604,28.82268330174644,,,,28.0
2025-07-31 16:26:53.000,2025-07-31 16:28:11,2062235642708066540,9.432238389500393,,,,
2025-07-31 16:26:55.000,2025-07-31 16:28:11,2062235642708082924,,,,,1.0
2025-07-31 16:27:00.000,2025-07-31 16:28:11,2062235642708115692,,,87.0,534090.0,
2025-07-31 16:27:06.000,2025-07-31 16:28:11,2062235642708132076,30.89507182675153,,,,32.0
2025-07-31 16:27:11.000,2025-07-31 16:27:12,2062235395113877740,,77.0,,,
2025-07-31 16:27:16.000,2025-07-31 16:28:11,2062235642708197612,,,,,46.0
2025-07-31 16:27:26.000,2025-07-31 16:28:11,2062235642708213996,,,,,37.0
2025-07-31 16:27:36.000,2025-07-31 16:28:11,2062235642708230380,,,,,23.0
2025-07-31 16:27:38.000,2025-07-31 16:28:11,2062235642708246764,20.34792915480872,,,,
2025-07-31 16:27:47.000,2025-07-31 16:28:11,2062235642708295916,,,,,30.000000000000004
2025-07-31 16:27:57.001,2025-07-31 16:29:12,2062235898757562604,,,,,0.0
2025-07-31 16:28:01.000,2025-07-31 16:29:12,2062235898757710060,,,86.0,534140.0,
2025-07-31 16:28:10.000,2025-07-31 16:29:12,2062235898757841132,0.4000321013414657,,,,
2025-07-31 16:28:12.000,2025-07-31 16:28:13,2062235651314548972,,86.0,,,
2025-07-31 16:28:49.000,2025-07-31 16:29:12,2062235898757972204,,,,,13.0
2025-07-31 16:28:59.000,2025-07-31 16:30:13,2062236154660454636,,,,,10.0
2025-07-31 16:29:01.000,2025-07-31 16:30:13,2062236154681360620,,,86.0,534170.0,
2025-07-31 16:29:10.000,2025-07-31 16:30:13,2062236154681409772,,,,,0.0
2025-07-31 16:30:01.000,2025-07-31 16:31:14,2062236410554925292,,,86.0,,
2025-07-31 16:30:52.000,2025-07-31 16:30:57,2062236338140217580,,77.0,,,
2025-07-31 16:31:01.000,2025-07-31 16:32:15,2062236666432585964,,,86.0,,
2025-07-31 16:31:54.000,2025-07-31 16:31:55,2062236581493735660,,77.0,,,
2025-07-31 16:31:55.000,2025-07-31 16:32:15,2062236666432930028,,,,,14.0
2025-07-31 16:32:03.000,2025-07-31 16:33:16,2062236921379176684,18.082932581009587,,86.0,534200.0,
2025-07-31 16:32:06.000,2025-07-31 16:33:16,2062236921400131820,,,,,17.0
2025-07-31 16:32:16.000,2025-07-31 16:33:16,2062236921400148204,,,,,0.0
2025-07-31 16:32:24.000,2025-07-31 16:33:16,2062236921400197356,14.436343657207063,,,,
2025-07-31 16:32:26.000,2025-07-31 16:33:16,2062236921400213740,,,,,23.0
2025-07-31 16:32:37.000,2025-07-31 16:33:16,2062236921400246508,,,,,44.0
2025-07-31 16:32:47.000,2025-07-31 16:33:16,2062236921400262892,,,,,46.0
2025-07-31 16:32:55.000,2025-07-31 16:32:56,2062236836587110636,,82.0,,,
2025-07-31 16:32:57.000,2025-07-31 16:33:53,2062237075788267756,,,,,28.0
2025-07-31 16:33:03.000,2025-07-31 16:33:53,2062237075788284140,,,86.0,534220.0,
2025-07-31 16:33:05.000,2025-07-31 16:33:53,2062237075788300524,18.190348608221647,,,,
2025-07-31 16:33:08.000,2025-07-31 16:33:53,2062237075788316908,,,,,22.0
2025-07-31 16:33:18.000,2025-07-31 16:33:53,2062237075788333292,,,,,1.0
2025-07-31 16:33:28.001,2025-07-31 16:33:53,2062237075788562668,,,,,0.0
2025-07-31 16:34:03.000,2025-07-31 16:34:54,2062237330403541228,,,86.0,,
2025-07-31 16:34:36.000,2025-07-31 16:35:54,2062237585371037932,0.05741201454437702,,,,
2025-07-31 16:35:03.000,2025-07-31 16:35:54,2062237585371119852,,,86.0,,
2025-07-31 16:36:03.000,2025-07-31 16:36:55,2062237839646621932,,,86.0,,
2025-07-31 16:36:54.000,2025-07-31 16:36:55,2062237840363782380,,66.0,,,
2025-07-31 16:36:56.000,2025-07-31 16:38:17,2062238184263139564,,,,,8.0
2025-07-31 16:37:04.000,2025-07-31 16:38:17,2062238184284094700,,,86.0,534230.0,
2025-07-31 16:37:06.000,2025-07-31 16:38:17,2062238184284111084,,,,,18.0
2025-07-31 16:37:07.000,2025-07-31 16:38:17,2062238184284127468,18.9959688123121,,,,
2025-07-31 16:37:17.000,2025-07-31 16:38:17,2062238184284143852,,,,,3.0
2025-07-31 16:37:27.000,2025-07-31 16:38:17,2062238184284209388,,,,,30.000000000000004
2025-07-31 16:37:38.000,2025-07-31 16:38:17,2062238184284242156,,,,,34.0
2025-07-31 16:37:48.000,2025-07-31 16:38:17,2062238184284274924,,,,,44.0
2025-07-31 16:37:56.000,2025-07-31 16:37:57,2062238101715058924,,87.0,,,
2025-07-31 16:37:58.000,2025-07-31 16:39:17,2062238435166404844,,,,,39.0
2025-07-31 16:38:04.000,2025-07-31 16:39:17,2062238435166421228,,,86.0,534290.0,
2025-07-31 16:38:09.000,2025-07-31 16:39:17,2062238435166437612,,,,,54.0
2025-07-31 16:38:19.000,2025-07-31 16:39:17,2062238435166453996,,,,,52.0
2025-07-31 16:38:21.000,2025-07-31 16:39:17,2062238435166470380,53.424657534246585,,,,
2025-07-31 16:38:29.000,2025-07-31 16:39:17,2062238435166486764,,,,,45.0
2025-07-31 16:38:34.000,2025-07-31 16:39:17,2062238435166503148,25.287214406094318,,,,
2025-07-31 16:38:40.000,2025-07-31 16:39:17,2062238435166519532,,,,,33.0
2025-07-31 16:38:41.000,2025-07-31 16:39:17,2062238435166535916,34.96206485705643,,,,
2025-07-31 16:38:50.000,2025-07-31 16:39:17,2062238435166568684,,,,,34.0
2025-07-31 16:38:57.000,2025-07-31 16:39:00,2062238362437157100,,82.0,,,
2025-07-31 16:38:59.000,2025-07-31 16:43:27,2062239483503313132,45.444387512578174,,,,
2025-07-31 16:39:01.000,2025-07-31 16:43:27,2062239483524284652,,,,,56.0
2025-07-31 16:39:05.000,2025-07-31 16:43:27,2062239483524301036,,,86.0,534310.0,
2025-07-31 16:39:11.000,2025-07-31 16:43:27,2062239483524317420,,,,,47.0
2025-07-31 16:39:21.000,2025-07-31 16:43:27,2062239483524333804,,,,,41.0
2025-07-31 16:39:32.000,2025-07-31 16:43:27,2062239483524350188,42.97937488810831,,,,45.0
2025-07-31 16:39:42.000,2025-07-31 16:43:27,2062239483524366572,,,,,53.0
2025-07-31 16:39:53.000,2025-07-31 16:43:27,2062239483524415724,,,,,46.0
2025-07-31 16:40:01.000,2025-07-31 16:43:27,2062239483524432108,47.211195960169654,,,,
2025-07-31 16:40:03.000,2025-07-31 16:43:27,2062239483524448492,,,,,49.0
2025-07-31 16:40:05.000,2025-07-31 16:43:27,2062239483524464876,,,86.0,534360.0,
2025-07-31 16:40:07.000,2025-07-31 16:43:27,2062239483524481260,39.951354121009715,,,,
2025-07-31 16:40:13.000,2025-07-31 16:43:27,2062239483524497644,48.30202423651281,,,,50.0
2025-07-31 16:40:24.000,2025-07-31 16:43:27,2062239483524546796,,,,,3.0
2025-07-31 16:40:34.000,2025-07-31 16:43:27,2062239483524792556,,,,,0.0
2025-07-31 16:40:44.000,2025-07-31 16:43:27,2062239483524907244,,,,,41.0
2025-07-31 16:40:51.000,2025-07-31 16:43:27,2062239483524923628,34.90465284251206,,,,
2025-07-31 16:40:59.000,2025-07-31 16:42:50,2062239326535713004,,84.0,,,
2025-07-31 16:41:05.000,2025-07-31 16:43:27,2062239483525005548,,,,,44.0
2025-07-31 16:41:06.000,2025-07-31 16:43:27,2062239483525021932,,,85.0,534410.0,
2025-07-31 16:41:15.000,2025-07-31 16:43:27,2062239483525054700,,,,,37.0
2025-07-31 16:41:19.000,2025-07-31 16:43:27,2062239483525071084,33.032280368177695,,,,
2025-07-31 16:41:26.000,2025-07-31 16:43:27,2062239483525103852,,,,,15.000000000000002
2025-07-31 16:41:32.000,2025-07-31 16:43:27,2062239483525120236,25.644650496644793,,,,
2025-07-31 16:41:36.000,2025-07-31 16:43:27,2062239483525136620,,,,,27.0
2025-07-31 16:41:46.000,2025-07-31 16:43:27,2062239483525153004,,,,,12.0
2025-07-31 16:41:48.000,2025-07-31 16:43:27,2062239483525169388,8.061758042312038,,,,
2025-07-31 16:41:57.000,2025-07-31 16:43:27,2062239483525284076,,,,,8.0
2025-07-31 16:42:01.000,2025-07-31 16:42:50,2062239329199063276,,88.0,,,
2025-07-31 16:42:06.000,2025-07-31 16:43:27,2062239483525333228,,,85.0,534490.0,
2025-07-31 16:42:07.000,2025-07-31 16:43:27,2062239483525349612,,,,,2.0
2025-07-31 16:42:17.000,2025-07-31 16:43:27,2062239483525365996,,,,,0.0
2025-07-31 16:42:28.000,2025-07-31 16:43:27,2062239483525431532,,,,,4.0
2025-07-31 16:42:38.000,2025-07-31 16:43:27,2062239483525447916,,,,,1.0
2025-07-31 16:42:48.000,2025-07-31 16:43:27,2062239483525464300,,,,,0.0
2025-07-31 16:42:54.001,2025-07-31 16:43:27,2062239483525513452,,,,534500.0,
2025-07-31 16:43:06.000,2025-07-31 16:44:27,2062239737191596268,,,85.0,,
2025-07-31 16:43:18.000,2025-07-31 16:44:27,2062239737212584172,0.0,,,,
2025-07-31 16:44:06.000,2025-07-31 16:44:27,2062239737212764396,,,85.0,,
2025-07-31 16:45:07.000,2025-07-31 16:45:28,2062239990569648364,,,85.0,,
2025-07-31 16:46:07.000,2025-07-31 16:46:28,2062240243192529132,,,85.0,,
2025-07-31 16:47:08.000,2025-07-31 16:48:30,2062240752812966124,,,85.0,,
2025-07-31 16:48:08.000,2025-07-31 16:48:30,2062240752813490412,,,85.0,,
2025-07-31 16:49:08.000,2025-07-31 16:49:30,2062241004827853036,,,85.0,,
2025-07-31 16:50:09.000,2025-07-31 16:50:31,2062241262169374956,,,85.0,,
2025-08-01 16:50:51.000,2025-08-01 16:51:47,2062603970609758444,,,85.0,,
2025-08-01 16:51:52.000,2025-08-01 18:02:43,2062621821441687788,,,85.0,,
2025-08-01 18:01:50.000,2025-08-01 18:02:43,2062621821441720556,,,85.0,,
2025-08-01 18:02:51.000,2025-08-01 18:03:44,2062622077201989868,,,85.0,,
2025-08-01 18:03:00.000,2025-08-01 18:03:44,2062622077202039020,0.077784019705285,,,,
2025-08-01 18:03:51.000,2025-08-01 18:04:45,2062622332479897836,,,85.0,,
2025-08-01 18:04:51.000,2025-08-01 18:05:46,2062622588198240492,,,85.0,,
2025-08-01 18:05:52.000,2025-08-01 18:06:47,2062622842922631404,,,85.0,,
2025-08-01 18:06:52.000,2025-08-01 18:07:21,2062622984438366444,,,85.0,,
2025-08-02 10:03:29.000,2025-08-02 10:05:03,2062864000403636460,,,85.0,,
2025-08-02 10:03:47.000,2025-08-02 10:05:03,2062864000403751148,25.702062511189173,,,,
2025-08-02 10:03:57.000,2025-08-02 10:03:58,2062863727778070764,,82.0,,,
2025-08-02 10:04:00.000,2025-08-02 10:05:03,2062864000403964140,,,,,12.0
2025-08-02 10:04:03.000,2025-08-02 10:05:03,2062864000403980524,10.217486588429939,,,,
2025-08-02 10:04:11.000,2025-08-02 10:05:03,2062864000403996908,,,,,10.0
2025-08-02 10:04:21.000,2025-08-02 10:05:03,2062864000404046060,,,,,3.0
2025-08-02 10:04:30.000,2025-08-02 10:05:03,2062864000404078828,,,85.0,534530.0,
2025-08-02 10:04:41.000,2025-08-02 10:05:03,2062864000404111596,,,,,0.0
2025-08-02 10:04:51.000,2025-08-02 10:05:27,2062864100882727148,,,,,1.0
2025-08-02 10:05:02.000,2025-08-02 10:05:27,2062864100882841836,,,,,0.0
2025-08-02 10:05:31.000,2025-08-02 10:06:28,2062864357145985260,,,85.0,,
2025-08-02 10:06:31.000,2025-08-02 10:07:32,2062864624184738028,,,85.0,,
2025-08-02 10:07:31.000,2025-08-02 10:08:30,2062864866720366828,,,85.0,,
2025-08-02 10:08:32.000,2025-08-02 10:09:30,2062865120735805676,,,85.0,,
2025-08-02 10:09:04.000,2025-08-02 10:09:30,2062865120735903980,0.0,,,,
2025-08-02 10:09:32.000,2025-08-02 10:10:32,2062865377469169900,,,85.0,,
2025-08-02 10:10:33.000,2025-08-02 10:11:32,2062865630763237612,,,85.0,,
2025-08-02 10:12:50.000,2025-08-02 10:13:54,2062866224869785836,,,85.0,534530.0,0.0
2025-08-02 10:12:59.000,2025-08-02 10:13:54,2062866224869851372,0.0,,,,
2025-08-02 10:13:52.000,2025-08-02 10:14:54,2062866479371550956,,,85.0,,
2025-08-02 10:14:52.000,2025-08-02 10:15:55,2062866734624293100,,,85.0,,
2025-08-02 10:15:52.000,2025-08-02 10:16:56,2062866989034012908,,,85.0,,
2025-08-02 10:16:53.000,2025-08-02 10:17:57,2062867244098044140,,,85.0,,
2025-08-02 10:17:53.000,2025-08-02 10:18:58,2062867499384324332,,,85.0,,
2025-08-02 10:19:09.000,2025-08-03 10:20:09,2063230186198958316,,,85.0,,
2025-08-03 10:19:19.000,2025-08-03 10:20:11,2063230196676296940,,,85.0,,
2025-08-03 19:16:24.000,2025-08-03 19:19:40,2063365960659648748,,,85.0,,
2025-08-03 19:17:24.000,2025-08-03 19:19:40,2063365960659845356,,,85.0,,
2025-08-03 19:18:24.000,2025-08-03 19:19:40,2063365960659992812,,,85.0,,
2025-08-03 19:19:25.000,2025-08-03 19:20:41,2063366215337787628,,,85.0,,
2025-08-03 19:20:25.000,2025-08-03 19:21:41,2063366470221431020,,,85.0,,
2025-08-03 19:21:25.000,2025-08-03 19:21:49,2063366502744735980,,,85.0,,
2025-08-04 09:36:32.000,2025-08-04 09:37:28,2063581832544256236,,,85.0,,
2025-08-04 09:37:33.000,2025-08-04 09:38:29,2063582087725809900,,,85.0,,
2025-08-04 09:38:13.000,2025-08-04 09:39:30,2063582342900449516,0.0814880206436319,,,,
2025-08-04 09:38:33.000,2025-08-04 09:39:30,2063582342900498668,,,85.0,,
2025-08-04 09:39:33.000,2025-08-04 09:40:30,2063582598105415916,,,85.0,,
2025-08-04 09:40:34.000,2025-08-04 09:41:31,2063582853035245804,,,85.0,,
2025-08-04 09:41:34.000,2025-08-04 09:41:59,2063582968361828588,,,85.0,,
2025-08-05 09:42:08.000,2025-08-05 09:43:00,2063945614915272940,,,85.0,,
2025-08-05 09:43:08.000,2025-08-06 09:44:12,2064308304774955244,0.0,,85.0,,
2025-08-06 09:43:17.000,2025-08-06 09:44:14,2064308311594893548,,,85.0,,
2025-08-07 09:44:25.000,2025-08-07 09:45:21,2064670982148194540,,,85.0,,
2025-08-07 09:45:25.000,2025-08-10 09:46:27,2065758419549159660,,,85.0,,
2025-08-10 09:45:34.000,2025-08-10 09:46:28,2065758426461372652,,,85.0,,
2025-08-10 09:46:35.000,2025-08-11 09:07:02,2066110887713833196,,,85.0,,
2025-08-11 09:06:11.000,2025-08-11 09:07:04,2066110899382403308,,,85.0,,
2025-08-11 09:07:13.000,2025-08-11 09:08:08,2066111167843467500,,,85.0,,
2025-08-11 09:08:13.000,2025-08-11 09:09:09,2066111422219993324,,,85.0,,
2025-08-11 09:09:13.000,2025-08-11 09:10:11,2066111682103197932,,,85.0,,
2025-08-11 09:10:14.000,2025-08-11 09:11:12,2066111939788636396,,,85.0,,
2025-08-11 09:11:14.000,2025-08-11 09:12:14,2066112197159502060,,,85.0,,
2025-08-11 09:12:14.000,2025-08-11 09:13:00,2066112390521028844,,,85.0,,
2025-08-12 09:13:09.000,2025-08-12 09:14:05,2066475052802506988,,,85.0,,
2025-08-13 09:14:16.000,2025-08-13 09:15:12,2066837720063279340,,,85.0,,
2025-08-13 09:16:26.000,2025-08-13 09:17:30,2066838298751467756,,,85.0,534530.0,0.0
2025-08-13 09:17:27.000,2025-08-13 09:19:57,2066838914722693356,,,85.0,,
2025-08-13 09:18:28.000,2025-08-13 09:19:57,2066838914722824428,,,85.0,,
2025-08-13 09:19:28.000,2025-08-13 09:19:57,2066838914722955500,,,85.0,,
2025-08-13 09:20:28.000,2025-08-13 09:20:58,2066839169967145196,,,85.0,,
2025-08-13 09:21:29.000,2025-08-13 09:21:59,2066839425505165548,,,85.0,,
2025-08-13 09:21:37.000,2025-08-13 09:21:59,2066839425505181932,0.0,,,,
2025-08-13 09:22:45.000,2025-08-14 09:23:51,2067202284428722412,,,85.0,,
2025-08-14 09:22:56.000,2025-08-14 09:23:53,2067202294922887404,,,85.0,,
2025-08-14 09:23:56.000,2025-08-15 09:24:59,2067564959172149484,,,85.0,,
2025-08-15 09:24:04.000,2025-08-15 09:25:01,2067564966210175212,,,85.0,,
2025-08-16 09:25:11.000,2025-08-16 09:26:03,2067927615406080236,,,85.0,,
2025-08-17 06:40:41.000,2025-08-17 06:41:35,2068248613191942380,,,85.0,,
2025-08-17 06:41:42.000,2025-08-17 06:42:36,2068248867966599404,,,85.0,,
2025-08-17 06:42:42.000,2025-08-17 06:43:58,2068249212990030060,,,85.0,,
2025-08-17 06:43:43.000,2025-08-17 06:44:37,2068249377578729708,,,85.0,,
2025-08-17 06:44:43.000,2025-08-17 06:45:38,2068249632919568620,,,85.0,,
2025-08-17 06:45:44.000,2025-08-17 06:46:39,2068249888193315052,,,85.0,,
2025-08-17 06:45:51.000,2025-08-17 06:46:39,2068249888193331436,0.08334002111280536,,,,
2025-08-17 06:46:44.000,2025-08-17 06:47:22,2068250067713687788,,,85.0,,
2025-08-18 06:47:32.000,2025-08-18 06:48:24,2068612716083347692,,,85.0,,
2025-08-19 06:48:37.000,2025-08-19 06:49:29,2068975375412625644,,,85.0,,
2025-08-20 06:49:43.000,2025-08-20 06:50:34,2069338038546202860,,,85.0,,
2025-08-20 06:50:43.000,2025-08-20 09:20:34,2069375786057466092,0.0,,85.0,,
2025-08-20 09:19:43.000,2025-08-20 09:20:34,2069375786057515244,,,85.0,,
2025-08-20 09:20:03.000,2025-08-20 09:20:34,2069375786057793772,,,,,7.0
2025-08-20 09:20:05.000,2025-08-20 09:20:06,2069375668155580652,,81.0,,,
2025-08-20 09:20:14.000,2025-08-20 09:20:34,2069375786057826540,,,,,5.0
2025-08-20 09:20:24.000,2025-08-20 09:21:35,2069376042031644908,8.278442097205332,,,,8.0
2025-08-20 09:20:44.000,2025-08-20 09:21:35,2069376042031808748,,,84.0,534580.0,
2025-08-20 09:20:45.000,2025-08-20 09:21:35,2069376042031825132,,,,,13.0
2025-08-20 09:21:01.000,2025-08-20 09:21:35,2069376042031956204,15.721631982813438,,,,
2025-08-20 09:21:05.000,2025-08-20 09:21:35,2069376042031988972,,,,,20.0
2025-08-20 09:21:26.000,2025-08-20 09:23:37,2069376554009444588,,,,,48.0
2025-08-20 09:21:41.000,2025-08-20 09:21:43,2069376073245655276,,90.0,,,
2025-08-20 09:21:44.000,2025-08-20 09:23:37,2069376554009690348,,,84.0,534600.0,
2025-08-20 09:21:46.000,2025-08-20 09:23:37,2069376554009755884,,,,,41.0
2025-08-20 09:22:07.000,2025-08-20 09:23:37,2069376554009805036,,,,,35.0
2025-08-20 09:22:12.000,2025-08-20 09:23:37,2069376554009821420,41.22182644286271,,,,
2025-08-20 09:22:17.000,2025-08-20 09:23:37,2069376554009854188,,,,,43.0
2025-08-20 09:22:28.000,2025-08-20 09:23:37,2069376554009870572,49.65954058041695,,,,46.0
2025-08-20 09:22:38.000,2025-08-20 09:23:37,2069376554009886956,,,,,51.0
2025-08-20 09:22:43.000,2025-08-20 09:22:54,2069376373243248876,,70.0,,,
2025-08-20 09:22:44.000,2025-08-20 09:23:37,2069376554009903340,,,84.0,534630.0,
2025-08-20 09:22:48.000,2025-08-20 09:23:37,2069376554009936108,,,,,35.0
2025-08-20 09:22:59.000,2025-08-20 09:23:37,2069376554009952492,,,,,46.0
2025-08-20 09:23:01.000,2025-08-20 09:23:37,2069376554009968876,47.74272009482243,,,,
2025-08-20 09:23:09.000,2025-08-20 09:23:37,2069376554009985260,,,,,50.0
2025-08-20 09:23:20.000,2025-08-20 09:24:38,2069376808154841324,,,,,49.0
2025-08-20 09:23:26.000,2025-08-20 09:24:38,2069376808159019244,41.32739046960559,,,,
2025-08-20 09:23:30.000,2025-08-20 09:24:38,2069376808159035628,,,,,41.0
2025-08-20 09:23:40.000,2025-08-20 09:24:38,2069376808159052012,16.97358429997469,,,,10.0
2025-08-20 09:23:44.000,2025-08-20 09:23:45,2069376587425382636,,85.0,,,
2025-08-20 09:23:44.000,2025-08-20 09:24:38,2069376808159068396,,,84.0,534700.0,
2025-08-20 09:23:51.000,2025-08-20 09:24:38,2069376808159215852,,,,,19.0
2025-08-20 09:23:53.000,2025-08-20 09:24:38,2069376808159248620,40.412502237833905,,,,
2025-08-20 09:24:01.000,2025-08-20 09:24:38,2069376808159265004,,,,,50.0
2025-08-20 09:24:06.000,2025-08-20 09:24:38,2069376808159281388,48.38906825856396,,,,
2025-08-20 09:24:11.000,2025-08-20 09:24:38,2069376808159297772,,,,,48.0
2025-08-20 09:24:22.000,2025-08-20 09:25:38,2069377059175530732,,,,,37.0
2025-08-20 09:24:32.000,2025-08-20 09:25:38,2069377059175547116,,,,,28.0
2025-08-20 09:24:42.000,2025-08-20 09:25:38,2069377059175563500,,,,,34.0
2025-08-20 09:24:45.000,2025-08-20 09:25:38,2069377059175596268,,,84.0,534750.0,
2025-08-20 09:24:46.000,2025-08-20 09:24:47,2069376848327885036,,87.0,,,
2025-08-20 09:24:53.000,2025-08-20 09:25:38,2069377059175645420,,,,,27.0
2025-08-20 09:25:03.000,2025-08-20 09:25:38,2069377059175661804,,,,,22.0
2025-08-20 09:25:14.000,2025-08-20 09:25:38,2069377059175678188,,,,,17.0
2025-08-20 09:25:24.000,2025-08-20 09:26:38,2069377313870446828,,,,,22.0
2025-08-20 09:25:33.000,2025-08-20 09:26:38,2069377313870463212,23.487069950057723,,,,
2025-08-20 09:25:34.000,2025-08-20 09:26:38,2069377313870479596,,,,,23.0
2025-08-20 09:25:45.000,2025-08-20 09:26:38,2069377313870495980,,,84.0,534760.0,20.0
2025-08-20 09:25:47.000,2025-08-20 09:26:38,2069377313870512364,14.38819164500855,,,,
2025-08-20 09:25:48.000,2025-08-20 09:25:49,2069377105505812716,,88.0,,,
2025-08-20 09:25:55.000,2025-08-20 09:26:38,2069377313870659820,,,,,8.0
2025-08-20 09:26:06.000,2025-08-20 09:26:38,2069377313870676204,,,,,33.0
2025-08-20 09:26:16.000,2025-08-20 09:26:38,2069377313870692588,,,,,37.0
2025-08-20 09:26:26.000,2025-08-20 09:27:40,2069377572101161196,39.56243402248329,,,,41.0
2025-08-20 09:26:37.000,2025-08-20 09:27:40,2069377572105421036,,,,,42.0
2025-08-20 09:26:46.000,2025-08-20 09:27:40,2069377572105470188,,,84.0,534780.0,
2025-08-20 09:26:47.000,2025-08-20 09:27:40,2069377572105486572,38.366041719397245,,,,40.0
2025-08-20 09:26:49.000,2025-08-20 09:26:50,2069377360859234540,,87.0,,,
2025-08-20 09:26:57.000,2025-08-20 09:27:40,2069377572105535724,,,,,39.0
2025-08-20 09:27:00.000,2025-08-20 09:27:40,2069377572105552108,35.48618098983252,,,,
2025-08-20 09:27:08.000,2025-08-20 09:27:40,2069377572105568492,,,,,46.0
2025-08-20 09:27:09.000,2025-08-20 09:27:40,2069377572105584876,49.05764042793558,,,,
2025-08-20 09:27:18.000,2025-08-20 09:27:40,2069377572105601260,,,,,66.0
2025-08-20 09:27:28.000,2025-08-20 09:28:40,2069377823767806188,,,,,69.0
2025-08-20 09:27:39.000,2025-08-20 09:28:40,2069377823767822572,,,,,71.0
2025-08-20 09:27:46.000,2025-08-20 09:28:40,2069377823767838956,,,84.0,534810.0,
2025-08-20 09:27:49.000,2025-08-20 09:28:40,2069377823767871724,,,,,60.99999999999999
2025-08-20 09:27:50.000,2025-08-20 09:27:50,2069377616443343084,,80.0,,,
2025-08-20 09:27:54.000,2025-08-20 09:28:40,2069377823767904492,62.53094384117245,,,,
2025-08-20 09:27:59.000,2025-08-20 09:28:40,2069377823768019180,,,,,67.0
2025-08-20 09:28:10.000,2025-08-20 09:28:40,2069377823768035564,,,,,72.0
2025-08-20 09:28:30.000,2025-08-20 09:29:41,2069378079301583084,72.10578626679919,,,,
2025-08-20 09:28:41.000,2025-08-20 09:29:41,2069378079301615852,,,,,75.0
2025-08-20 09:28:46.000,2025-08-20 09:29:41,2069378079301632236,,,84.0,534910.0,
2025-08-20 09:28:51.000,2025-08-20 09:28:52,2069377874330124524,,87.0,,,
2025-08-20 09:28:51.000,2025-08-20 09:29:41,2069378079301665004,,,,,77.0
2025-08-20 09:29:02.000,2025-08-20 09:29:41,2069378079301714156,,,,,76.0
2025-08-20 09:29:12.000,2025-08-20 09:29:41,2069378079301730540,,,,,69.0
2025-08-20 09:29:22.000,2025-08-20 09:30:43,2069378338417279212,,,,,63.0
2025-08-20 09:29:33.000,2025-08-20 09:30:43,2069378338417295596,,,,,71.0
2025-08-20 09:29:43.000,2025-08-20 09:30:43,2069378338417311980,,,,,79.0
2025-08-20 09:29:46.000,2025-08-20 09:30:43,2069378338417344748,,,84.0,534960.0,
2025-08-20 09:29:52.000,2025-08-20 09:29:53,2069378131835224300,,84.0,,,
2025-08-20 09:29:54.000,2025-08-20 09:30:43,2069378338417377516,,,,,84.0
2025-08-20 09:30:01.000,2025-08-20 09:30:43,2069378338417492204,80.43608437714138,,,,
2025-08-20 09:30:04.000,2025-08-20 09:30:43,2069378338417524972,,,,,80.0
2025-08-20 09:30:14.000,2025-08-20 09:30:43,2069378338417639660,,,,,79.0
2025-08-20 09:30:17.000,2025-08-20 09:30:43,2069378338417688812,82.90109700161125,,,,
2025-08-20 09:30:20.000,2025-08-20 09:30:21,2069378249980379372,,80.0,,,
2025-08-20 09:30:24.000,2025-08-20 09:31:42,2069378589190521068,,,,,86.0
2025-08-20 09:30:45.000,2025-08-20 09:31:42,2069378589190553836,,,,,85.0
2025-08-20 09:30:47.000,2025-08-20 09:31:42,2069378589190570220,,,84.0,535120.0,
2025-08-20 09:31:06.000,2025-08-20 09:31:42,2069378589190619372,,,,,82.0
2025-08-20 09:31:22.000,2025-08-20 09:31:23,2069378506713727212,,85.0,,,
2025-08-20 09:31:27.000,2025-08-20 09:32:43,2069378844833349868,,,,,80.0
2025-08-20 09:31:37.000,2025-08-20 09:32:43,2069378844833366252,,,,,75.0
2025-08-20 09:31:48.000,2025-08-20 09:32:43,2069378844833382636,73.63739065480564,,83.0,535210.0,
2025-08-20 09:31:58.000,2025-08-20 09:32:43,2069378844833415404,,,,,80.0
2025-08-20 09:32:08.000,2025-08-20 09:32:43,2069378844833431788,,,,,83.0
2025-08-20 09:32:19.000,2025-08-20 09:32:43,2069378844833448172,,,,,80.0
2025-08-20 09:32:23.000,2025-08-20 09:32:24,2069378765602947308,,85.0,,,
2025-08-20 09:32:29.000,2025-08-20 09:33:44,2069379100606234860,,,,,76.0
2025-08-20 09:32:40.000,2025-08-20 09:33:44,2069379100606251244,,,,,78.0
2025-08-20 09:32:48.000,2025-08-20 09:33:44,2069379100606267628,,,83.0,535260.0,
2025-08-20 09:32:50.000,2025-08-20 09:33:44,2069379100606284012,,,,,73.0
2025-08-20 09:33:00.000,2025-08-20 09:33:44,2069379100606316780,,,,,69.0
2025-08-20 09:33:11.000,2025-08-20 09:33:44,2069379100606333164,,,,,68.0
2025-08-20 09:33:18.000,2025-08-20 09:33:44,2069379100606349548,64.45887632958201,,,,
2025-08-20 09:33:21.000,2025-08-20 09:33:44,2069379100606365932,,,,,64.0
2025-08-20 09:33:25.000,2025-08-20 09:33:26,2069379023712026860,,87.0,,,
2025-08-20 09:33:32.000,2025-08-20 09:34:43,2069379346350489836,,,,,43.0
2025-08-20 09:33:42.000,2025-08-20 09:34:43,2069379346350506220,,,,,28.0
2025-08-20 09:33:48.000,2025-08-20 09:34:43,2069379346350522604,,,84.0,,
2025-08-20 09:33:52.000,2025-08-20 09:34:43,2069379346350555372,0.6352361609264943,,,,3.0
2025-08-20 09:34:03.000,2025-08-20 09:34:43,2069379346350588140,,,,,0.0
2025-08-20 09:34:49.000,2025-08-20 09:35:43,2069379596612059372,,,84.0,,
2025-08-20 09:35:24.000,2025-08-20 09:36:43,2069379851613110508,0.2500200633384161,,,,
2025-08-20 09:35:50.000,2025-08-20 09:36:43,2069379851613176044,,,84.0,,
2025-08-20 09:36:50.000,2025-08-20 09:37:44,2069380106953998572,,,84.0,,
2025-08-20 09:37:50.000,2025-08-20 09:38:45,2069380362974298348,,,84.0,,
2025-08-20 09:38:51.000,2025-08-20 09:39:47,2069380620504563948,,,84.0,,
2025-08-20 09:39:51.000,2025-08-20 09:40:38,2069380838117687532,,,84.0,,
2025-08-20 15:03:05.000,2025-08-20 15:03:57,2069462203202846956,,,84.0,,
2025-08-20 15:03:33.000,2025-08-20 15:03:35,2069462108990341356,,82.0,,,
2025-08-20 15:03:36.000,2025-08-20 15:03:57,2069462203207237868,,,,,1.0
2025-08-20 15:03:46.000,2025-08-20 15:04:19,2069462293464383724,,,,,0.0
2025-08-20 15:03:52.002,2025-08-20 15:04:19,2069462293464563948,,,,535270.0,
2025-08-20 15:04:05.000,2025-08-20 15:05:31,2069462594036465900,,,84.0,,
2025-08-20 15:05:06.000,2025-08-20 15:06:20,2069462802656919788,,,84.0,,
2025-08-20 15:06:06.000,2025-08-20 15:07:21,2069463057855168748,,,84.0,,
2025-08-20 15:07:07.000,2025-08-20 15:08:22,2069463313699324140,,,84.0,,
2025-08-20 15:08:07.000,2025-08-20 15:09:23,2069463569136632044,,,84.0,,
2025-08-20 15:09:07.000,2025-08-20 15:10:20,2069463808652345580,,,84.0,,
2025-08-20 15:10:21.000,2025-08-20 15:57:57,2069475792596795628,,,84.0,,
2025-08-20 15:57:02.000,2025-08-20 15:57:57,2069475792638722284,,,84.0,,
2025-08-20 15:57:30.000,2025-08-20 15:57:32,2069475684354359532,,87.0,,,
2025-08-20 15:58:01.000,2025-08-20 15:58:28,2069475921542660332,,,,535280.0,
2025-08-20 15:58:03.000,2025-08-20 15:58:28,2069475921542725868,,,84.0,,
2025-08-20 15:59:03.000,2025-08-20 15:59:43,2069476234890395884,,,84.0,,
2025-08-20 16:00:04.000,2025-08-20 16:00:29,2069476427413192940,,,84.0,,
2025-08-20 16:01:04.000,2025-08-20 16:01:30,2069476682502340844,,,84.0,,
2025-08-20 16:02:04.000,2025-08-20 16:02:30,2069476937767698668,,,84.0,,
2025-08-20 16:03:05.000,2025-08-20 16:03:31,2069477192844329196,,,84.0,,
2025-08-20 16:04:05.000,2025-08-20 16:04:29,2069477435447050476,,,84.0,,
2025-08-20 16:05:33.000,2025-08-20 16:06:37,2069477971864879340,,,84.0,535280.0,0.0
2025-08-20 16:06:34.000,2025-08-20 16:07:37,2069478222772322540,,,84.0,,
2025-08-20 16:07:35.000,2025-08-20 16:08:38,2069478477781827820,,,84.0,,
2025-08-20 16:08:35.000,2025-08-20 16:09:38,2069478732879380716,,,84.0,,
2025-08-20 16:09:36.000,2025-08-20 16:10:39,2069478988237013228,,,84.0,,
2025-08-20 16:10:36.000,2025-08-20 16:11:40,2069479243854676204,,,84.0,,
2025-08-20 16:10:42.000,2025-08-20 16:11:40,2069479243854692588,0.0,,,,
2025-08-20 16:11:51.000,2025-08-21 09:07:31,2069734889619456236,,,84.0,,
2025-08-21 09:06:36.000,2025-08-21 09:07:35,2069734904463098092,,,84.0,,
2025-08-21 09:06:56.000,2025-08-21 09:07:35,2069734904471666924,,,,,9.0
2025-08-21 09:07:04.000,2025-08-21 09:07:06,2069734782903795948,,72.0,,,
2025-08-21 09:07:17.000,2025-08-21 09:08:35,2069735156658209004,,,,,66.0
2025-08-21 09:07:18.000,2025-08-21 09:08:35,2069735156666597612,65.10707649379272,,,,
2025-08-21 09:07:28.000,2025-08-21 09:08:35,2069735156666646764,,,,,82.0
2025-08-21 09:07:36.000,2025-08-21 09:08:35,2069735156666663148,,,84.0,535350.0,
2025-08-21 09:07:38.000,2025-08-21 09:08:35,2069735156666695916,81.47135263940935,,,,
2025-08-21 09:07:49.000,2025-08-21 09:08:35,2069735156666712300,,,,,87.0
2025-08-21 09:07:59.000,2025-08-21 09:08:35,2069735156666728684,,,,,86.0
2025-08-21 09:08:07.000,2025-08-21 09:08:08,2069735046389956844,,78.0,,,
2025-08-21 09:08:09.000,2025-08-21 09:08:35,2069735156666777836,,,,,85.0
2025-08-21 09:08:20.000,2025-08-21 09:09:50,2069735470643822828,,,,,84.0
2025-08-21 09:08:30.000,2025-08-21 09:09:50,2069735470652211436,,,,,77.0
2025-08-21 09:08:36.000,2025-08-21 09:09:50,2069735470652227820,,,83.0,535550.0,
2025-08-21 09:08:41.000,2025-08-21 09:09:50,2069735470652260588,,,,,73.0
2025-08-21 09:09:01.000,2025-08-21 09:09:50,2069735470652293356,,,,,85.0
2025-08-21 09:09:10.000,2025-08-21 09:09:49,2069735467795874028,,81.0,,,
2025-08-21 09:09:10.000,2025-08-21 09:09:50,2069735470652326124,79.81566421996827,,,,
2025-08-21 09:09:12.000,2025-08-21 09:09:50,2069735470652358892,,,,,80.0
2025-08-21 09:09:22.000,2025-08-21 09:10:37,2069735668271022316,,,,,81.0
2025-08-21 09:09:33.000,2025-08-21 09:10:37,2069735668279410924,,,,,80.0
2025-08-21 09:09:37.000,2025-08-21 09:10:37,2069735668279427308,,,83.0,535640.0,
2025-08-21 09:09:43.000,2025-08-21 09:10:37,2069735668279460076,,,,,79.0
2025-08-21 09:09:53.000,2025-08-21 09:10:37,2069735668279476460,,,,,48.0
2025-08-21 09:10:04.000,2025-08-21 09:10:37,2069735668279492844,,,,,22.0
2025-08-21 09:10:12.000,2025-08-21 09:10:13,2069735568413032684,,76.0,,,
2025-08-21 09:10:14.000,2025-08-21 09:10:37,2069735668279541996,,,,,51.0
2025-08-21 09:10:24.000,2025-08-21 09:11:38,2069735923783827692,,,,,76.0
2025-08-21 09:10:35.000,2025-08-21 09:11:38,2069735923792216300,,,,,79.0
2025-08-21 09:10:37.000,2025-08-21 09:11:38,2069735923792232684,,,83.0,535700.0,
2025-08-21 09:10:41.000,2025-08-21 09:11:38,2069735923792265452,77.27101557532394,,,,
2025-08-21 09:10:45.000,2025-08-21 09:11:38,2069735923792281836,,,,,80.0
2025-08-21 09:10:56.000,2025-08-21 09:11:38,2069735923792298220,,,,,84.0
2025-08-21 09:11:06.000,2025-08-21 09:11:38,2069735923792314604,,,,,82.0
2025-08-21 09:11:14.000,2025-08-21 09:11:15,2069735827612647660,,81.0,,,
2025-08-21 09:11:16.000,2025-08-21 09:11:38,2069735923792363756,,,,,80.0
2025-08-21 09:11:27.000,2025-08-21 09:12:38,2069736178742984940,,,,,67.0
2025-08-21 09:11:37.000,2025-08-21 09:12:38,2069736178751389932,,,83.0,535710.0,72.0
2025-08-21 09:11:48.000,2025-08-21 09:12:38,2069736178751422700,,,,,86.0
2025-08-21 09:11:58.000,2025-08-21 09:12:38,2069736178751439084,,,,,89.0
2025-08-21 09:12:09.000,2025-08-21 09:12:38,2069736178751553772,,,,,87.0
2025-08-21 09:12:12.000,2025-08-21 09:12:38,2069736178751570156,87.35145412903505,,,,
2025-08-21 09:12:16.000,2025-08-21 09:12:17,2069736088045355244,,85.0,,,
2025-08-21 09:12:19.000,2025-08-21 09:13:39,2069736433949606124,,,,,86.0
2025-08-21 09:12:26.000,2025-08-21 09:13:39,2069736433957994732,83.79190922728367,,,,
2025-08-21 09:12:38.000,2025-08-21 09:13:39,2069736433958027500,,,83.0,535870.0,
2025-08-21 09:12:40.000,2025-08-21 09:13:39,2069736433958060268,,,,,82.0
2025-08-21 09:12:50.000,2025-08-21 09:13:39,2069736433958076652,,,,,65.0
2025-08-21 09:12:51.000,2025-08-21 09:13:39,2069736433958093036,63.62362411798478,,,,
2025-08-21 09:13:00.000,2025-08-21 09:13:39,2069736433958109420,,,,,81.0
2025-08-21 09:13:11.000,2025-08-21 09:13:39,2069736433958142188,,,,,85.0
2025-08-21 09:13:18.000,2025-08-21 09:13:19,2069736350105469164,,82.0,,,
2025-08-21 09:13:21.000,2025-08-21 09:14:45,2069736711499284716,,,,,79.0
2025-08-21 09:13:30.000,2025-08-21 09:14:45,2069736711499301100,47.90199213517134,,,,
2025-08-21 09:13:32.000,2025-08-21 09:14:45,2069736711499317484,,,,,45.0
2025-08-21 09:13:35.000,2025-08-21 09:14:45,2069736711499333868,46.36853574669572,,,,
2025-08-21 09:13:38.000,2025-08-21 09:14:45,2069736711499350252,,,83.0,535970.0,
2025-08-21 09:13:42.000,2025-08-21 09:14:45,2069736711499383020,,,,,47.0
2025-08-21 09:13:43.000,2025-08-21 09:14:45,2069736711499399404,44.833227357750935,,,,
2025-08-21 09:13:47.000,2025-08-21 09:14:45,2069736711499415788,44.129467179465024,,,,
2025-08-21 09:13:52.000,2025-08-21 09:14:45,2069736711499432172,,,,,49.0
2025-08-21 09:13:56.000,2025-08-21 09:14:45,2069736711499448556,50.30588874415849,,,,
2025-08-21 09:14:02.000,2025-08-21 09:14:45,2069736711499464940,47.77790810373671,,,,
2025-08-21 09:14:07.000,2025-08-21 09:14:45,2069736711499497708,45.01842740466828,,,,
2025-08-21 09:14:13.000,2025-08-21 09:14:45,2069736711499530476,,,,,25.0
2025-08-21 09:14:19.000,2025-08-21 09:14:45,2069736711499546860,32.184064153296255,,,,
2025-08-21 09:14:21.000,2025-08-21 09:14:22,2069736613478416620,,85.0,,,
2025-08-21 09:14:24.000,2025-08-21 09:15:41,2069736946631999724,,,,,33.0
2025-08-21 09:14:34.000,2025-08-21 09:15:41,2069736946632016108,,,,,24.0
2025-08-21 09:14:38.000,2025-08-21 09:15:41,2069736946632032492,,,83.0,536030.0,
2025-08-21 09:14:45.000,2025-08-21 09:15:41,2069736946632065260,,,,,20.0
2025-08-21 09:14:55.000,2025-08-21 09:15:41,2069736946632081644,,,,,16.0
2025-08-21 09:15:05.000,2025-08-21 09:15:41,2069736946632098028,,,,,23.0
2025-08-21 09:15:16.000,2025-08-21 09:15:41,2069736946632130796,,,,,27.0
2025-08-21 09:15:22.000,2025-08-21 09:15:35,2069736918957949164,,75.0,,,
2025-08-21 09:15:26.000,2025-08-21 09:16:42,2069737202656493804,,,,,38.0
2025-08-21 09:15:37.000,2025-08-21 09:16:42,2069737202656510188,,,,,35.0
2025-08-21 09:15:39.000,2025-08-21 09:16:42,2069737202656526572,,,83.0,536050.0,
2025-08-21 09:15:47.000,2025-08-21 09:16:42,2069737202656559340,,,,,37.0
2025-08-21 09:15:50.000,2025-08-21 09:16:42,2069737202656575724,40.20878218622482,,,,
2025-08-21 09:15:57.000,2025-08-21 09:16:42,2069737202656592108,,,,,53.0
2025-08-21 09:16:04.000,2025-08-21 09:16:42,2069737202656608492,47.226011963923035,,,,
2025-08-21 09:16:08.000,2025-08-21 09:16:42,2069737202656624876,,,,,54.0
2025-08-21 09:16:18.000,2025-08-21 09:16:42,2069737202656657644,,,,,36.0
2025-08-21 09:16:22.000,2025-08-21 09:16:42,2069737202656674028,25.055714347447637,,,,
2025-08-21 09:16:23.000,2025-08-21 09:16:24,2069737123455434988,,72.0,,,
2025-08-21 09:16:29.000,2025-08-21 09:17:45,2069737465727451372,,,,,37.0
2025-08-21 09:16:39.000,2025-08-21 09:17:45,2069737465727484140,,,83.0,536090.0,
2025-08-21 09:16:49.000,2025-08-21 09:17:45,2069737465727516908,,,,,59.0
2025-08-21 09:17:00.000,2025-08-21 09:17:45,2069737465727533292,,,,,46.0
2025-08-21 09:17:10.000,2025-08-21 09:17:45,2069737465727647980,,,,,41.0
2025-08-21 09:17:13.000,2025-08-21 09:17:45,2069737465727664364,34.53054874773902,,,,
2025-08-21 09:17:20.000,2025-08-21 09:17:45,2069737465727680748,,,,,50.0
2025-08-21 09:17:24.000,2025-08-21 09:17:31,2069737405908254956,,93.0,,,
2025-08-21 09:17:31.000,2025-08-21 09:18:44,2069737713107468524,,,,,55.0
2025-08-21 09:17:39.000,2025-08-21 09:18:44,2069737713107501292,,,83.0,536120.0,
2025-08-21 09:17:41.000,2025-08-21 09:18:44,2069737713107534060,42.2756147098224,,,,45.0
2025-08-21 09:17:51.000,2025-08-21 09:18:44,2069737713107550444,,,,,43.0
2025-08-21 09:17:53.000,2025-08-21 09:18:44,2069737713107566828,41.22738244427022,,,,
2025-08-21 09:18:02.000,2025-08-21 09:18:44,2069737713107583212,,,,,59.0
2025-08-21 09:18:12.000,2025-08-21 09:18:44,2069737713107615980,,,,,51.0
2025-08-21 09:18:23.000,2025-08-21 09:18:44,2069737713107632364,,,,,58.0
2025-08-21 09:18:24.000,2025-08-21 09:18:30,2069737651778355436,,79.0,,,
2025-08-21 09:18:33.000,2025-08-21 09:19:45,2069737969463345388,,,,,45.0
2025-08-21 09:18:37.000,2025-08-21 09:19:45,2069737969463361772,35.43432497669566,,,,
2025-08-21 09:18:39.000,2025-08-21 09:19:45,2069737969463378156,,,82.0,536240.0,
2025-08-21 09:18:43.000,2025-08-21 09:19:45,2069737969463410924,,,,,19.0
2025-08-21 09:18:48.000,2025-08-21 09:19:45,2069737969463427308,30.409847703828092,,,,
2025-08-21 09:18:54.000,2025-08-21 09:19:45,2069737969463443692,,,,,32.0
2025-08-21 09:19:04.000,2025-08-21 09:19:45,2069737969463460076,0.3352120849203949,,,,0.0
2025-08-21 09:19:25.000,2025-08-21 09:19:27,2069737894230098156,,85.0,,,
2025-08-21 09:19:25.000,2025-08-21 09:20:05,2069738052850286828,,,,,2.0
2025-08-21 09:19:35.000,2025-08-21 09:20:05,2069738052854530284,,,,,0.0
2025-08-21 09:19:39.000,2025-08-21 09:20:05,2069738052854563052,,,,536260.0,
2025-08-21 09:19:40.000,2025-08-21 09:20:05,2069738052854595820,,,82.0,,
2025-08-21 09:20:36.000,2025-08-21 09:21:06,2069738307784360172,0.0,,,,
2025-08-21 09:20:40.000,2025-08-21 09:21:06,2069738307784392940,,,82.0,,
2025-08-21 09:21:41.000,2025-08-21 09:22:07,2069738563146219756,,,82.0,,
2025-08-21 09:22:41.000,2025-08-21 09:23:08,2069738818071773420,,,82.0,,
2025-08-21 09:23:42.000,2025-08-21 09:24:08,2069739073269989612,,,82.0,,
2025-08-21 09:24:42.000,2025-08-21 09:25:09,2069739328879280364,,,82.0,,
2025-08-21 09:25:43.000,2025-08-21 09:26:10,2069739584421478636,,,82.0,,
2025-08-22 09:26:20.000,2025-08-22 09:27:12,2070102232354783468,,,82.0,,
2025-08-23 09:27:25.000,2025-08-23 09:28:20,2070464903625326828,,,82.0,,
2025-08-24 09:28:32.000,2025-08-24 09:29:23,2070827556713529580,,,82.0,,
2025-08-26 04:48:57.000,2025-08-26 04:49:53,2071481995409490156,,,82.0,,
2025-08-26 04:49:09.000,2025-08-26 04:49:53,2071481995455742188,7.374665868248688,,,,
2025-08-26 04:49:16.000,2025-08-26 04:49:53,2071481995455774956,20.697957243482502,,,,
2025-08-26 04:49:27.000,2025-08-26 04:49:28,2071481888505069804,,85.0,,,
2025-08-26 04:49:28.000,2025-08-26 04:49:53,2071481995455922412,,,,,24.0
2025-08-26 04:49:32.000,2025-08-26 04:49:53,2071481995455938796,20.95353330822844,,,,
2025-08-26 04:49:38.000,2025-08-26 04:50:55,2071482251966677228,,,,,27.0
2025-08-26 04:49:48.000,2025-08-26 04:50:55,2071482251966726380,,,,,36.0
2025-08-26 04:49:58.000,2025-08-26 04:50:55,2071482251966742764,,,82.0,536280.0,
2025-08-26 04:49:59.000,2025-08-26 04:50:55,2071482251966759148,,,,,46.0
2025-08-26 04:50:09.000,2025-08-26 04:50:55,2071482251966775532,,,,,43.0
2025-08-26 04:50:20.000,2025-08-26 04:50:55,2071482251966791916,,,,,47.0
2025-08-26 04:50:29.000,2025-08-26 04:50:30,2071482150154141932,,87.0,,,
2025-08-26 04:50:30.000,2025-08-26 04:50:55,2071482251966824684,,,,,42.0
2025-08-26 04:50:36.000,2025-08-26 04:51:56,2071482507643060460,38.55124176631458,,,,
2025-08-26 04:50:40.000,2025-08-26 04:51:56,2071482507685003500,,,,,48.0
2025-08-26 04:50:51.000,2025-08-26 04:51:56,2071482507685019884,,,,,44.0
2025-08-26 04:50:58.000,2025-08-26 04:51:56,2071482507685036268,,,82.0,536290.0,
2025-08-26 04:51:01.000,2025-08-26 04:51:56,2071482507685052652,,,,,47.0
2025-08-26 04:51:16.000,2025-08-26 04:51:56,2071482507685085420,42.05707865445993,,,,
2025-08-26 04:51:22.000,2025-08-26 04:51:56,2071482507685101804,,,,,48.0
2025-08-26 04:51:30.000,2025-08-26 04:51:32,2071482406723911916,,85.0,,,
2025-08-26 04:51:43.000,2025-08-26 04:52:57,2071482766750384364,,,,,50.0
2025-08-26 04:51:48.000,2025-08-26 04:52:57,2071482766792327404,39.29389395445313,,,,
2025-08-26 04:51:53.000,2025-08-26 04:52:57,2071482766792343788,,,,,40.0
2025-08-26 04:51:58.000,2025-08-26 04:52:57,2071482766792360172,,,82.0,536360.0,
2025-08-26 04:52:03.000,2025-08-26 04:52:57,2071482766792376556,,,,,24.0
2025-08-26 04:52:08.000,2025-08-26 04:52:57,2071482766792392940,6.309765598473952,,,,
2025-08-26 04:52:14.000,2025-08-26 04:52:57,2071482766792442092,,,,,31.0
2025-08-26 04:52:17.000,2025-08-26 04:52:57,2071482766792458476,38.06416564292197,,,,
2025-08-26 04:52:24.000,2025-08-26 04:52:57,2071482766792474860,,,,,46.0
2025-08-26 04:52:31.000,2025-08-26 04:52:33,2071482662614204652,,73.0,,,
2025-08-26 04:52:31.000,2025-08-26 04:52:57,2071482766792507628,44.30911122497485,,,,
2025-08-26 04:52:35.000,2025-08-26 04:52:57,2071482766792556780,,,,,45.0
2025-08-26 04:52:36.000,2025-08-26 04:52:57,2071482766792573164,46.038879663182854,,,,
2025-08-26 04:52:45.000,2025-08-26 04:53:58,2071483022275772652,,,,,36.0
2025-08-26 04:52:52.000,2025-08-26 04:53:58,2071483022317715692,15.004907801243313,,,,
2025-08-26 04:52:55.000,2025-08-26 04:53:58,2071483022317732076,,,,,17.0
2025-08-26 04:52:59.000,2025-08-26 04:53:58,2071483022317748460,,,82.0,536440.0,
2025-08-26 04:53:02.000,2025-08-26 04:53:58,2071483022317764844,24.803842283640048,,,,
2025-08-26 04:53:06.000,2025-08-26 04:53:58,2071483022317781228,,,,,19.0
2025-08-26 04:53:16.000,2025-08-26 04:53:58,2071483022317797612,,,,,0.0
2025-08-26 04:53:22.001,2025-08-26 04:53:58,2071483022317912300,0.16482804175643725,,,,
2025-08-26 04:53:33.000,2025-08-26 04:53:35,2071482922589749484,,76.0,,,
2025-08-26 04:53:59.000,2025-08-26 04:54:58,2071483274567368940,,,82.0,536450.0,
2025-08-26 04:54:08.000,2025-08-26 04:54:58,2071483274567401708,,,,,5.0
2025-08-26 04:54:29.000,2025-08-26 04:54:58,2071483274567565548,,,,,6.0
2025-08-26 04:54:35.000,2025-08-26 04:54:36,2071483179897716972,,77.0,,,
2025-08-26 04:54:39.000,2025-08-26 04:55:33,2071483420772696300,,,,,3.0
2025-08-26 04:54:49.000,2025-08-26 04:55:33,2071483420772729068,,,,,5.0
2025-08-26 04:54:59.000,2025-08-26 04:55:33,2071483420772794604,,,82.0,536470.0,1.0
2025-08-26 04:55:10.000,2025-08-26 04:55:33,2071483420772925676,,,,,0.0
2025-08-26 04:56:00.000,2025-08-26 04:56:33,2071483672103551212,,,82.0,,
2025-08-26 04:57:00.000,2025-08-26 04:57:34,2071483927511515372,,,82.0,,
2025-08-26 04:58:01.000,2025-08-26 04:58:35,2071484182474866924,,,82.0,,
2025-08-26 04:58:23.000,2025-08-26 04:59:36,2071484437735932140,0.0,,,,
2025-08-26 04:59:01.000,2025-08-26 04:59:36,2071484437736046828,,,82.0,,
2025-08-26 05:00:01.000,2025-08-26 05:00:37,2071484692682588396,,,82.0,,
2025-08-26 05:01:02.000,2025-08-26 05:01:32,2071484927127404780,,,82.0,,
2025-08-26 06:15:15.000,2025-08-26 06:16:06,2071503689113190636,,,82.0,,
2025-08-26 06:16:16.000,2025-08-26 06:17:07,2071503944559034604,,,82.0,,
2025-08-26 06:16:51.000,2025-08-26 06:18:07,2071504199820017900,0.2555760647459364,,,,
2025-08-26 06:17:16.000,2025-08-26 06:18:07,2071504199820181740,,,82.0,,
2025-08-26 06:18:16.000,2025-08-26 06:19:08,2071504455588757740,,,82.0,,
2025-08-26 06:19:17.000,2025-08-26 06:20:09,2071504710858293484,,,82.0,,
2025-08-26 06:20:17.000,2025-08-26 06:21:10,2071504966144590060,,,82.0,,
2025-08-26 06:21:17.001,2025-08-26 06:22:01,2071505179290681580,,,82.0,,
2025-08-26 06:22:01.000,2025-08-26 14:24:55,2071626703532196076,0.0,,,,
2025-08-26 14:24:02.000,2025-08-26 14:24:57,2071626714676461804,,,82.0,,
2025-08-26 14:24:33.000,2025-08-26 14:24:57,2071626714676838636,,,,,4.0
2025-08-26 14:24:34.000,2025-08-26 14:24:35,2071626622200447212,,75.0,,,
2025-08-26 14:24:43.000,2025-08-26 14:25:03,2071626737493475564,,,,,6.0
2025-08-26 14:24:53.001,2025-08-26 14:25:20,2071626810319339756,,,,536480.0,0.0
2025-08-26 14:25:02.000,2025-08-26 14:26:37,2071627134362714348,,,82.0,,
2025-08-26 14:26:03.000,2025-08-26 14:27:20,2071627314889752812,,,82.0,,
2025-08-26 14:27:03.000,2025-08-26 14:28:21,2071627569907663084,,,82.0,,
2025-08-26 14:28:03.000,2025-08-26 14:29:22,2071627825521115372,,,82.0,,
2025-08-26 14:28:48.000,2025-08-26 14:29:22,2071627825521230060,0.21483205442412048,,,,
2025-08-26 14:29:04.000,2025-08-26 14:30:23,2071628081038393580,,,82.0,,
2025-08-26 14:30:04.000,2025-08-26 14:31:24,2071628337058414828,,,82.0,,
2025-08-26 14:31:04.000,2025-08-26 14:31:26,2071628346898268396,,,82.0,,
2025-08-26 15:08:14.000,2025-08-26 15:09:06,2071637823550669036,,,82.0,,
2025-08-26 15:08:42.000,2025-08-26 15:08:44,2071637731171123436,,77.0,,,
2025-08-26 15:08:46.000,2025-08-26 15:10:07,2071638079742935276,,,,,9.0
2025-08-26 15:08:56.000,2025-08-26 15:10:07,2071638079751323884,,,,,1.0
2025-08-26 15:09:16.000,2025-08-26 15:10:07,2071638079751471340,,,82.0,536490.0,
2025-08-26 15:09:35.000,2025-08-26 15:10:07,2071638079751520492,7.945082012754111,,,,
2025-08-26 15:09:58.000,2025-08-26 15:10:00,2071638049053212908,,85.0,,,
2025-08-26 15:09:58.000,2025-08-26 15:11:09,2071638340133781740,,,,,2.0
2025-08-26 15:10:08.000,2025-08-26 15:11:09,2071638340133863660,,,,,8.0
2025-08-26 15:10:17.000,2025-08-26 15:11:09,2071638340133961964,,,82.0,,
2025-08-26 15:10:19.000,2025-08-26 15:11:09,2071638340134043884,,,,,0.0
2025-08-26 15:10:28.000,2025-08-26 15:11:09,2071638340134240492,22.05362158691747,,,,
2025-08-26 15:10:29.000,2025-08-26 15:11:09,2071638340134256876,,,,,10.0
2025-08-26 15:10:39.000,2025-08-26 15:11:09,2071638340134322412,,,,,18.0
2025-08-26 15:10:45.000,2025-08-26 15:11:09,2071638340134338796,15.843864013778884,,,,
2025-08-26 15:10:49.000,2025-08-26 15:11:55,2071638531624665324,,,,,21.0
2025-08-26 15:11:00.000,2025-08-26 15:11:01,2071638306991128812,,82.0,,,
2025-08-26 15:11:00.000,2025-08-26 15:11:55,2071638531628859628,,,,,7.0
2025-08-26 15:11:14.000,2025-08-26 15:11:55,2071638531628908780,0.41114410415650643,,,,
2025-08-26 15:11:17.000,2025-08-26 15:11:55,2071638531628925164,,,81.0,536530.0,
2025-08-26 15:11:20.000,2025-08-26 15:11:55,2071638531628941548,,,,,1.0
2025-08-26 15:11:31.000,2025-08-26 15:11:55,2071638531629039852,,,,,0.0
2025-08-26 15:12:17.000,2025-08-26 15:12:54,2071638782465114348,,,81.0,,
2025-08-26 15:13:18.000,2025-08-26 15:13:55,2071639037734617324,,,81.0,,
2025-08-26 15:14:19.000,2025-08-26 15:14:56,2071639293192913132,,,81.0,,
2025-08-26 15:15:19.000,2025-08-26 15:15:57,2071639548609216748,,,81.0,,
2025-08-26 15:16:15.000,2025-08-26 15:16:58,2071639803656470764,0.16853204269478417,,,,
2025-08-26 15:16:19.000,2025-08-26 15:16:58,2071639803656487148,,,81.0,,
2025-08-26 15:17:20.000,2025-08-26 15:17:59,2071640058644988140,,,81.0,,
2025-08-26 15:21:08.000,2025-08-26 15:22:02,2071641079395942636,,,81.0,,
2025-08-26 15:22:00.000,2025-08-26 15:22:27,2071641183184011500,,,,,7.0
2025-08-26 15:22:05.000,2025-08-26 15:22:06,2071641097020375276,,85.0,,,
2025-08-26 15:22:09.000,2025-08-26 15:23:46,2071641516459163884,,,82.0,536550.0,
2025-08-26 15:22:10.000,2025-08-26 15:23:46,2071641516459180268,,,,,17.0
2025-08-26 15:22:14.000,2025-08-26 15:23:46,2071641516459196652,20.83130127726299,,,,
2025-08-26 15:22:21.000,2025-08-26 15:23:46,2071641516459213036,,,,,28.0
2025-08-26 15:22:31.000,2025-08-26 15:23:46,2071641516459229420,,,,,23.0
2025-08-26 15:22:42.000,2025-08-26 15:23:46,2071641516459262188,,,,,22.0
2025-08-26 15:22:52.000,2025-08-26 15:23:46,2071641516459278572,,,,,1.0
2025-08-26 15:22:59.001,2025-08-26 15:23:46,2071641516459376876,4.028101020452258,,,,
2025-08-26 15:23:02.001,2025-08-26 15:23:46,2071641516459491564,,,,,0.0
2025-08-26 15:23:07.000,2025-08-26 15:23:09,2071641359495725292,,88.0,,,
2025-08-26 15:23:10.000,2025-08-26 15:24:29,2071641695547588844,,,82.0,536560.0,
2025-08-26 15:23:12.000,2025-08-26 15:24:29,2071641695547605228,,,,,23.0
2025-08-26 15:23:23.000,2025-08-26 15:24:29,2071641695547621612,,,,,22.0
2025-08-26 15:23:33.000,2025-08-26 15:24:29,2071641695547637996,,,,,9.0
2025-08-26 15:23:34.000,2025-08-26 15:24:29,2071641695551750380,8.071018044657905,,,,
2025-08-26 15:23:43.000,2025-08-26 15:24:29,2071641695551783148,35.25838493212419,,,,
2025-08-26 15:23:44.000,2025-08-26 15:24:29,2071641695551799532,,,,,36.0
2025-08-26 15:23:52.000,2025-08-26 15:24:29,2071641695551815916,38.164173668257334,,,,
2025-08-26 15:23:54.000,2025-08-26 15:24:29,2071641695551832300,,,,,41.0
2025-08-26 15:24:00.000,2025-08-26 15:24:29,2071641695551848684,40.318050213906055,,,,
2025-08-26 15:24:04.000,2025-08-26 15:24:29,2071641695551865068,,,,,47.0
2025-08-26 15:24:07.000,2025-08-26 15:24:29,2071641695551881452,47.726052090599865,,,,
2025-08-26 15:24:09.000,2025-08-26 15:24:12,2071641626299597036,,84.0,,,
2025-08-26 15:24:11.000,2025-08-26 15:25:29,2071641949105815788,,,82.0,536580.0,
2025-08-26 15:24:15.000,2025-08-26 15:25:29,2071641949105832172,46.66300382129431,,,,46.0
2025-08-26 15:24:20.000,2025-08-26 15:25:29,2071641949105848556,41.69964256390945,,,,
2025-08-26 15:24:25.000,2025-08-26 15:25:29,2071641949105864940,47.90940013704804,,,,49.0
2025-08-26 15:24:34.000,2025-08-26 15:25:29,2071641949105881324,38.540129763499536,,,,
2025-08-26 15:24:36.000,2025-08-26 15:25:29,2071641949105897708,,,,,40.0
2025-08-26 15:24:39.000,2025-08-26 15:25:29,2071641949105914092,45.96665164488508,,,,
2025-08-26 15:24:46.000,2025-08-26 15:25:29,2071641949105963244,,,,,64.0
2025-08-26 15:24:57.000,2025-08-26 15:25:29,2071641949105979628,,,,,75.0
2025-08-26 15:25:07.000,2025-08-26 15:25:29,2071641949105996012,,,,,74.0
2025-08-26 15:25:10.000,2025-08-26 15:25:12,2071641877945254124,,88.0,,,
2025-08-26 15:25:11.000,2025-08-26 15:26:30,2071642202949288172,,,82.0,536620.0,
2025-08-26 15:25:17.000,2025-08-26 15:26:30,2071642202949320940,,,,,68.0
2025-08-26 15:25:21.000,2025-08-26 15:26:30,2071642202949337324,65.02003247174156,,,,
2025-08-26 15:25:28.000,2025-08-26 15:26:30,2071642202949370092,,,,,66.0
2025-08-26 15:25:30.000,2025-08-26 15:26:30,2071642202949386476,65.77009266175682,,,,
2025-08-26 15:25:38.000,2025-08-26 15:26:30,2071642202949402860,,,,,69.0
2025-08-26 15:25:49.000,2025-08-26 15:26:30,2071642202949435628,,,,,67.0
2025-08-26 15:25:53.000,2025-08-26 15:26:30,2071642202949452012,66.31272879922463,,,,
2025-08-26 15:25:59.000,2025-08-26 15:26:30,2071642202949468396,,,,,71.0
2025-08-26 15:26:09.000,2025-08-26 15:26:30,2071642202949484780,,,,,81.0
2025-08-26 15:26:11.000,2025-08-26 15:26:13,2071642130673041644,,85.0,,,
2025-08-26 15:26:11.000,2025-08-26 15:27:30,2071642454192292076,80.74536845549335,,82.0,536710.0,
2025-08-26 15:26:20.000,2025-08-26 15:27:30,2071642454192341228,,,,,83.0
2025-08-26 15:26:30.000,2025-08-26 15:27:30,2071642454192357612,,,,,82.0
2025-08-26 15:26:41.000,2025-08-26 15:27:30,2071642454192390380,,,,,70.0
2025-08-26 15:26:51.000,2025-08-26 15:27:30,2071642454192423148,,,,,67.0
2025-08-26 15:27:02.000,2025-08-26 15:27:30,2071642454192439532,,,,,74.0
2025-08-26 15:27:12.000,2025-08-26 15:27:14,2071642387226034412,,80.0,,,
2025-08-26 15:27:12.000,2025-08-26 15:28:31,2071642709365358828,,,82.0,536740.0,76.0
2025-08-26 15:27:22.000,2025-08-26 15:28:31,2071642709365424364,,,,,77.0
2025-08-26 15:27:33.000,2025-08-26 15:28:31,2071642709365440748,,,,,75.0
2025-08-26 15:27:43.000,2025-08-26 15:28:31,2071642709365473516,75.2097390531339,,,,76.0
2025-08-26 15:27:53.000,2025-08-26 15:28:31,2071642709365489900,,,,,81.0
2025-08-26 15:28:04.000,2025-08-26 15:28:31,2071642709365506284,,,,,85.0
2025-08-26 15:28:12.000,2025-08-26 15:29:32,2071642964651852012,,,82.0,536920.0,
2025-08-26 15:28:13.000,2025-08-26 15:28:16,2071642646559850732,,84.0,,,
2025-08-26 15:28:14.000,2025-08-26 15:29:32,2071642964651868396,,,,,75.0
2025-08-26 15:28:25.000,2025-08-26 15:29:32,2071642964651917548,,,,,77.0
2025-08-26 15:28:35.000,2025-08-26 15:29:32,2071642964651933932,,,,,80.0
2025-08-26 15:28:45.000,2025-08-26 15:29:32,2071642964651966700,80.2045843184947,,,,79.0
2025-08-26 15:28:56.000,2025-08-26 15:29:32,2071642964651983084,,,,,76.0
2025-08-26 15:29:06.000,2025-08-26 15:29:32,2071642964652015852,,,,,81.0
2025-08-26 15:29:12.000,2025-08-26 15:30:32,2071643219673759980,,,82.0,537000.0,
2025-08-26 15:29:14.000,2025-08-26 15:29:16,2071642901376434412,,90.0,,,
2025-08-26 15:29:16.000,2025-08-26 15:30:32,2071643219673776364,,,,,78.0
2025-08-26 15:29:27.000,2025-08-26 15:30:32,2071643219673809132,,,,,74.0
2025-08-26 15:29:37.000,2025-08-26 15:30:32,2071643219673825516,,,,,77.0
2025-08-26 15:29:48.000,2025-08-26 15:30:32,2071643219674104044,,,,,79.0
2025-08-26 15:29:58.000,2025-08-26 15:30:32,2071643219674120428,,,,,74.0
2025-08-26 15:30:08.000,2025-08-26 15:30:32,2071643219674136812,,,,,72.0
2025-08-26 15:30:13.000,2025-08-26 15:31:34,2071643477631828204,,,82.0,537080.0,
2025-08-26 15:30:15.000,2025-08-26 15:30:16,2071643152858480876,,80.0,,,
2025-08-26 15:30:16.000,2025-08-26 15:31:34,2071643477631844588,72.52248637236322,,,,
2025-08-26 15:30:19.000,2025-08-26 15:31:34,2071643477631893740,,,,,73.0
2025-08-26 15:30:29.000,2025-08-26 15:31:34,2071643477631910124,,,,,72.0
2025-08-26 15:30:40.000,2025-08-26 15:31:34,2071643477631926508,,,,,71.0
2025-08-26 15:30:44.000,2025-08-26 15:31:34,2071643477631959276,70.6538178989672,,,,
2025-08-26 15:30:50.000,2025-08-26 15:31:34,2071643477631975660,,,,,72.0
2025-08-26 15:31:00.000,2025-08-26 15:31:34,2071643477631992044,,,,,60.00000000000001
2025-08-26 15:31:11.000,2025-08-26 15:31:34,2071643477632041196,,,,,40.0
2025-08-26 15:31:13.000,2025-08-26 15:31:34,2071643477632057580,,,82.0,537090.0,
2025-08-26 15:31:16.000,2025-08-26 15:31:18,2071643409105305836,,80.0,,,
2025-08-26 15:31:21.000,2025-08-26 15:32:34,2071643729826971884,,,,,34.0
2025-08-26 15:31:32.000,2025-08-26 15:32:34,2071643729826988268,,,,,38.0
2025-08-26 15:31:42.000,2025-08-26 15:32:34,2071643729827004652,,,,,25.0
2025-08-26 15:31:43.000,2025-08-26 15:32:34,2071643729827021036,25.794662534647845,,,,
2025-08-26 15:31:52.000,2025-08-26 15:32:34,2071643729827037420,,,,,28.0
2025-08-26 15:32:03.000,2025-08-26 15:32:34,2071643729827053804,,,,,34.0
2025-08-26 15:32:13.000,2025-08-26 15:32:34,2071643729827184876,,,82.0,537100.0,30.000000000000004
2025-08-26 15:32:18.000,2025-08-26 15:32:19,2071643667071762668,,84.0,,,
2025-08-26 15:32:24.000,2025-08-26 15:33:35,2071643985599840492,,,,,23.0
2025-08-26 15:32:34.000,2025-08-26 15:33:35,2071643985599856876,,,,,17.0
2025-08-26 15:32:44.000,2025-08-26 15:33:35,2071643985604018412,,,,,0.0
2025-08-26 15:32:52.001,2025-08-26 15:33:35,2071643985604247788,0.09630402439701952,,,,
2025-08-26 15:33:14.000,2025-08-26 15:33:35,2071643985604362476,,,82.0,537140.0,
2025-08-26 15:33:19.000,2025-08-26 15:33:21,2071643928695668972,,78.0,,,
2025-08-26 15:33:48.002,2025-08-26 15:34:15,2071644153372115180,,,,537150.0,
2025-08-26 15:34:14.000,2025-08-26 15:35:16,2071644408465359084,,,81.0,,
2025-08-26 15:34:23.000,2025-08-26 15:35:16,2071644408465391852,0.0,,,,
2025-08-26 15:35:15.000,2025-08-26 15:36:17,2071644663487480044,,,81.0,,
2025-08-26 15:36:15.000,2025-08-26 15:37:17,2071644918836674796,,,81.0,,
2025-08-26 15:37:05.000,2025-08-26 15:37:06,2071644871835320556,,81.0,,,
2025-08-26 15:37:14.000,2025-08-26 15:38:31,2071645227294212332,,,,,7.0
2025-08-26 15:37:16.000,2025-08-26 15:38:31,2071645227294228716,,,81.0,537160.0,
2025-08-26 15:37:24.000,2025-08-26 15:38:31,2071645227294277868,,,,,13.0
2025-08-26 15:37:35.000,2025-08-26 15:38:31,2071645227294310636,,,,,26.0
2025-08-26 15:37:41.000,2025-08-26 15:38:31,2071645227294327020,10.752714724021065,,,,
2025-08-26 15:37:45.000,2025-08-26 15:38:31,2071645227294343404,,,,,4.0
2025-08-26 15:37:54.000,2025-08-26 15:38:31,2071645227294392556,33.699000537080146,,,,
2025-08-26 15:37:55.000,2025-08-26 15:38:31,2071645227294408940,,,,,29.0
2025-08-26 15:38:06.000,2025-08-26 15:38:31,2071645227294425324,,,,,33.0
2025-08-26 15:38:07.000,2025-08-26 15:38:09,2071645134037975276,,77.0,,,
2025-08-26 15:38:16.000,2025-08-26 15:39:31,2071645478373556460,,,81.0,537200.0,23.0
2025-08-26 15:38:25.000,2025-08-26 15:39:31,2071645478373572844,36.851105335613354,,,,
2025-08-26 15:38:27.000,2025-08-26 15:39:31,2071645478373589228,,,,,43.0
2025-08-26 15:38:37.000,2025-08-26 15:39:31,2071645478373605612,,,,,38.0
2025-08-26 15:38:47.000,2025-08-26 15:39:31,2071645478373638380,,,,,22.0
2025-08-26 15:38:50.000,2025-08-26 15:39:31,2071645478373654764,15.097507824701983,,,,
2025-08-26 15:38:58.000,2025-08-26 15:39:31,2071645478373671148,,,,,27.0
2025-08-26 15:39:08.000,2025-08-26 15:39:31,2071645478373687532,,,,,15.000000000000002
2025-08-26 15:39:09.000,2025-08-26 15:39:10,2071645391505342700,,76.0,,,
2025-08-26 15:39:16.000,2025-08-26 15:40:32,2071645733504762092,,,81.0,537220.0,
2025-08-26 15:39:19.000,2025-08-26 15:40:32,2071645733504778476,,,,,41.0
2025-08-26 15:39:29.000,2025-08-26 15:40:32,2071645733504794860,,,,,59.0
2025-08-26 15:39:39.000,2025-08-26 15:40:32,2071645733504811244,,,,,82.0
2025-08-26 15:39:50.000,2025-08-26 15:40:32,2071645733504844012,,,,,72.0
2025-08-26 15:40:10.000,2025-08-26 15:40:12,2071645652995014892,,77.0,,,
2025-08-26 15:40:11.000,2025-08-26 15:40:32,2071645733508874476,,,,,75.0
2025-08-26 15:40:17.000,2025-08-26 15:41:33,2071645989323686124,,,81.0,537350.0,
2025-08-26 15:40:21.000,2025-08-26 15:41:33,2071645989323702508,73.2836585651935,,,,74.0
2025-08-26 15:40:31.000,2025-08-26 15:41:33,2071645989323718892,,,,,58.0
2025-08-26 15:40:42.000,2025-08-26 15:41:33,2071645989323735276,,,,,60.00000000000001
2025-08-26 15:40:52.000,2025-08-26 15:41:33,2071645989323768044,,,,,94.0
2025-08-26 15:41:02.000,2025-08-26 15:41:33,2071645989323784428,,,,,96.0
2025-08-26 15:41:11.000,2025-08-26 15:41:14,2071645911901012204,,85.0,,,
2025-08-26 15:41:13.000,2025-08-26 15:42:34,2071646244760977644,,,,,90.0
2025-08-26 15:41:17.000,2025-08-26 15:42:34,2071646244760994028,,,81.0,537480.0,
2025-08-26 15:41:23.000,2025-08-26 15:42:34,2071646244761010412,,,,,92.0
2025-08-26 15:41:50.000,2025-08-26 15:42:34,2071646244761075948,88.92380252736332,,,,
2025-08-26 15:41:54.000,2025-08-26 15:42:34,2071646244761092332,,,,,90.0
2025-08-26 15:42:05.000,2025-08-26 15:42:34,2071646244761108716,,,,,93.0
2025-08-26 15:42:12.000,2025-08-26 15:42:13,2071646157653672172,,84.0,,,
2025-08-26 15:42:17.000,2025-08-26 15:43:35,2071646500361928940,,,81.0,537570.0,
2025-08-26 15:42:25.000,2025-08-26 15:43:35,2071646500361961708,,,,,86.0
2025-08-26 15:42:36.000,2025-08-26 15:43:35,2071646500361978092,,,,,83.0
2025-08-26 15:42:41.000,2025-08-26 15:43:35,2071646500361994476,82.43439288337954,,,,
2025-08-26 15:42:46.000,2025-08-26 15:43:35,2071646500362010860,,,,,84.0
2025-08-26 15:42:57.000,2025-08-26 15:43:35,2071646500362043628,,,,,83.0
2025-08-26 15:43:07.000,2025-08-26 15:43:35,2071646500362060012,,,,,78.0
2025-08-26 15:43:13.000,2025-08-26 15:43:14,2071646414101807340,,84.0,,,
2025-08-26 15:43:17.000,2025-08-26 15:44:35,2071646755719479532,,,81.0,,73.0
2025-08-26 15:43:28.000,2025-08-26 15:44:35,2071646755719512300,,,,,31.0
2025-08-26 15:43:38.000,2025-08-26 15:44:35,2071646755719528684,,,,,39.0
2025-08-26 15:43:49.000,2025-08-26 15:44:35,2071646755719561452,,,,,30.000000000000004
2025-08-26 15:43:52.000,2025-08-26 15:44:35,2071646755719577836,19.755289004673216,,,,
2025-08-26 15:43:59.000,2025-08-26 15:44:35,2071646755719610604,,,,,6.0
2025-08-26 15:44:09.000,2025-08-26 15:44:35,2071646755719659756,,,,,8.0
2025-08-26 15:44:13.000,2025-08-26 15:44:15,2071646669761609964,,63.0,,,
2025-08-26 15:44:17.000,2025-08-26 15:45:36,2071647011152609516,,,81.0,537600.0,
2025-08-26 15:44:18.000,2025-08-26 15:45:36,2071647011152625900,39.968022125232274,,,,
2025-08-26 15:44:19.000,2025-08-26 15:45:36,2071647011152642284,,,,,47.0
2025-08-26 15:44:30.000,2025-08-26 15:45:36,2071647011152675052,,,,,26.0
2025-08-26 15:44:51.000,2025-08-26 15:45:36,2071647011152724204,,,,,29.0
2025-08-26 15:45:01.000,2025-08-26 15:45:36,2071647011152740588,,,,,42.0
2025-08-26 15:45:08.000,2025-08-26 15:45:36,2071647011152756972,22.64811373752215,,,,
2025-08-26 15:45:11.000,2025-08-26 15:45:36,2071647011152773356,,,,,3.0
2025-08-26 15:45:17.002,2025-08-26 15:46:38,2071647270704546028,,,81.0,537630.0,
2025-08-26 15:45:21.001,2025-08-26 15:46:38,2071647270704677100,,,,,0.0
2025-08-26 15:45:24.000,2025-08-26 15:45:26,2071646967989010668,,72.0,,,
2025-08-26 15:45:32.000,2025-08-26 15:46:38,2071647270704824556,,,,,1.0
2025-08-26 15:45:42.000,2025-08-26 15:46:38,2071647270704857324,,,,,27.0
2025-08-26 15:45:46.000,2025-08-26 15:46:38,2071647270704873708,35.78805706630779,,,,
2025-08-26 15:45:53.000,2025-08-26 15:46:38,2071647270704906476,,,,,37.0
2025-08-26 15:46:03.000,2025-08-26 15:46:38,2071647270704922860,,,,,22.0
2025-08-26 15:46:13.000,2025-08-26 15:46:38,2071647270704955628,,,,,4.0
2025-08-26 15:46:18.000,2025-08-26 15:47:38,2071647521444200684,,,81.0,537670.0,
2025-08-26 15:46:24.000,2025-08-26 15:47:38,2071647521444233452,,,,,34.0
2025-08-26 15:46:25.000,2025-08-26 15:46:26,2071647219160711404,,82.0,,,
2025-08-26 15:46:34.000,2025-08-26 15:47:38,2071647521444266220,,,,,60.00000000000001
2025-08-26 15:46:44.000,2025-08-26 15:47:38,2071647521444282604,,,,,79.0
2025-08-26 15:46:55.000,2025-08-26 15:47:38,2071647521444315372,,,,,84.0
2025-08-26 15:47:05.000,2025-08-26 15:47:38,2071647521444331756,,,,,83.0
2025-08-26 15:47:16.000,2025-08-26 15:47:38,2071647521444348140,,,,,88.0
2025-08-26 15:47:18.000,2025-08-26 15:48:39,2071647777850491116,86.4773099075852,,,,
2025-08-26 15:47:19.000,2025-08-26 15:48:39,2071647777850523884,,,80.0,537830.0,
2025-08-26 15:47:26.000,2025-08-26 15:47:31,2071647492310565100,,84.0,,,
2025-08-26 15:47:26.000,2025-08-26 15:48:39,2071647777850589420,,,,,85.0
2025-08-26 15:47:33.000,2025-08-26 15:48:39,2071647777850638572,82.90294900208042,,,,
2025-08-26 15:47:36.000,2025-08-26 15:48:39,2071647777850654956,,,,,80.0
2025-08-26 15:47:45.000,2025-08-26 15:48:39,2071647777850687724,71.15200602517487,,,,
2025-08-26 15:47:46.000,2025-08-26 15:48:39,2071647777850704108,,,,,73.0
2025-08-26 15:47:57.000,2025-08-26 15:48:39,2071647777850753260,,,,,83.0
2025-08-26 15:48:07.000,2025-08-26 15:48:39,2071647777850769644,,,,,81.0
2025-08-26 15:48:18.000,2025-08-26 15:48:39,2071647777850802412,,,,,67.0
2025-08-26 15:48:19.000,2025-08-26 15:49:40,2071648034084634860,,,80.0,537910.0,
2025-08-26 15:48:25.000,2025-08-26 15:49:40,2071648034084667628,47.68160407933971,,,,
2025-08-26 15:48:26.000,2025-08-26 15:48:28,2071647730391875820,,84.0,,,
2025-08-26 15:48:28.000,2025-08-26 15:49:40,2071648034088812780,,,,,40.0
2025-08-26 15:48:30.000,2025-08-26 15:49:40,2071648034088845548,35.19726891664146,,,,
2025-08-26 15:48:35.000,2025-08-26 15:49:40,2071648034088861932,45.80923160500534,,,,
2025-08-26 15:48:38.000,2025-08-26 15:49:40,2071648034088878316,,,,,46.0
2025-08-26 15:48:44.000,2025-08-26 15:49:40,2071648034088894700,41.72001456907036,,,,
2025-08-26 15:48:49.000,2025-08-26 15:49:40,2071648034088911084,,,,,43.0
2025-08-26 15:48:57.000,2025-08-26 15:49:40,2071648034088943852,44.43319525640947,,,,
2025-08-26 15:49:04.000,2025-08-26 15:49:40,2071648034088976620,41.51629451746128,,,,
2025-08-26 15:49:10.000,2025-08-26 15:49:40,2071648034088993004,41.17182243019502,,,,41.0
2025-08-26 15:49:19.000,2025-08-26 15:49:40,2071648034089009388,,,80.0,537970.0,
2025-08-26 15:49:20.000,2025-08-26 15:50:41,2071648290927018220,,,,,25.0
2025-08-26 15:49:23.000,2025-08-26 15:50:41,2071648290927050988,25.005710334779955,,,,
2025-08-26 15:49:27.000,2025-08-26 15:49:28,2071647984298229996,,75.0,,,
2025-08-26 15:49:30.000,2025-08-26 15:50:41,2071648290927067372,,,,,36.0
2025-08-26 15:49:41.000,2025-08-26 15:50:41,2071648290927083756,,,,,25.0
2025-08-26 15:49:51.000,2025-08-26 15:50:41,2071648290927100140,,,,,27.0
2025-08-26 15:50:02.000,2025-08-26 15:50:41,2071648290927132908,,,,,28.0
2025-08-26 15:50:12.000,2025-08-26 15:50:41,2071648290927149292,,,,,32.0
2025-08-26 15:50:19.000,2025-08-26 15:50:41,2071648290927165676,,,80.0,538000.0,
2025-08-26 15:50:22.000,2025-08-26 15:51:42,2071648546985083116,,,,,34.0
2025-08-26 15:50:28.000,2025-08-26 15:50:29,2071648239890727148,,74.0,,,
2025-08-26 15:50:33.000,2025-08-26 15:51:42,2071648546985132268,,,,,31.0
2025-08-26 15:50:43.000,2025-08-26 15:51:42,2071648546985148652,,,,,34.0
2025-08-26 15:50:54.000,2025-08-26 15:51:42,2071648546985181420,47.97422015346911,,,,48.0
2025-08-26 15:51:02.000,2025-08-26 15:51:42,2071648546985197804,43.542383030737035,,,,
2025-08-26 15:51:04.000,2025-08-26 15:51:42,2071648546985214188,,,,,47.0
2025-08-26 15:51:07.000,2025-08-26 15:51:42,2071648546985230572,50.05031267941255,,,,
2025-08-26 15:51:14.000,2025-08-26 15:51:42,2071648546985279724,,,,,41.0
2025-08-26 15:51:20.000,2025-08-26 15:51:42,2071648546985296108,,,80.0,538030.0,
2025-08-26 15:51:22.000,2025-08-26 15:51:42,2071648546985312492,20.89056529227654,,,,
2025-08-26 15:51:25.000,2025-08-26 15:52:44,2071648803663954156,,,,,23.0
2025-08-26 15:51:29.000,2025-08-26 15:51:30,2071648495906930924,,80.0,,,
2025-08-26 15:51:29.000,2025-08-26 15:52:44,2071648803663970540,32.37111620068277,,,,
2025-08-26 15:51:35.000,2025-08-26 15:52:44,2071648803664003308,,,,,31.0
2025-08-26 15:51:45.000,2025-08-26 15:52:44,2071648803664019692,,,,,30.000000000000004
2025-08-26 15:51:56.000,2025-08-26 15:52:44,2071648803664052460,,,,,40.0
2025-08-26 15:52:06.000,2025-08-26 15:52:44,2071648803664068844,,,,,37.0
2025-08-26 15:52:17.000,2025-08-26 15:52:44,2071648803664085228,,,,,36.0
2025-08-26 15:52:20.000,2025-08-26 15:52:44,2071648803664101612,,,80.0,538060.0,
2025-08-26 15:52:24.000,2025-08-26 15:53:45,2071649060028154092,32.18036015235791,,,,
2025-08-26 15:52:27.000,2025-08-26 15:53:45,2071649060028186860,,,,,32.0
2025-08-26 15:52:30.000,2025-08-26 15:52:32,2071648754750013676,,85.0,,,
2025-08-26 15:52:30.000,2025-08-26 15:53:45,2071649060028203244,32.82300431516109,,,,
2025-08-26 15:52:37.000,2025-08-26 15:53:45,2071649060028236012,,,,,47.0
2025-08-26 15:52:48.000,2025-08-26 15:53:45,2071649060028252396,,,,,49.0
2025-08-26 15:52:58.000,2025-08-26 15:53:45,2071649060028285164,,,,,42.0
2025-08-26 15:53:01.000,2025-08-26 15:53:45,2071649060028301548,43.03493490218351,,,,
2025-08-26 15:53:09.000,2025-08-26 15:53:45,2071649060028317932,,,,,36.0
2025-08-26 15:53:10.000,2025-08-26 15:53:45,2071649060028334316,35.78805706630779,,,,
2025-08-26 15:53:16.000,2025-08-26 15:53:45,2071649060028350700,46.71856383536951,,,,
2025-08-26 15:53:19.000,2025-08-26 15:53:45,2071649060028367084,,,,,52.0
2025-08-26 15:53:20.000,2025-08-26 15:53:45,2071649060028383468,,,80.0,538110.0,
2025-08-26 15:53:29.000,2025-08-26 15:54:46,2071649318808322284,,,,,50.0
2025-08-26 15:53:31.000,2025-08-26 15:53:32,2071649008421437676,,85.0,,,
2025-08-26 15:53:38.000,2025-08-26 15:54:46,2071649318808355052,47.39454400661782,,,,
2025-08-26 15:53:40.000,2025-08-26 15:54:46,2071649318808371436,,,,,49.0
2025-08-26 15:54:00.000,2025-08-26 15:54:46,2071649318808420588,,,,,34.0
2025-08-26 15:54:01.000,2025-08-26 15:54:46,2071649318808436972,32.8581923240754,,,,
2025-08-26 15:54:11.000,2025-08-26 15:54:46,2071649318808453356,,,,,22.0
2025-08-26 15:54:13.000,2025-08-26 15:54:46,2071649318808469740,28.20041114410416,,,,
2025-08-26 15:54:20.000,2025-08-26 15:54:46,2071649318808486124,,,80.0,538200.0,
2025-08-26 15:54:21.000,2025-08-26 15:54:46,2071649318808502508,,,,,28.0
2025-08-26 15:54:32.000,2025-08-26 15:55:36,2071649525608481004,1.626056411934291,,,,0.0
2025-08-26 15:54:42.000,2025-08-26 15:54:46,2071649314731540716,,81.0,,,
2025-08-26 15:54:52.000,2025-08-26 15:55:36,2071649525612986604,,,,,2.0
2025-08-26 15:55:02.000,2025-08-26 15:55:36,2071649525613019372,,,,,0.0
2025-08-26 15:55:08.002,2025-08-26 15:55:36,2071649525613068524,,,,538210.0,
2025-08-26 15:55:21.000,2025-08-26 15:56:37,2071649780945223916,,,80.0,,
2025-08-26 15:56:02.000,2025-08-26 15:56:37,2071649780945322220,0.11667602955792748,,,,
2025-08-26 15:56:22.000,2025-08-26 15:57:37,2071650034281087212,,,80.0,,
2025-08-26 15:57:22.000,2025-08-26 15:58:38,2071650289663901932,,,80.0,,
2025-08-26 15:58:22.000,2025-08-26 15:59:39,2071650544669163756,,,80.0,,
2025-08-26 15:59:23.000,2025-08-26 16:00:40,2071650799934505196,,,80.0,,
2025-08-26 16:00:23.000,2025-08-26 16:01:40,2071651055283732716,,,80.0,,
2025-08-26 16:01:02.000,2025-08-26 16:01:40,2071651055283831020,0.0,,,,
2025-08-26 16:01:24.000,2025-08-26 16:01:58,2071651128520491244,,,80.0,,
2025-08-26 16:20:05.000,2025-08-26 16:20:56,2071655903068750060,,,80.0,,
2025-08-26 16:21:06.000,2025-08-26 16:21:57,2071656158128521452,,,80.0,,
2025-08-26 16:22:06.000,2025-08-26 16:22:58,2071656413704274156,,,80.0,,
2025-08-26 16:23:06.000,2025-08-26 16:23:59,2071656668919267564,,,80.0,,
2025-08-26 16:24:07.000,2025-08-26 16:25:00,2071656924348236012,,,80.0,,
2025-08-26 16:25:07.000,2025-08-26 16:25:33,2071657061753602284,,,80.0,,
2025-08-26 16:26:36.000,2025-08-26 16:33:45,2071659125317583084,,,80.0,538210.0,0.0
2025-08-26 16:26:46.000,2025-08-26 16:33:45,2071659125317648620,0.0,,,,
2025-08-26 16:27:37.000,2025-08-26 16:33:45,2071659125317763308,,,80.0,,
2025-08-26 16:28:38.000,2025-08-26 16:33:45,2071659125317894380,,,80.0,,
2025-08-26 16:29:38.000,2025-08-26 16:33:45,2071659125318025452,,,80.0,,
2025-08-26 16:30:39.000,2025-08-26 16:33:45,2071659125318156524,,,80.0,,
2025-08-26 16:31:39.000,2025-08-26 16:33:45,2071659125318287596,,,80.0,,
2025-08-26 16:32:40.000,2025-08-26 16:33:45,2071659125318418668,,,80.0,,
2025-08-26 16:33:40.000,2025-08-26 16:36:15,2071659757629866220,,,80.0,,
2025-08-26 16:34:40.000,2025-08-26 16:36:15,2071659757629997292,,,80.0,,
2025-08-26 16:35:41.000,2025-08-26 16:36:15,2071659757630128364,,,80.0,,
2025-08-26 16:36:41.000,2025-08-26 16:37:16,2071660010454221036,,,80.0,,
2025-08-26 16:37:42.000,2025-08-26 16:38:18,2071660270371012844,,,80.0,,
2025-08-27 04:45:55.000,2025-08-27 04:46:57,2071843641562759404,,,80.0,,
2025-08-27 04:46:16.001,2025-08-27 04:46:57,2071843641571377388,,,,,7.0
2025-08-27 04:46:23.000,2025-08-27 04:46:24,2071843503943450860,,80.0,,,
2025-08-27 04:46:23.000,2025-08-27 04:46:57,2071843641571459308,20.253477130880874,,,,
2025-08-27 04:46:26.000,2025-08-27 04:46:57,2071843641571492076,,,,,26.0
2025-08-27 04:46:36.000,2025-08-27 04:46:57,2071843641571508460,16.799496255872388,,,,
2025-08-27 04:46:37.000,2025-08-27 04:51:16,2071844728231428332,,,,,16.0
2025-08-27 04:46:47.000,2025-08-27 04:51:16,2071844728231510252,,,,,28.0
2025-08-27 04:46:56.000,2025-08-27 04:51:16,2071844728231575788,,,80.0,538240.0,
2025-08-27 04:46:57.000,2025-08-27 04:51:16,2071844728231592172,,,,,44.0
2025-08-27 04:47:08.000,2025-08-27 04:51:16,2071844728231608556,,,,,42.0
2025-08-27 04:47:18.000,2025-08-27 04:51:16,2071844728231624940,,,,,51.0
2025-08-27 04:47:28.000,2025-08-27 04:51:16,2071844728231657708,,,,,45.0
2025-08-27 04:47:39.000,2025-08-27 04:51:16,2071844728231674092,,,,,37.0
2025-08-27 04:47:42.000,2025-08-27 04:51:16,2071844728231690476,41.277386456937904,,,,
2025-08-27 04:47:49.000,2025-08-27 04:51:16,2071844728231706860,,,,,42.0
2025-08-27 04:47:56.000,2025-08-27 04:51:16,2071844728231723244,,,80.0,,
2025-08-27 04:48:00.000,2025-08-27 04:51:16,2071844728231739628,,,,,49.0
2025-08-27 04:48:20.000,2025-08-27 04:51:16,2071844728231772396,39.29018995351479,,,,40.0
2025-08-27 04:48:28.000,2025-08-27 04:50:36,2071844562552226028,,85.0,,,
2025-08-27 04:48:31.000,2025-08-27 04:51:16,2071844728231821548,,,,,45.0
2025-08-27 04:48:33.000,2025-08-27 04:51:16,2071844728231837932,46.91857988604024,,,,
2025-08-27 04:48:41.000,2025-08-27 04:51:16,2071844728231854316,,,,,52.0
2025-08-27 04:48:51.000,2025-08-27 04:51:16,2071844728231870700,,,,,42.0
2025-08-27 04:48:57.000,2025-08-27 04:51:16,2071844728231887084,,,80.0,538300.0,
2025-08-27 04:49:02.000,2025-08-27 04:51:16,2071844728231903468,,,,,39.0
2025-08-27 04:49:12.000,2025-08-27 04:51:16,2071844728231919852,,,,,14.0
2025-08-27 04:49:15.000,2025-08-27 04:51:16,2071844728231936236,13.332551377579684,,,,
2025-08-27 04:49:23.000,2025-08-27 04:51:16,2071844728231952620,37.710433553309834,,,,44.0
2025-08-27 04:49:29.000,2025-08-27 04:50:37,2071844564506771692,,79.0,,,
2025-08-27 04:49:33.000,2025-08-27 04:51:16,2071844728235671788,,,,,52.0
2025-08-27 04:49:36.000,2025-08-27 04:51:16,2071844728235688172,48.770580355213696,,,,
2025-08-27 04:49:54.000,2025-08-27 04:51:16,2071844728235720940,21.153549358899173,,,,17.0
2025-08-27 04:49:57.000,2025-08-27 04:51:16,2071844728235737324,,,79.0,538370.0,
2025-08-27 04:50:03.000,2025-08-27 04:51:16,2071844728235753708,27.065134856500833,,,,
2025-08-27 04:50:04.000,2025-08-27 04:51:16,2071844728235770092,,,,,27.0
2025-08-27 04:50:14.000,2025-08-27 04:51:16,2071844728235786476,,,,,0.0
2025-08-27 04:50:30.000,2025-08-27 04:50:38,2071844568529109228,,79.0,,,
2025-08-27 04:50:58.000,2025-08-27 04:52:17,2071844984981569772,,,79.0,538410.0,
2025-08-27 04:51:01.000,2025-08-27 04:52:17,2071844984981586156,2.633544667164649,,,,
2025-08-27 04:51:06.000,2025-08-27 04:52:17,2071844984981602540,,,,,5.0
2025-08-27 04:51:16.000,2025-08-27 04:52:17,2071844984981635308,,,,,3.0
2025-08-27 04:51:27.000,2025-08-27 04:52:17,2071844984981766380,,,,,8.0
2025-08-27 04:51:31.000,2025-08-27 04:51:33,2071844800558022892,,85.0,,,
2025-08-27 04:51:37.000,2025-08-27 04:52:17,2071844984981831916,,,,,2.0
2025-08-27 04:51:58.000,2025-08-27 04:52:32,2071845046474244332,,,79.0,538420.0,0.0
2025-08-27 04:52:58.000,2025-08-27 04:53:33,2071845301970338028,,,79.0,,
2025-08-27 04:53:58.000,2025-08-27 04:54:33,2071845555721552108,,,79.0,,
2025-08-27 04:54:59.000,2025-08-27 04:55:34,2071845810336809196,,,79.0,,
2025-08-27 04:55:59.000,2025-08-27 04:56:35,2071846067028213996,,,79.0,,
2025-08-27 04:56:00.000,2025-08-27 04:56:35,2071846067028230380,0.0,,,,
2025-08-27 04:57:00.000,2025-08-27 04:57:35,2071846317008699628,,,79.0,,
2025-08-27 04:58:00.000,2025-08-27 04:58:31,2071846551906484460,,,79.0,,
2025-08-27 06:12:40.000,2025-08-27 06:13:41,2071865471346442476,,,79.0,,
2025-08-27 06:13:11.000,2025-08-27 06:13:15,2071865359408824556,,76.0,,,
2025-08-27 06:13:11.000,2025-08-27 06:13:41,2071865471346770156,,,,,7.0
2025-08-27 06:13:21.000,2025-08-27 06:14:12,2071865599423676652,,,,,0.0
2025-08-27 06:13:41.000,2025-08-27 06:14:12,2071865599470108908,,,79.0,538440.0,
2025-08-27 06:14:41.000,2025-08-27 06:15:18,2071865877120237804,,,79.0,,
2025-08-27 06:15:41.000,2025-08-27 06:16:12,2071866105659490540,,,79.0,,
2025-08-27 06:16:42.000,2025-08-27 06:17:11,2071866349679886572,,,79.0,,
2025-08-27 06:17:42.000,2025-08-27 06:18:11,2071866602403496172,,,79.0,,
2025-08-27 06:18:42.000,2025-08-27 06:19:11,2071866852887314668,,,79.0,,
2025-08-27 06:19:43.000,2025-08-27 06:20:12,2071867111839629548,,,79.0,,
2025-08-27 06:58:35.000,2025-08-27 06:59:32,2071877008127721708,,,79.0,,
2025-08-27 06:59:36.000,2025-08-27 07:00:32,2071877258317955308,,,79.0,,
2025-08-27 07:00:36.000,2025-08-27 07:01:32,2071877512903819500,,,79.0,,
2025-08-27 07:01:37.000,2025-08-27 07:02:33,2071877769876275436,,,79.0,,
2025-08-27 07:02:37.000,2025-08-27 07:03:38,2071878041843319020,,,79.0,,
2025-08-27 07:03:37.000,2025-08-27 07:04:07,2071878162249220332,,,79.0,,
2025-08-27 08:08:59.000,2025-08-27 08:09:52,2071894709831237868,,,79.0,,
2025-08-27 08:10:00.000,2025-08-27 08:10:50,2071894951909687532,,,79.0,,
2025-08-27 08:11:00.000,2025-08-27 08:11:51,2071895208924070124,,,79.0,,
2025-08-27 08:12:00.000,2025-08-27 08:12:51,2071895461618303212,,,79.0,,
2025-08-27 08:13:01.000,2025-08-27 08:13:55,2071895726627045612,,,79.0,,
2025-08-27 08:14:01.000,2025-08-27 08:14:26,2071895858516902124,,,79.0,,
2025-08-27 13:55:22.000,2025-08-27 13:56:21,2071981904810229996,,,79.0,,
2025-08-27 13:55:52.000,2025-08-27 13:56:21,2071981904852533484,,,,,6.0
2025-08-27 13:55:53.000,2025-08-27 13:55:54,2071981791756943596,,73.0,,,
2025-08-27 13:55:58.000,2025-08-27 13:56:21,2071981904852549868,7.378369869187034,,,,
2025-08-27 13:56:13.000,2025-08-27 13:57:02,2071982075946418412,,,,,0.0
2025-08-27 13:56:22.000,2025-08-27 13:57:02,2071982075946582252,,,79.0,538450.0,
2025-08-27 13:56:35.001,2025-08-27 13:57:02,2071982075946729708,,,,538460.0,
2025-08-27 13:57:23.000,2025-08-27 13:58:02,2071982326744662252,,,79.0,,
2025-08-27 13:58:23.000,2025-08-27 13:59:03,2071982581678686444,,,79.0,,
2025-08-27 13:59:24.000,2025-08-27 14:00:04,2071982838969893100,,,79.0,,
2025-08-27 14:00:24.000,2025-08-27 14:01:03,2071983088765944044,,,79.0,,
2025-08-27 14:00:35.000,2025-08-27 14:01:03,2071983088766025964,15.562359942464521,,,,
2025-08-27 14:00:38.000,2025-08-27 14:00:39,2071982988266045676,,75.0,,,
2025-08-27 14:00:43.000,2025-08-27 14:02:03,2071983340545671404,,,,,13.0
2025-08-27 14:00:53.000,2025-08-27 14:02:03,2071983340545769708,,,,,10.0
2025-08-27 14:01:03.000,2025-08-27 14:02:03,2071983340545868012,,,,,1.0
2025-08-27 14:01:25.000,2025-08-27 14:02:03,2071983340545949932,,,79.0,538470.0,
2025-08-27 14:02:25.000,2025-08-27 14:03:05,2071983597820133612,,,79.0,,
2025-08-27 14:03:26.000,2025-08-27 14:04:21,2071983918285865196,,,79.0,,
2025-08-27 14:03:49.000,2025-08-27 14:04:21,2071983918285963500,3.0354287689752883,,,,
2025-08-27 14:03:57.000,2025-08-27 14:03:58,2071983822940930284,,84.0,,,
2025-08-27 14:04:00.000,2025-08-27 14:04:21,2071983918286110956,,,,,24.0
2025-08-27 14:04:02.000,2025-08-27 14:05:22,2071984172901122284,30.235759659725783,,,,
2025-08-27 14:04:10.000,2025-08-27 14:05:22,2071984172901138668,,,,,38.0
2025-08-27 14:04:19.000,2025-08-27 14:05:22,2071984172901155052,36.18253316624174,,,,
2025-08-27 14:04:26.000,2025-08-27 14:05:22,2071984172901187820,,,79.0,538490.0,
2025-08-27 14:04:28.000,2025-08-27 14:05:22,2071984172901204204,42.32932272342843,,,,
2025-08-27 14:04:31.000,2025-08-27 14:05:22,2071984172901220588,,,,,42.0
2025-08-27 14:04:41.000,2025-08-27 14:05:22,2071984172901236972,,,,,19.0
2025-08-27 14:04:45.000,2025-08-27 14:05:22,2071984172901253356,9.695222456123023,,,,
2025-08-27 14:04:58.000,2025-08-27 14:05:22,2071984172901286124,28.809719298462227,,,,
2025-08-27 14:04:59.000,2025-08-27 14:05:02,2071984090642383084,,82.0,,,
2025-08-27 14:05:02.000,2025-08-27 14:06:23,2071984429001081068,,,,,25.0
2025-08-27 14:05:05.000,2025-08-27 14:06:23,2071984429043024108,21.85175353577756,,,,
2025-08-27 14:05:12.000,2025-08-27 14:06:23,2071984429043040492,,,,,17.0
2025-08-27 14:05:18.000,2025-08-27 14:06:23,2071984429043056876,7.559865915166032,,,,
2025-08-27 14:05:23.000,2025-08-27 14:06:23,2071984429043089644,,,,,0.0
2025-08-27 14:05:26.000,2025-08-27 14:06:23,2071984429043187948,,,79.0,538510.0,
2025-08-27 14:06:00.000,2025-08-27 14:06:01,2071984337468801260,,80.0,,,
2025-08-27 14:06:27.000,2025-08-27 14:07:24,2071984684765593836,,,79.0,538520.0,
2025-08-27 14:07:01.000,2025-08-27 14:07:04,2071984603026948332,,80.0,,,
2025-08-27 14:07:26.000,2025-08-27 14:08:25,2071984942488781036,,,,538530.0,
2025-08-27 14:07:27.000,2025-08-27 14:08:25,2071984942488797420,,,79.0,,
2025-08-27 14:08:03.000,2025-08-27 14:08:06,2071984860540436716,,80.0,,,
2025-08-27 14:08:27.000,2025-08-27 14:09:26,2071985195313053932,,,79.0,,
2025-08-27 14:09:04.000,2025-08-27 14:09:05,2071985110453846252,,80.0,,,
2025-08-27 14:09:28.000,2025-08-27 14:10:26,2071985449534357740,,,79.0,538540.0,
2025-08-27 14:10:05.000,2025-08-27 14:10:08,2071985373734519020,,80.0,,,
2025-08-27 14:10:18.000,2025-08-27 14:11:27,2071985704782545132,0.1777920450406514,,,,
2025-08-27 14:10:28.000,2025-08-27 14:11:27,2071985704782594284,,,79.0,538550.0,
2025-08-27 14:11:06.000,2025-08-27 14:11:07,2071985620573487340,,80.0,,,
2025-08-27 14:11:29.000,2025-08-27 14:12:28,2071985961914368236,,,79.0,538560.0,
2025-08-27 14:12:07.000,2025-08-27 14:12:09,2071985881220120812,,80.0,,,
2025-08-27 14:12:29.000,2025-08-27 14:13:28,2071986212259807468,,,79.0,,
2025-08-27 14:13:08.000,2025-08-27 14:13:09,2071986132463124716,,80.0,,,
2025-08-27 14:13:29.000,2025-08-27 14:14:29,2071986468343005420,,,79.0,538580.0,
2025-08-27 14:13:30.000,2025-08-27 14:14:29,2071986468343021804,,,,,1.0
2025-08-27 14:13:41.000,2025-08-27 14:14:29,2071986468343070956,,,,,10.0
2025-08-27 14:13:51.000,2025-08-27 14:14:29,2071986468343087340,,,,,8.0
2025-08-27 14:14:01.000,2025-08-27 14:14:29,2071986468343136492,,,,,13.0
2025-08-27 14:14:09.000,2025-08-27 14:14:10,2071986387753664748,,73.0,,,
2025-08-27 14:14:12.000,2025-08-27 14:15:30,2071986722836578540,,,,,15.000000000000002
2025-08-27 14:14:15.000,2025-08-27 14:15:30,2071986722836594924,15.964244044275159,,,,
2025-08-27 14:14:22.000,2025-08-27 14:15:30,2071986722836611308,,,,,1.0
2025-08-27 14:14:30.000,2025-08-27 14:15:30,2071986722836644076,,,79.0,538590.0,
2025-08-27 14:14:33.000,2025-08-27 14:15:30,2071986722836660460,,,,,0.0
2025-08-27 14:14:43.000,2025-08-27 14:15:30,2071986722836676844,,,,,9.0
2025-08-27 14:14:48.000,2025-08-27 14:15:30,2071986722836709612,24.159346120367687,,,,
2025-08-27 14:14:53.000,2025-08-27 14:15:30,2071986722836725996,,,,,24.0
2025-08-27 14:14:57.000,2025-08-27 14:15:30,2071986722836742380,24.940890318358885,,,,
2025-08-27 14:15:04.000,2025-08-27 14:15:30,2071986722836775148,,,,,32.0
2025-08-27 14:15:09.000,2025-08-27 14:15:30,2071986722836791532,32.75633229827085,,,,
2025-08-27 14:15:10.000,2025-08-27 14:15:11,2071986644524744940,,90.0,,,
2025-08-27 14:15:14.000,2025-08-27 14:17:01,2071987105738801388,,,,,27.0
2025-08-27 14:15:19.000,2025-08-27 14:17:01,2071987105738817772,35.08800088896023,,,,
2025-08-27 14:15:25.000,2025-08-27 14:17:01,2071987105738866924,,,,,48.0
2025-08-27 14:15:30.000,2025-08-27 14:17:01,2071987105738883308,,,79.0,538620.0,
2025-08-27 14:15:35.000,2025-08-27 14:17:01,2071987105738916076,,,,,41.0
2025-08-27 14:15:45.000,2025-08-27 14:17:01,2071987105738932460,,,,,40.0
2025-08-27 14:15:56.000,2025-08-27 14:17:01,2071987105738948844,,,,,38.0
2025-08-27 14:15:57.000,2025-08-27 14:17:01,2071987105738965228,33.843456573675674,,,,
2025-08-27 14:16:06.000,2025-08-27 14:17:01,2071987105739079916,,,,,47.0
2025-08-27 14:16:10.000,2025-08-27 14:16:12,2071986899999785196,,82.0,,,
2025-08-27 14:16:16.000,2025-08-27 14:17:32,2071987235133128940,,,,,49.0
2025-08-27 14:16:27.000,2025-08-27 14:17:32,2071987235133145324,,,,,41.0
2025-08-27 14:16:28.000,2025-08-27 14:17:32,2071987235133161708,41.21441844098601,,,,
2025-08-27 14:16:30.000,2025-08-27 14:17:32,2071987235133178092,,,79.0,538660.0,
2025-08-27 14:16:37.000,2025-08-27 14:17:32,2071987235133210860,38.81978183434473,,,,39.0
2025-08-27 14:16:44.000,2025-08-27 14:17:32,2071987235133227244,46.264823720422015,,,,
2025-08-27 14:16:48.000,2025-08-27 14:17:32,2071987235133243628,,,,,50.0
2025-08-27 14:17:04.000,2025-08-27 14:17:32,2071987235133292780,43.76647508750703,,,,
2025-08-27 14:17:08.000,2025-08-27 14:17:32,2071987235133309164,,,,,46.0
2025-08-27 14:17:11.000,2025-08-27 14:17:12,2071987153075765484,,82.0,,,
2025-08-27 14:17:19.000,2025-08-27 14:18:33,2071987492013244652,,,,,44.0
2025-08-27 14:17:29.000,2025-08-27 14:18:33,2071987492013261036,,,,,35.0
2025-08-27 14:17:30.000,2025-08-27 14:18:33,2071987492013277420,34.43239272287283,,79.0,538770.0,
2025-08-27 14:17:40.000,2025-08-27 14:18:33,2071987492013310188,,,,,26.0
2025-08-27 14:17:41.000,2025-08-27 14:18:33,2071987492013326572,27.141066875736943,,,,
2025-08-27 14:17:50.000,2025-08-27 14:18:33,2071987492013342956,,,,,22.0
2025-08-27 14:18:00.000,2025-08-27 14:18:33,2071987492013359340,,,,,3.0
2025-08-27 14:18:02.000,2025-08-27 14:18:33,2071987492013375724,0.2018680511399063,,,,
2025-08-27 14:18:11.000,2025-08-27 14:18:33,2071987492013621484,,,,,0.0
2025-08-27 14:18:14.000,2025-08-27 14:18:16,2071987421058187500,,76.0,,,
2025-08-27 14:18:21.000,2025-08-27 14:19:16,2071987669453308140,,,,,1.0
2025-08-27 14:18:31.000,2025-08-27 14:19:16,2071987669453324524,,,79.0,538790.0,0.0
2025-08-27 14:19:31.000,2025-08-27 14:20:15,2071987919840674028,,,79.0,,
2025-08-27 14:19:33.000,2025-08-27 14:20:15,2071987919840690412,0.0,,,,
2025-08-27 14:20:32.000,2025-08-27 14:21:17,2071988177148625132,,,79.0,,
2025-08-27 14:21:32.000,2025-08-27 14:22:16,2071988427775213804,,,79.0,,
2025-08-27 14:22:32.000,2025-08-27 14:23:17,2071988682549690604,,,79.0,,
2025-08-27 14:23:33.000,2025-08-27 14:24:18,2071988937538224364,,,79.0,,
2025-08-27 14:24:33.000,2025-08-27 14:25:19,2071989192245706988,,,79.0,,
2025-08-27 14:25:34.000,2025-08-27 17:32:35,2072036319382470892,,,79.0,,
2025-08-27 17:31:43.000,2025-08-27 17:32:35,2072036319382503660,,,79.0,,
2025-08-27 17:32:44.000,2025-08-27 17:33:36,2072036575151161580,,,79.0,,
2025-08-27 17:33:44.000,2025-08-27 17:34:37,2072036831028887788,,,79.0,,
2025-08-27 17:34:45.000,2025-08-27 17:35:37,2072037085870588140,,,79.0,,
2025-08-27 17:35:45.000,2025-08-27 17:36:38,2072037340812984556,,,79.0,,
2025-08-27 17:36:46.000,2025-08-27 17:37:09,2072037469112549612,,,79.0,,
2025-08-28 04:46:53.000,2025-08-28 04:47:51,2072206258642878700,,,79.0,,
2025-08-28 04:47:33.000,2025-08-28 04:47:34,2072206185372582124,,77.0,,,
2025-08-28 04:47:54.000,2025-08-28 04:48:52,2072206513694392556,,,78.0,538810.0,
2025-08-28 04:47:55.000,2025-08-28 04:48:52,2072206513694408940,,,,,1.0
2025-08-28 04:48:05.000,2025-08-28 04:48:52,2072206513694441708,,,,,10.0
2025-08-28 04:48:15.000,2025-08-28 04:48:52,2072206513694458092,22.301789649786713,,,,
2025-08-28 04:48:16.000,2025-08-28 04:48:52,2072206513694474476,,,,,23.0
2025-08-28 04:48:26.000,2025-08-28 04:48:52,2072206513694507244,,,,,12.0
2025-08-28 04:48:27.000,2025-08-28 04:48:52,2072206513694523628,14.217807601844592,,,,
2025-08-28 04:48:35.000,2025-08-28 04:48:35,2072206442953179372,,82.0,,,
2025-08-28 04:48:36.000,2025-08-28 04:51:23,2072207144609923308,,,,,22.0
2025-08-28 04:48:47.000,2025-08-28 04:51:23,2072207144609939692,,,,,31.0
2025-08-28 04:48:54.000,2025-08-28 04:51:23,2072207144609956076,,,78.0,538830.0,
2025-08-28 04:48:57.000,2025-08-28 04:51:23,2072207144609988844,,,,,35.0
2025-08-28 04:49:07.000,2025-08-28 04:51:23,2072207144610005228,,,,,37.0
2025-08-28 04:49:18.000,2025-08-28 04:51:23,2072207144610021612,,,,,41.0
2025-08-28 04:49:28.000,2025-08-28 04:51:23,2072207144610054380,,,,,40.0
2025-08-28 04:49:36.000,2025-08-28 04:50:28,2072206915126952172,,82.0,,,
2025-08-28 04:49:39.000,2025-08-28 04:51:23,2072207144610103532,,,,,33.0
2025-08-28 04:49:45.000,2025-08-28 04:51:23,2072207144610119916,36.43810923098768,,,,
2025-08-28 04:49:49.000,2025-08-28 04:51:23,2072207144610136300,,,,,41.0
2025-08-28 04:49:54.000,2025-08-28 04:51:23,2072207144610152684,,,78.0,538840.0,
2025-08-28 04:49:59.000,2025-08-28 04:51:23,2072207144610185452,,,,,37.0
2025-08-28 04:50:10.000,2025-08-28 04:51:23,2072207144610201836,,,,,41.0
2025-08-28 04:50:20.000,2025-08-28 04:51:23,2072207144610218220,,,,,43.0
2025-08-28 04:50:30.000,2025-08-28 04:51:23,2072207144610250988,34.449060727095386,,,,
2025-08-28 04:50:31.000,2025-08-28 04:51:23,2072207144610267372,,,,,37.0
2025-08-28 04:50:37.000,2025-08-28 04:50:44,2072206984714649836,,78.0,,,
2025-08-28 04:50:41.000,2025-08-28 04:51:23,2072207144610316524,,,,,39.0
2025-08-28 04:50:51.000,2025-08-28 04:51:23,2072207144610332908,,,,,46.0
2025-08-28 04:50:55.000,2025-08-28 04:51:23,2072207144610349292,,,78.0,538890.0,
2025-08-28 04:51:02.000,2025-08-28 04:51:23,2072207144610382060,,,,,44.0
2025-08-28 04:51:06.000,2025-08-28 04:52:23,2072207399069991148,36.07511713902968,,,,
2025-08-28 04:51:12.000,2025-08-28 04:52:23,2072207399074136300,,,,,35.0
2025-08-28 04:51:23.000,2025-08-28 04:52:23,2072207399074152684,,,,,32.0
2025-08-28 04:51:29.000,2025-08-28 04:52:23,2072207399074185452,6.452369634600307,,,,
2025-08-28 04:51:33.000,2025-08-28 04:52:23,2072207399074234604,,,,,22.0
2025-08-28 04:51:37.000,2025-08-28 04:52:23,2072207399074250988,33.88605258446666,,,,
2025-08-28 04:51:38.000,2025-08-28 04:51:39,2072207215204237548,,68.0,,,
2025-08-28 04:51:43.000,2025-08-28 04:52:23,2072207399074283756,,,,,42.0
2025-08-28 04:51:54.000,2025-08-28 04:52:23,2072207399074300140,42.949742880601534,,,,43.0
2025-08-28 04:51:55.000,2025-08-28 04:52:23,2072207399074316524,,,78.0,538970.0,
2025-08-28 04:52:04.000,2025-08-28 04:53:24,2072207655547453676,,,,,39.0
2025-08-28 04:52:15.000,2025-08-28 04:53:24,2072207655547470060,19.914561045022133,,,,16.0
2025-08-28 04:52:25.000,2025-08-28 04:53:24,2072207655547584748,,,,,23.0
2025-08-28 04:52:26.000,2025-08-28 04:53:24,2072207655547601132,22.783309771771812,,,,
2025-08-28 04:52:35.000,2025-08-28 04:53:24,2072207655547617516,,,,,12.0
2025-08-28 04:52:39.000,2025-08-28 04:52:40,2072207470234697964,,81.0,,,
2025-08-28 04:52:45.000,2025-08-28 04:53:24,2072207655547683052,,,,,0.0
2025-08-28 04:52:56.000,2025-08-28 04:53:24,2072207655547977964,,,78.0,539000.0,
2025-08-28 04:53:28.000,2025-08-28 04:54:25,2072207910863159532,1.277880323729682,,,,
2025-08-28 04:53:37.000,2025-08-28 04:54:25,2072207910863192300,,,,,6.0
2025-08-28 04:53:41.000,2025-08-28 04:53:42,2072207728981328108,,80.0,,,
2025-08-28 04:53:48.000,2025-08-28 04:54:25,2072207910863225068,,,,,2.0
2025-08-28 04:53:56.000,2025-08-28 04:54:25,2072207910863257836,,,78.0,539020.0,
2025-08-28 04:53:58.000,2025-08-28 04:54:25,2072207910863290604,,,,,0.0
2025-08-28 04:54:56.000,2025-08-28 04:55:29,2072208178778554604,,,78.0,,
2025-08-28 04:54:57.000,2025-08-28 04:55:29,2072208178778570988,0.0,,,,
2025-08-28 04:55:56.000,2025-08-28 04:56:30,2072208435453198572,,,78.0,,
2025-08-28 04:56:57.000,2025-08-28 04:57:30,2072208687807709420,,,78.0,,
2025-08-28 04:57:57.000,2025-08-28 04:58:30,2072208938098573548,,,78.0,,
2025-08-28 04:58:57.000,2025-08-28 04:59:31,2072209192780873964,,,78.0,,
2025-08-28 04:59:58.000,2025-08-28 05:00:33,2072209454111211756,,,78.0,,
2025-08-28 04:59:59.000,2025-08-28 05:00:33,2072209454111228140,0.16668004222561073,,,,
2025-08-28 05:00:58.000,2025-08-28 05:01:33,2072209703135445228,,,78.0,,
2025-08-28 05:01:59.000,2025-08-28 05:02:32,2072209953816428780,,,78.0,,
2025-08-28 05:02:59.000,2025-08-28 05:03:33,2072210208804913388,,,78.0,,
2025-08-28 05:04:00.000,2025-08-28 05:04:34,2072210464082821356,,,78.0,,
2025-08-28 05:05:00.000,2025-08-28 06:05:22,2072225763330900204,0.0,,78.0,,
2025-08-28 06:04:26.000,2025-08-28 06:05:22,2072225763330949356,,,78.0,,
2025-08-28 06:04:53.000,2025-08-28 06:04:55,2072225650357305580,,68.0,,,
2025-08-28 06:04:57.000,2025-08-28 06:05:22,2072225763331293420,,,,,2.0
2025-08-28 06:05:17.000,2025-08-28 06:05:59,2072225919514329324,,,,,0.0
2025-08-28 06:05:26.000,2025-08-28 06:05:59,2072225919514476780,,,78.0,539040.0,
2025-08-28 06:06:26.000,2025-08-28 06:07:03,2072226187475763436,,,78.0,,
2025-08-28 06:07:27.000,2025-08-28 06:07:59,2072226425439617260,,,78.0,,
2025-08-28 06:08:27.000,2025-08-28 06:09:00,2072226680071602412,,,78.0,,
2025-08-28 06:09:27.000,2025-08-28 06:10:01,2072226935047684332,,,78.0,,
2025-08-28 06:10:28.000,2025-08-28 06:11:02,2072227190098952428,,,78.0,,
2025-08-28 06:11:28.000,2025-08-28 06:12:03,2072227447167844588,,,78.0,,
2025-08-28 08:05:46.000,2025-08-28 08:06:44,2072256306760155372,,,78.0,,
2025-08-28 08:06:46.000,2025-08-28 08:07:45,2072256562344247532,,,78.0,,
2025-08-28 08:07:47.000,2025-08-28 08:08:45,2072256817257283820,,,78.0,,
2025-08-28 08:08:47.000,2025-08-28 08:09:46,2072257070983315692,,,78.0,,
2025-08-28 08:09:48.000,2025-08-28 08:10:47,2072257326299562220,,,78.0,,
2025-08-28 08:10:48.000,2025-08-28 08:11:17,2072257453482868972,,,78.0,,
2025-08-28 09:25:50.000,2025-08-28 09:26:45,2072276443768848620,,,78.0,,
2025-08-28 09:26:50.000,2025-08-28 09:27:45,2072276698363101420,,,78.0,,
2025-08-28 09:27:51.000,2025-08-28 09:28:46,2072276953724895468,,,78.0,,
2025-08-28 09:28:51.000,2025-08-28 09:29:47,2072277208948326636,,,78.0,,
2025-08-28 09:29:51.000,2025-08-28 09:30:48,2072277463731306732,,,78.0,,
2025-08-28 09:30:52.000,2025-08-28 09:31:22,2072277605020647660,,,78.0,,
2025-08-28 09:32:20.000,2025-08-28 09:33:24,2072278118948684012,,,78.0,539040.0,0.0
2025-08-28 09:32:29.000,2025-08-28 09:33:24,2072278118948765932,0.0,,,,
2025-08-28 09:33:22.000,2025-08-28 09:34:25,2072278373639389420,,,78.0,,
2025-08-28 09:34:22.000,2025-08-28 09:35:48,2072278722630664428,,,78.0,,
2025-08-28 09:35:22.000,2025-08-28 09:36:26,2072278881292861676,,,78.0,,
2025-08-28 09:36:23.000,2025-08-28 09:37:27,2072279136629440748,,,78.0,,
2025-08-28 09:37:23.000,2025-08-28 09:38:28,2072279391672484076,,,78.0,,
2025-08-28 09:38:43.000,2025-08-28 11:04:43,2072301097644458220,,,78.0,,
2025-08-28 11:03:47.000,2025-08-28 11:04:43,2072301097644490988,,,78.0,,
2025-08-28 11:04:47.000,2025-08-28 11:05:43,2072301352767226092,,,78.0,,
2025-08-28 11:05:48.000,2025-08-28 11:06:45,2072301609668346092,,,78.0,,
2025-08-28 11:06:48.000,2025-08-28 11:07:44,2072301860055711980,,,78.0,,
2025-08-28 11:07:49.000,2025-08-28 11:08:45,2072302114398322924,,,78.0,,
2025-08-28 11:08:49.000,2025-08-28 11:09:12,2072302225861951724,,,78.0,,
2025-08-28 11:35:07.000,2025-08-28 11:35:59,2072308967471841516,,,78.0,,
2025-08-28 11:35:27.000,2025-08-28 11:35:59,2072308967472054508,,,,,9.0
2025-08-28 11:35:38.000,2025-08-28 11:35:39,2072308884877361388,,78.0,,,
2025-08-28 11:36:08.000,2025-08-28 11:37:01,2072309228927746284,,,78.0,539050.0,
2025-08-28 11:37:08.000,2025-08-28 11:38:00,2072309474562998508,,,78.0,,
2025-08-28 11:38:09.000,2025-08-28 11:39:10,2072309768780824812,,,78.0,,
2025-08-28 11:39:09.000,2025-08-28 11:40:11,2072310023228260588,,,78.0,,
2025-08-28 11:40:09.000,2025-08-28 11:41:11,2072310277201772780,,,78.0,,
2025-08-28 11:41:10.000,2025-08-28 11:42:12,2072310533133959404,,,78.0,,
2025-08-28 11:42:10.000,2025-08-28 11:43:16,2072310799644262636,,,78.0,,
2025-08-28 11:42:59.000,2025-08-28 11:43:47,2072310931949371628,0.22038805583164084,,,,
2025-08-28 11:43:11.000,2025-08-28 11:43:47,2072310931949437164,,,78.0,,
2025-08-28 11:43:26.000,2025-08-28 11:43:47,2072310931949650156,,,,,2.0
2025-08-28 11:43:36.000,2025-08-28 11:44:49,2072311190125658348,,,,,1.0
2025-08-28 11:43:46.001,2025-08-28 11:44:49,2072311190125838572,,,,,0.0
2025-08-28 11:44:11.000,2025-08-28 11:44:49,2072311190126346476,,,78.0,539070.0,
2025-08-28 11:44:16.000,2025-08-28 11:44:17,2072311054326579436,,80.0,,,
2025-08-28 11:45:11.000,2025-08-28 11:45:50,2072311444996718828,,,78.0,539080.0,
2025-08-28 11:45:18.000,2025-08-28 11:45:19,2072311317754020076,,77.0,,,
2025-08-28 11:45:19.000,2025-08-28 11:45:50,2072311444996751596,,,,,1.0
2025-08-28 11:45:29.000,2025-08-28 11:45:50,2072311444996817132,,,,,7.0
2025-08-28 11:45:40.000,2025-08-28 11:46:53,2072311712496746732,,,,,15.000000000000002
2025-08-28 11:45:44.000,2025-08-28 11:46:53,2072311712496763116,22.227709631019778,,,,
2025-08-28 11:45:50.000,2025-08-28 11:46:53,2072311712500941036,,,,,22.0
2025-08-28 11:46:01.000,2025-08-28 11:46:53,2072311712500973804,,,,,6.0
2025-08-28 11:46:02.000,2025-08-28 11:46:53,2072311712500990188,13.28810336631952,,,,
2025-08-28 11:46:11.000,2025-08-28 11:46:53,2072311712501022956,,,78.0,539090.0,4.0
2025-08-28 11:46:20.000,2025-08-28 11:46:21,2072311576802623724,,72.0,,,
2025-08-28 11:46:21.000,2025-08-28 11:46:53,2072311712501072108,,,,,7.0
2025-08-28 11:46:32.000,2025-08-28 11:47:51,2072311955065946348,,,,,28.0
2025-08-28 11:46:42.000,2025-08-28 11:47:51,2072311955065962732,,,,,32.0
2025-08-28 11:46:53.000,2025-08-28 11:47:51,2072311955065995500,,,,,30.000000000000004
2025-08-28 11:47:03.000,2025-08-28 11:47:51,2072311955066011884,,,,,22.0
2025-08-28 11:47:11.000,2025-08-28 11:47:51,2072311955066028268,,,78.0,539110.0,
2025-08-28 11:47:13.000,2025-08-28 11:47:51,2072311955066044652,,,,,7.0
2025-08-28 11:47:21.000,2025-08-28 11:47:22,2072311830797091052,,81.0,,,
2025-08-28 11:47:24.000,2025-08-28 11:47:51,2072311955066110188,,,,,21.0
2025-08-28 11:47:27.000,2025-08-28 11:47:51,2072311955066126572,18.16256860118405,,,,
2025-08-28 11:47:34.000,2025-08-28 11:48:53,2072312212562641132,,,,,19.0
2025-08-28 11:47:45.000,2025-08-28 11:48:53,2072312212562657516,,,,,18.0
2025-08-28 11:47:55.000,2025-08-28 11:48:53,2072312212562673900,,,,,33.0
2025-08-28 11:47:57.000,2025-08-28 11:48:53,2072312212562690284,33.19896041040331,,,,
2025-08-28 11:48:05.000,2025-08-28 11:48:53,2072312212562706668,,,,,35.0
2025-08-28 11:48:12.000,2025-08-28 11:48:53,2072312212562723052,,,78.0,539140.0,
2025-08-28 11:48:14.000,2025-08-28 11:48:53,2072312212562739436,39.59947403186676,,,,
2025-08-28 11:48:16.000,2025-08-28 11:48:53,2072312212562772204,,,,,42.0
2025-08-28 11:48:22.000,2025-08-28 11:48:24,2072312090420314348,,78.0,,,
2025-08-28 11:48:26.001,2025-08-28 11:48:53,2072312212562821356,,,,,40.0
2025-08-28 11:48:34.000,2025-08-28 11:49:53,2072312464103440620,34.80279281670752,,,,
2025-08-28 11:48:36.000,2025-08-28 11:49:53,2072312464107634924,,,,,36.0
2025-08-28 11:48:41.000,2025-08-28 11:49:53,2072312464107651308,41.11996641705816,,,,
2025-08-28 11:48:47.000,2025-08-28 11:49:53,2072312464107684076,,,,,34.0
2025-08-28 11:48:50.000,2025-08-28 11:49:53,2072312464107700460,30.943223838950036,,,,
2025-08-28 11:48:55.000,2025-08-28 11:49:53,2072312464107716844,37.660429540642156,,,,
2025-08-28 11:48:57.000,2025-08-28 11:49:53,2072312464107733228,,,,,41.0
2025-08-28 11:49:07.000,2025-08-28 11:49:53,2072312464107847916,,,,,60.00000000000001
2025-08-28 11:49:13.000,2025-08-28 11:49:53,2072312464107864300,,,78.0,539160.0,
2025-08-28 11:49:18.000,2025-08-28 11:49:53,2072312464107897068,,,,,60.99999999999999
2025-08-28 11:49:23.000,2025-08-28 11:49:24,2072312343492034796,,77.0,,,
2025-08-28 11:49:28.000,2025-08-28 11:49:53,2072312464107929836,,,,,66.0
2025-08-28 11:49:39.000,2025-08-28 11:50:54,2072312719842738412,,,,,62.0
2025-08-28 11:49:46.000,2025-08-28 11:50:54,2072312719842754796,59.558483088149046,,,,
2025-08-28 11:49:53.000,2025-08-28 11:50:54,2072312719842787564,63.714372140974284,,,,
2025-08-28 11:50:00.000,2025-08-28 11:50:54,2072312719842803948,,,,,67.0
2025-08-28 11:50:10.000,2025-08-28 11:50:54,2072312719842836716,,,,,58.0
2025-08-28 11:50:13.000,2025-08-28 11:50:54,2072312719842853100,,,78.0,539230.0,
2025-08-28 11:50:18.000,2025-08-28 11:50:54,2072312719842885868,58.125034725008796,,,,
2025-08-28 11:50:20.000,2025-08-28 11:50:54,2072312719842902252,,,,,59.0
2025-08-28 11:50:24.000,2025-08-28 11:50:25,2072312601848578284,,77.0,,,
2025-08-28 11:50:31.000,2025-08-28 11:50:54,2072312719843016940,,,,,64.0
2025-08-28 11:50:40.000,2025-08-28 11:51:54,2072312974718009580,69.52594961324056,,,,
2025-08-28 11:50:41.000,2025-08-28 11:51:54,2072312974718025964,,,,,71.0
2025-08-28 11:50:51.000,2025-08-28 11:51:54,2072312974718058732,,,,,76.0
2025-08-28 11:51:02.000,2025-08-28 11:51:54,2072312974718075116,,,,,77.0
2025-08-28 11:51:12.000,2025-08-28 11:51:54,2072312974718091500,,,,,63.0
2025-08-28 11:51:13.000,2025-08-28 11:51:54,2072312974718107884,,,78.0,539300.0,
2025-08-28 11:51:23.000,2025-08-28 11:51:54,2072312974718140652,,,,,60.99999999999999
2025-08-28 11:51:26.000,2025-08-28 11:51:26,2072312856153440492,,76.0,,,
2025-08-28 11:51:33.000,2025-08-28 11:51:54,2072312974718173420,,,,,69.0
2025-08-28 11:51:43.000,2025-08-28 11:54:23,2072313596951429356,,,,,73.0
2025-08-28 11:51:54.000,2025-08-28 11:54:23,2072313596951462124,,,,,76.0
2025-08-28 11:52:04.000,2025-08-28 11:54:23,2072313596951478508,,,,,73.0
2025-08-28 11:52:09.000,2025-08-28 11:54:23,2072313596951494892,71.4909221110336,,,,
2025-08-28 11:52:13.000,2025-08-28 11:54:23,2072313596951511276,,,78.0,539410.0,
2025-08-28 11:52:14.000,2025-08-28 11:54:23,2072313596951527660,,,,,71.0
2025-08-28 11:52:25.000,2025-08-28 11:54:23,2072313596951560428,,,,,72.0
2025-08-28 11:52:27.000,2025-08-28 11:52:30,2072313124014260460,,82.0,,,
2025-08-28 11:52:35.000,2025-08-28 11:54:23,2072313596951707884,,,,,62.0
2025-08-28 11:52:44.000,2025-08-28 11:54:23,2072313596951740652,15.393827899769734,,,,
2025-08-28 11:52:45.000,2025-08-28 11:54:23,2072313596951757036,,,,,21.0
2025-08-28 11:52:56.000,2025-08-28 11:54:23,2072313596951789804,,,,,28.0
2025-08-28 11:53:06.000,2025-08-28 11:54:23,2072313596951806188,,,,,14.0
2025-08-28 11:53:14.000,2025-08-28 11:54:23,2072313596951822572,,,78.0,539470.0,
2025-08-28 11:53:22.000,2025-08-28 11:54:23,2072313596951871724,8.532166161482095,,,,
2025-08-28 11:53:27.000,2025-08-28 11:54:23,2072313596951888108,,,,,10.0
2025-08-28 11:53:28.000,2025-08-28 11:53:49,2072313456979083500,,80.0,,,
2025-08-28 11:53:37.000,2025-08-28 11:54:23,2072313596951937260,,,,,13.0
2025-08-28 11:53:41.000,2025-08-28 11:54:23,2072313596951953644,8.682178199485143,,,,
2025-08-28 11:53:48.000,2025-08-28 11:54:23,2072313596952084716,,,,,9.0
2025-08-28 11:53:54.000,2025-08-28 11:53:54,2072313477338235116,,76.0,,,
2025-08-28 11:53:58.000,2025-08-28 11:54:23,2072313596952150252,,,,,6.0
2025-08-28 11:54:08.000,2025-08-28 11:54:46,2072313692493447404,,,,,0.0
2025-08-28 11:54:14.001,2025-08-28 11:54:46,2072313692535554284,,,78.0,539480.0,
2025-08-28 11:55:12.000,2025-08-28 11:55:45,2072313943770120428,0.0,,,,
2025-08-28 11:55:15.000,2025-08-28 11:55:45,2072313943770136812,,,78.0,,
2025-08-28 11:56:15.000,2025-08-28 11:56:46,2072314198452420844,,,78.0,,
2025-08-28 11:57:15.000,2025-08-28 11:57:47,2072314453449310444,,,78.0,,
2025-08-28 11:58:16.000,2025-08-28 11:58:48,2072314708089749740,,,78.0,,
2025-08-28 11:59:16.000,2025-08-28 11:59:48,2072314962809831660,,,78.0,,
2025-08-28 12:00:12.000,2025-08-28 12:00:49,2072315218175918316,0.03704000938346905,,,,
2025-08-28 12:00:16.000,2025-08-28 12:00:49,2072315218175934700,,,78.0,,
2025-08-28 12:04:28.000,2025-08-28 12:05:18,2072316344489001196,,,78.0,,
2025-08-28 12:05:28.000,2025-08-28 12:06:19,2072316599502733548,,,78.0,,
2025-08-28 12:06:29.000,2025-08-28 12:07:20,2072316856198299884,,,78.0,,
2025-08-28 12:07:29.000,2025-08-28 12:08:20,2072317110289219820,,,78.0,,
2025-08-28 12:08:30.000,2025-08-28 12:09:21,2072317365533589740,,,78.0,,
2025-08-28 12:08:36.000,2025-08-28 12:09:21,2072317365533606124,0.0,,,,
2025-08-28 12:09:30.000,2025-08-28 12:09:58,2072317519594553580,,,78.0,,
2025-08-28 12:12:48.000,2025-08-28 12:13:39,2072318447919874284,,,78.0,,
2025-08-28 12:13:27.000,2025-08-28 12:13:29,2072318403963519212,,71.0,,,
2025-08-28 12:13:49.000,2025-08-28 12:14:40,2072318703151874284,,,78.0,539500.0,
2025-08-28 12:14:29.000,2025-08-28 12:14:29,2072318656896827628,,76.0,,,
2025-08-28 12:14:31.000,2025-08-28 12:15:40,2072318954881188076,,,,,8.0
2025-08-28 12:14:42.000,2025-08-28 12:15:40,2072318954881220844,,,,,10.0
2025-08-28 12:14:49.000,2025-08-28 12:15:40,2072318954881237228,,,78.0,539520.0,
2025-08-28 12:14:52.000,2025-08-28 12:15:40,2072318954881269996,,,,,6.0
2025-08-28 12:15:13.000,2025-08-28 12:15:40,2072318954881335532,,,,,0.0
2025-08-28 12:15:49.000,2025-08-28 12:16:41,2072319210045866220,,,78.0,,
2025-08-28 12:16:50.000,2025-08-28 12:17:42,2072319464740798700,,,78.0,,
2025-08-28 12:17:50.000,2025-08-28 12:18:42,2072319719083376876,,,78.0,,
2025-08-28 12:18:50.000,2025-08-28 12:19:43,2072319973409177836,,,78.0,,
2025-08-28 12:19:42.000,2025-08-28 12:20:09,2072320081597153516,12.471371159414028,,,,
2025-08-28 12:19:43.000,2025-08-28 12:20:09,2072320081597169900,,,,,12.0
2025-08-28 12:19:47.000,2025-08-28 12:19:48,2072319996196815084,,72.0,,,
2025-08-28 12:19:50.000,2025-08-28 12:21:10,2072320337319559404,,,78.0,539530.0,
2025-08-28 12:19:53.000,2025-08-28 12:21:10,2072320337327964396,,,,,23.0
2025-08-28 12:19:57.000,2025-08-28 12:21:10,2072320337327980780,34.939840851426354,,,,
2025-08-28 12:20:04.000,2025-08-28 12:21:10,2072320337327997164,,,,,41.0
2025-08-28 12:20:14.000,2025-08-28 12:21:10,2072320337328013548,,,,,3.0
2025-08-28 12:20:16.000,2025-08-28 12:21:10,2072320337328029932,10.791606733873707,,,,
2025-08-28 12:20:24.000,2025-08-28 12:21:10,2072320337328079084,,,,,50.0
2025-08-28 12:20:35.000,2025-08-28 12:21:10,2072320337328095468,,,,,75.0
2025-08-28 12:20:45.000,2025-08-28 12:21:10,2072320337328111852,,,,,88.0
2025-08-28 12:20:49.000,2025-08-28 12:20:50,2072320253798383852,,75.0,,,
2025-08-28 12:20:50.000,2025-08-28 12:22:10,2072320591951560940,,,77.0,539670.0,
2025-08-28 12:20:56.000,2025-08-28 12:22:10,2072320591955788012,,,,,89.0
2025-08-28 12:21:06.000,2025-08-28 12:22:10,2072320591955804396,,,,,86.0
2025-08-28 12:21:16.000,2025-08-28 12:22:10,2072320591955820780,,,,,81.0
2025-08-28 12:21:27.000,2025-08-28 12:22:10,2072320591955853548,,,,,77.0
2025-08-28 12:21:37.000,2025-08-28 12:22:10,2072320591955869932,,,,,63.0
2025-08-28 12:21:48.000,2025-08-28 12:22:10,2072320591955886316,65.10707649379272,,,,67.0
2025-08-28 12:21:50.000,2025-08-28 12:21:51,2072320509944545516,,76.0,,,
2025-08-28 12:21:51.000,2025-08-28 12:23:11,2072320847346942188,,,78.0,539710.0,
2025-08-28 12:21:58.000,2025-08-28 12:23:11,2072320847351152876,,,,,74.0
2025-08-28 12:22:08.000,2025-08-28 12:23:11,2072320847351169260,,,,,80.0
2025-08-28 12:22:19.000,2025-08-28 12:23:11,2072320847351185644,,,,,79.0
2025-08-28 12:22:29.000,2025-08-28 12:23:11,2072320847351218412,,,,,71.0
2025-08-28 12:22:50.000,2025-08-28 12:23:11,2072320847351267564,,,,,69.0
2025-08-28 12:22:51.000,2025-08-28 12:23:11,2072320847351283948,,,78.0,539760.0,
2025-08-28 12:22:52.000,2025-08-28 12:22:53,2072320769416757484,,84.0,,,
2025-08-28 12:23:19.000,2025-08-28 12:24:12,2072321102608138476,67.07390099205492,,,,
2025-08-28 12:23:21.000,2025-08-28 12:24:12,2072321102608154860,,,,,66.0
2025-08-28 12:23:32.000,2025-08-28 12:24:12,2072321102608187628,,,,,53.0
2025-08-28 12:23:42.000,2025-08-28 12:24:12,2072321102608204012,,,,,46.0
2025-08-28 12:23:51.000,2025-08-28 12:24:12,2072321102608220396,,,78.0,539770.0,
2025-08-28 12:23:52.000,2025-08-28 12:24:12,2072321102608236780,,,,,31.0
2025-08-28 12:23:53.000,2025-08-28 12:23:54,2072321024359137516,,66.0,,,
2025-08-28 12:23:54.000,2025-08-28 12:25:13,2072321357701447916,30.05241161327761,,,,
2025-08-28 12:24:03.000,2025-08-28 12:25:13,2072321357701480684,,,,,38.0
2025-08-28 12:24:05.000,2025-08-28 12:25:13,2072321357701497068,38.28640569922278,,,,
2025-08-28 12:24:13.000,2025-08-28 12:25:13,2072321357701513452,,,,,37.0
2025-08-28 12:24:23.000,2025-08-28 12:25:13,2072321357701529836,,,,,28.0
2025-08-28 12:24:27.000,2025-08-28 12:25:13,2072321357701546220,21.203553371566855,,,,
2025-08-28 12:24:34.000,2025-08-28 12:25:13,2072321357701562604,,,,,29.0
2025-08-28 12:24:44.000,2025-08-28 12:25:13,2072321357701578988,,,,,28.0
2025-08-28 12:24:51.000,2025-08-28 12:25:13,2072321357701693676,,,78.0,539820.0,
2025-08-28 12:24:54.000,2025-08-28 12:24:56,2072321286125650156,,78.0,,,
2025-08-28 12:24:55.000,2025-08-28 12:26:14,2072321612660621548,,,,,27.0
2025-08-28 12:25:05.000,2025-08-28 12:26:14,2072321612660654316,,,,,30.000000000000004
2025-08-28 12:25:15.000,2025-08-28 12:26:14,2072321612660687084,,,,,34.0
2025-08-28 12:25:26.000,2025-08-28 12:26:14,2072321612660719852,,,,,33.0
2025-08-28 12:25:36.000,2025-08-28 12:26:14,2072321612660736236,,,,,38.0
2025-08-28 12:25:47.000,2025-08-28 12:26:14,2072321612660752620,,,,,41.0
2025-08-28 12:25:52.000,2025-08-28 12:26:14,2072321612660769004,,,78.0,539840.0,
2025-08-28 12:25:55.000,2025-08-28 12:25:56,2072321539805544684,,77.0,,,
2025-08-28 12:25:57.000,2025-08-28 12:27:15,2072321868047614188,40.221746189509034,,,,39.0
2025-08-28 12:26:07.000,2025-08-28 12:27:15,2072321868047646956,,,,,30.000000000000004
2025-08-28 12:26:18.000,2025-08-28 12:27:15,2072321868047663340,,,,,19.0
2025-08-28 12:26:28.000,2025-08-28 12:27:15,2072321868047696108,,,,,34.0
2025-08-28 12:26:38.000,2025-08-28 12:27:15,2072321868047712492,,,,,32.0
2025-08-28 12:26:43.000,2025-08-28 12:27:15,2072321868047728876,28.037435102816893,,,,
2025-08-28 12:26:49.000,2025-08-28 12:27:15,2072321868047745260,,,,,28.0
2025-08-28 12:26:50.000,2025-08-28 12:27:15,2072321868047761644,28.980103341626183,,,,
2025-08-28 12:26:52.000,2025-08-28 12:27:15,2072321868047778028,,,78.0,539870.0,
2025-08-28 12:26:56.000,2025-08-28 12:26:56,2072321791581241580,,77.0,,,
2025-08-28 12:26:59.000,2025-08-28 12:28:15,2072322122734108908,,,,,40.0
2025-08-28 12:27:10.000,2025-08-28 12:28:15,2072322122738303212,,,,,26.0
2025-08-28 12:27:20.000,2025-08-28 12:28:15,2072322122738319596,,,,,42.0
2025-08-28 12:27:31.000,2025-08-28 12:28:15,2072322122738352364,,,,,35.0
2025-08-28 12:27:40.000,2025-08-28 12:28:15,2072322122738368748,9.880422503040368,,,,
2025-08-28 12:27:41.000,2025-08-28 12:28:15,2072322122738385132,,,,,10.0
2025-08-28 12:27:51.000,2025-08-28 12:28:15,2072322122738434284,,,,,0.0
2025-08-28 12:27:52.000,2025-08-28 12:28:15,2072322122738450668,,,78.0,539880.0,
2025-08-28 12:28:53.000,2025-08-28 12:29:27,2072322421569945836,,,78.0,,
2025-08-28 12:29:10.000,2025-08-28 12:30:27,2072322676298383596,0.0,,,,
2025-08-28 12:29:54.000,2025-08-28 12:30:27,2072322676306854124,,,78.0,,
2025-08-28 12:30:54.000,2025-08-28 12:31:28,2072322931278545132,,,78.0,,
2025-08-28 12:31:55.000,2025-08-28 12:32:29,2072323185939923180,,,78.0,,
2025-08-28 12:32:55.000,2025-08-28 12:33:30,2072323440618078444,,,78.0,,
2025-08-28 12:33:56.000,2025-08-28 12:34:30,2072323694960640236,,,78.0,,
2025-08-28 12:46:46.000,2025-08-28 12:47:36,2072326993151590636,,,78.0,,
2025-08-28 12:47:17.000,2025-08-28 12:47:42,2072327017860169964,,,,,9.0
2025-08-28 12:47:20.000,2025-08-28 12:47:20,2072326925119963372,,66.0,,,
2025-08-28 12:47:27.000,2025-08-28 12:48:43,2072327270814449900,,,,,28.0
2025-08-28 12:47:38.000,2025-08-28 12:48:43,2072327270814466284,,,,,22.0
2025-08-28 12:47:46.000,2025-08-28 12:48:43,2072327270814482668,,,78.0,539930.0,
2025-08-28 12:47:48.000,2025-08-28 12:48:43,2072327270814515436,,,,,20.0
2025-08-28 12:47:55.000,2025-08-28 12:48:43,2072327270814531820,13.506639421681989,,,,
2025-08-28 12:47:58.000,2025-08-28 12:48:43,2072327270814548204,,,,,10.0
2025-08-28 12:48:09.000,2025-08-28 12:48:43,2072327270814564588,,,,,0.0
2025-08-28 12:48:16.001,2025-08-28 12:48:43,2072327270814695660,,,,539940.0,
2025-08-28 12:48:46.000,2025-08-28 12:49:43,2072327525203247340,,,78.0,,
2025-08-28 12:49:46.000,2025-08-28 12:50:44,2072327780216897772,,,78.0,,
2025-08-28 12:50:47.000,2025-08-28 12:51:45,2072328035230580972,,,78.0,,
2025-08-28 12:51:06.000,2025-08-28 12:51:45,2072328035230630124,0.0,,,,
2025-08-28 12:51:47.000,2025-08-28 12:52:46,2072328289908752620,,,78.0,,
2025-08-28 12:52:48.000,2025-08-28 12:53:46,2072328544251314412,,,78.0,,
2025-08-28 12:53:48.000,2025-08-28 12:54:47,2072328798610686188,,,78.0,,
2025-08-28 12:54:51.000,2025-08-28 13:01:54,2072330589935042796,,,78.0,,
2025-08-28 13:01:00.000,2025-08-28 13:01:54,2072330589935075564,,,78.0,,
2025-08-28 13:01:39.000,2025-08-28 13:01:41,2072330534687621356,,70.0,,,
2025-08-28 13:01:41.000,2025-08-28 13:03:04,2072330884299636972,19.74788100279652,,,,11.0
2025-08-28 13:01:52.000,2025-08-28 13:03:04,2072330884299653356,,,,,29.0
2025-08-28 13:02:01.000,2025-08-28 13:03:04,2072330884299669740,,,78.0,539950.0,
2025-08-28 13:02:02.000,2025-08-28 13:03:04,2072330884299686124,,,,,23.0
2025-08-28 13:02:03.000,2025-08-28 13:03:04,2072330884299702508,22.155481612722006,,,,
2025-08-28 13:02:12.000,2025-08-28 13:03:04,2072330884299718892,,,,,26.0
2025-08-28 13:02:17.000,2025-08-28 13:03:04,2072330884299735276,26.857710803953406,,,,
2025-08-28 13:02:23.000,2025-08-28 13:03:04,2072330884299751660,,,,,28.0
2025-08-28 13:02:25.000,2025-08-28 13:03:04,2072330884299768044,28.91528332520511,,,,
2025-08-28 13:02:31.000,2025-08-28 13:03:04,2072330884299800812,31.909968083858583,,,,
2025-08-28 13:02:33.000,2025-08-28 13:03:04,2072330884299817196,,,,,35.0
2025-08-28 13:02:41.000,2025-08-28 13:02:44,2072330799998320876,,76.0,,,
2025-08-28 13:02:44.000,2025-08-28 13:04:02,2072331126327754988,,,,,29.0
2025-08-28 13:02:54.000,2025-08-28 13:04:02,2072331126327771372,,,,,27.0
2025-08-28 13:03:01.000,2025-08-28 13:04:02,2072331126327787756,,,77.0,540010.0,
2025-08-28 13:03:04.000,2025-08-28 13:04:02,2072331126327804140,,,,,33.0
2025-08-28 13:03:15.000,2025-08-28 13:04:02,2072331126327820524,,,,,34.0
2025-08-28 13:03:25.000,2025-08-28 13:04:02,2072331126327836908,,,,,36.0
2025-08-28 13:03:35.000,2025-08-28 13:04:02,2072331126327869676,38.262329693123526,,,,
2025-08-28 13:03:36.000,2025-08-28 13:04:02,2072331126327886060,,,,,38.0
2025-08-28 13:03:42.000,2025-08-28 13:03:47,2072331064256430316,,80.0,,,
2025-08-28 13:03:46.000,2025-08-28 13:05:03,2072331380351647980,,,,,30.000000000000004
2025-08-28 13:03:56.000,2025-08-28 13:05:03,2072331380351664364,,,,,28.0
2025-08-28 13:04:02.000,2025-08-28 13:05:03,2072331380351680748,,,77.0,540030.0,
2025-08-28 13:04:07.000,2025-08-28 13:05:03,2072331380351697132,,,,,31.0
2025-08-28 13:04:17.000,2025-08-28 13:05:03,2072331380351713516,,,,,21.0
2025-08-28 13:04:28.000,2025-08-28 13:05:03,2072331380351746284,,,,,25.0
2025-08-28 13:04:38.000,2025-08-28 13:05:03,2072331380351779052,,,,,30.000000000000004
2025-08-28 13:04:44.000,2025-08-28 13:04:45,2072331307047715052,,82.0,,,
2025-08-28 13:04:48.000,2025-08-28 13:06:03,2072331635004555500,,,,,26.0
2025-08-28 13:05:02.000,2025-08-28 13:06:03,2072331635004588268,28.36153518492225,,77.0,540060.0,
2025-08-28 13:05:09.000,2025-08-28 13:06:03,2072331635004604652,,,,,32.0
2025-08-28 13:05:20.000,2025-08-28 13:06:03,2072331635004621036,,,,,38.0
2025-08-28 13:05:30.000,2025-08-28 13:06:03,2072331635004637420,,,,,17.0
2025-08-28 13:05:32.000,2025-08-28 13:06:03,2072331635004653804,14.438195657676234,,,,
2025-08-28 13:05:40.000,2025-08-28 13:06:03,2072331635004670188,,,,,29.0
2025-08-28 13:05:45.000,2025-08-28 13:05:46,2072331560509505772,,70.0,,,
2025-08-28 13:05:51.000,2025-08-28 13:07:04,2072331889737236716,,,,,48.0
2025-08-28 13:06:01.000,2025-08-28 13:07:04,2072331889737269484,,,,,52.0
2025-08-28 13:06:02.000,2025-08-28 13:07:04,2072331889737285868,,,77.0,540080.0,
2025-08-28 13:06:12.000,2025-08-28 13:07:04,2072331889737302252,,,,,60.99999999999999
2025-08-28 13:06:22.000,2025-08-28 13:07:04,2072331889737318636,,,,,67.0
2025-08-28 13:06:32.000,2025-08-28 13:07:04,2072331889737335020,,,,,73.0
2025-08-28 13:06:38.000,2025-08-28 13:07:04,2072331889737351404,73.39292659287474,,,,
2025-08-28 13:06:43.000,2025-08-28 13:07:04,2072331889737449708,,,,,77.0
2025-08-28 13:06:46.000,2025-08-28 13:06:47,2072331816961835244,,73.0,,,
2025-08-28 13:07:03.000,2025-08-28 13:08:05,2072332144004382956,,,77.0,540200.0,81.0
2025-08-28 13:07:14.000,2025-08-28 13:08:05,2072332144004399340,,,,,86.0
2025-08-28 13:07:24.000,2025-08-28 13:08:05,2072332144004415724,,,,,82.0
2025-08-28 13:07:35.000,2025-08-28 13:08:05,2072332144004448492,,,,,78.0
2025-08-28 13:07:45.000,2025-08-28 13:09:05,2072332398275657964,,,,,73.0
2025-08-28 13:07:47.000,2025-08-28 13:07:49,2072332078841594092,,76.0,,,
2025-08-28 13:07:55.000,2025-08-28 13:09:05,2072332398275707116,,,,,80.0
2025-08-28 13:08:04.000,2025-08-28 13:09:05,2072332398275723500,,,77.0,540300.0,
2025-08-28 13:08:06.000,2025-08-28 13:09:05,2072332398275739884,,,,,81.0
2025-08-28 13:08:08.000,2025-08-28 13:09:05,2072332398275756268,80.5527604066993,,,,
2025-08-28 13:08:16.000,2025-08-28 13:09:05,2072332398275772652,,,,,83.0
2025-08-28 13:08:27.000,2025-08-28 13:09:05,2072332398275789036,,,,,84.0
2025-08-28 13:08:37.000,2025-08-28 13:09:05,2072332398275821804,,,,,83.0
2025-08-28 13:08:47.000,2025-08-28 13:10:06,2072332652697878764,,,,,81.0
2025-08-28 13:08:48.000,2025-08-28 13:08:49,2072332329333850348,,83.0,,,
2025-08-28 13:08:58.000,2025-08-28 13:10:06,2072332652697927916,,,,,69.0
2025-08-28 13:09:04.000,2025-08-28 13:10:06,2072332652697944300,,,77.0,540360.0,
2025-08-28 13:09:08.000,2025-08-28 13:10:06,2072332652697960684,,,,,76.0
2025-08-28 13:09:18.000,2025-08-28 13:10:06,2072332652697977068,,,,,80.0
2025-08-28 13:09:26.000,2025-08-28 13:10:06,2072332652697993452,79.64342817633514,,,,
2025-08-28 13:09:39.000,2025-08-28 13:10:06,2072332652698042604,,,,,82.0
2025-08-28 13:09:49.000,2025-08-28 13:09:51,2072332591452651756,,85.0,,,
2025-08-28 13:09:50.000,2025-08-28 13:11:07,2072332907409572076,,,,,78.0
2025-08-28 13:10:00.000,2025-08-28 13:11:07,2072332907409604844,,,,,77.0
2025-08-28 13:10:04.000,2025-08-28 13:11:07,2072332907409621228,,,77.0,540390.0,
2025-08-28 13:10:11.000,2025-08-28 13:11:07,2072332907409637612,,,,,60.99999999999999
2025-08-28 13:10:21.000,2025-08-28 13:11:07,2072332907409653996,,,,,64.0
2025-08-28 13:10:31.000,2025-08-28 13:11:07,2072332907409670380,,,,,80.0
2025-08-28 13:10:42.000,2025-08-28 13:11:07,2072332907409703148,,,,,77.0
2025-08-28 13:10:49.000,2025-08-28 13:10:50,2072332837834457324,,88.0,,,
2025-08-28 13:10:52.000,2025-08-28 13:12:08,2072333162494558444,,,,,42.0
2025-08-28 13:10:56.000,2025-08-28 13:12:08,2072333162494574828,30.848771815022193,,,,
2025-08-28 13:11:03.000,2025-08-28 13:12:08,2072333162494607596,,,,,35.0
2025-08-28 13:11:05.000,2025-08-28 13:12:08,2072333162494623980,,,77.0,540470.0,
2025-08-28 13:11:13.000,2025-08-28 13:12:08,2072333162494640364,,,,,64.0
2025-08-28 13:11:22.000,2025-08-28 13:12:08,2072333162494656748,82.60662892701266,,,,
2025-08-28 13:11:23.000,2025-08-28 13:12:08,2072333162494673132,,,,,85.0
2025-08-28 13:11:34.000,2025-08-28 13:12:08,2072333162494689516,,,,,84.0
2025-08-28 13:11:38.000,2025-08-28 13:12:08,2072333162494722284,82.36957286695846,,,,
2025-08-28 13:11:44.000,2025-08-28 13:12:08,2072333162494804204,,,,,73.0
2025-08-28 13:11:50.000,2025-08-28 13:11:57,2072333116743090412,,81.0,,,
2025-08-28 13:11:50.000,2025-08-28 13:13:09,2072333419089494252,65.92566070116739,,,,
2025-08-28 13:11:54.000,2025-08-28 13:13:09,2072333419089543404,,,,,72.0
2025-08-28 13:12:05.000,2025-08-28 13:13:09,2072333419089559788,,,77.0,540560.0,77.0
2025-08-28 13:12:15.000,2025-08-28 13:13:09,2072333419089576172,,,,,76.0
2025-08-28 13:12:26.000,2025-08-28 13:13:09,2072333419089592556,,,,,60.00000000000001
2025-08-28 13:12:34.000,2025-08-28 13:13:09,2072333419089608940,39.206849932401994,,,,
2025-08-28 13:12:36.000,2025-08-28 13:13:09,2072333419089641708,,,,,35.0
2025-08-28 13:12:39.000,2025-08-28 13:13:09,2072333419089658092,30.646903763882285,,,,
2025-08-28 13:12:44.000,2025-08-28 13:13:09,2072333419089674476,39.20499793193281,,,,
2025-08-28 13:12:46.000,2025-08-28 13:13:09,2072333419089690860,,,,,41.0
2025-08-28 13:12:51.000,2025-08-28 13:12:52,2072333350848168172,,67.0,,,
2025-08-28 13:12:54.000,2025-08-28 13:14:09,2072333670366068972,37.91415360491892,,,,
2025-08-28 13:12:57.000,2025-08-28 13:14:09,2072333670366085356,,,,,37.0
2025-08-28 13:12:59.000,2025-08-28 13:14:09,2072333670366101740,37.24372943507812,,,,
2025-08-28 13:13:05.000,2025-08-28 13:14:09,2072333670366118124,,,77.0,540620.0,
2025-08-28 13:13:07.000,2025-08-28 13:14:09,2072333670366134508,,,,,41.0
2025-08-28 13:13:21.000,2025-08-28 13:14:09,2072333670366167276,40.10692216042028,,,,
2025-08-28 13:13:28.000,2025-08-28 13:14:09,2072333670366183660,,,,,33.0
2025-08-28 13:13:38.000,2025-08-28 13:14:09,2072333670366216428,,,,,36.0
2025-08-28 13:13:46.000,2025-08-28 13:14:09,2072333670366232812,28.998623346317917,,,,
2025-08-28 13:13:49.000,2025-08-28 13:15:10,2072333925958549740,,,,,29.0
2025-08-28 13:13:53.000,2025-08-28 13:13:56,2072333616326656236,,70.0,,,
2025-08-28 13:13:59.000,2025-08-28 13:15:10,2072333925958615276,,,,,26.0
2025-08-28 13:14:05.000,2025-08-28 13:15:10,2072333925958631660,,,77.0,540670.0,
2025-08-28 13:14:10.000,2025-08-28 13:15:10,2072333925958648044,,,,,37.0
2025-08-28 13:14:20.000,2025-08-28 13:15:10,2072333925958664428,,,,,47.0
2025-08-28 13:14:21.000,2025-08-28 13:15:10,2072333925958680812,46.55743979455142,,,,
2025-08-28 13:14:30.000,2025-08-28 13:15:10,2072333925958697196,,,,,43.0
2025-08-28 13:14:41.000,2025-08-28 13:15:10,2072333925958729964,,,,,7.0
2025-08-28 13:14:43.000,2025-08-28 13:15:10,2072333925958746348,10.408242636754803,,,,
2025-08-28 13:14:51.000,2025-08-28 13:16:11,2072334181978898668,,,,,14.0
2025-08-28 13:14:54.000,2025-08-28 13:14:54,2072333862649725164,,75.0,,,
2025-08-28 13:15:02.000,2025-08-28 13:16:11,2072334181978931436,,,,,20.0
2025-08-28 13:15:06.000,2025-08-28 13:16:11,2072334181978947820,11.428694895269375,,77.0,540720.0,
2025-08-28 13:15:12.000,2025-08-28 13:16:11,2072334181978964204,,,,,12.0
2025-08-28 13:15:22.000,2025-08-28 13:16:11,2072334181978996972,,,,,2.0
2025-08-28 13:15:33.000,2025-08-28 13:16:11,2072334181979013356,,,,,0.0
2025-08-28 13:15:43.000,2025-08-28 13:16:11,2072334181979291884,,,,,1.0
2025-08-28 13:15:55.000,2025-08-28 13:15:56,2072334121362800876,,77.0,,,
2025-08-28 13:16:07.000,2025-08-28 13:17:11,2072334436132798700,,,77.0,540740.0,
2025-08-28 13:16:14.000,2025-08-28 13:17:11,2072334436132815084,,,,,0.0
2025-08-28 13:16:36.000,2025-08-28 13:17:11,2072334436132864236,0.0,,,,
2025-08-28 13:16:56.000,2025-08-28 13:16:57,2072334376510685420,,77.0,,,
2025-08-28 13:17:07.000,2025-08-28 13:18:12,2072334690907373804,,,77.0,540750.0,
2025-08-28 13:17:57.000,2025-08-28 13:17:58,2072334630639386860,,77.0,,,
2025-08-28 13:18:07.000,2025-08-28 13:19:13,2072334945921040620,,,77.0,540760.0,
2025-08-28 13:18:50.000,2025-08-28 13:19:13,2072334945921138924,,,,,6.0
2025-08-28 13:18:53.000,2025-08-28 13:19:51,2072335107204579564,,,,540770.0,
2025-08-28 13:18:58.000,2025-08-28 13:18:59,2072334887427260652,,90.0,,,
2025-08-28 13:19:00.000,2025-08-28 13:19:51,2072335107204595948,,,,,0.0
2025-08-28 13:19:07.000,2025-08-28 13:19:51,2072335107204628716,,,77.0,,
2025-08-28 13:19:10.000,2025-08-28 13:19:51,2072335107204661484,,,,,1.0
2025-08-28 13:19:21.000,2025-08-28 13:19:51,2072335107204677868,,,,,0.0
2025-08-28 13:20:07.000,2025-08-28 13:20:51,2072335358435082476,,,77.0,,
2025-08-28 13:21:08.000,2025-08-28 13:21:52,2072335613255860460,,,77.0,,
2025-08-28 13:22:09.000,2025-08-28 13:22:53,2072335868848341228,,,77.0,,
2025-08-28 13:23:09.000,2025-08-28 13:23:57,2072336136864334060,,,77.0,,
2025-08-28 13:24:09.000,2025-08-28 13:24:55,2072336379509014764,,,77.0,,
2025-08-28 13:25:10.000,2025-08-28 13:25:55,2072336634505920748,,,77.0,,
2025-08-28 13:26:10.000,2025-08-28 13:26:56,2072336890568212716,,,77.0,,
2025-08-28 13:27:11.000,2025-08-28 13:27:57,2072337145963577580,,,77.0,,
2025-08-28 13:28:11.000,2025-08-28 13:29:04,2072337424549216492,,,77.0,,
2025-08-28 13:29:20.000,2025-08-28 13:37:26,2072339531654234348,,,77.0,,
2025-08-28 13:36:36.000,2025-08-28 13:37:26,2072339531654283500,,,77.0,,
2025-08-28 13:37:36.000,2025-08-28 13:38:27,2072339786689020140,,,77.0,,
2025-08-28 13:38:36.000,2025-08-28 13:39:28,2072340044047270124,,,77.0,,
2025-08-28 13:39:37.000,2025-08-28 13:40:28,2072340296783446252,,,77.0,,
2025-08-28 13:40:37.000,2025-08-28 13:41:28,2072340548395516140,,,77.0,,
2025-08-28 13:41:38.000,2025-08-28 13:42:30,2072340805678383340,,,77.0,,
2025-08-28 13:42:38.000,2025-08-28 13:43:31,2072341061761515756,,,77.0,,
2025-08-28 13:43:44.000,2025-08-28 13:55:52,2072344168935457004,,,77.0,,
2025-08-28 13:54:56.000,2025-08-28 13:55:52,2072344168935489772,,,77.0,,
2025-08-28 13:55:56.000,2025-08-28 13:56:52,2072344423789789420,,,77.0,,
2025-08-28 13:56:57.000,2025-08-28 13:57:53,2072344676240752876,,,77.0,,
2025-08-28 13:57:57.000,2025-08-28 13:58:53,2072344930965045484,,,77.0,,
2025-08-28 13:58:57.000,2025-08-28 13:59:54,2072345185236336876,,,77.0,,
2025-08-28 13:59:57.000,2025-08-28 14:00:55,2072345442032845036,,,77.0,,
2025-08-28 14:00:58.000,2025-08-28 14:01:56,2072345697922875628,,,77.0,,
2025-08-28 14:01:57.000,2025-08-28 14:02:26,2072345822665752812,16.23834011371283,,,,
2025-08-28 14:01:58.000,2025-08-28 14:02:26,2072345822665769196,,,77.0,,
2025-08-28 14:02:02.000,2025-08-28 14:02:26,2072345822665867500,,,,,16.0
2025-08-28 14:02:04.000,2025-08-28 14:02:05,2072345732844617964,,78.0,,,
2025-08-28 14:02:12.000,2025-08-28 14:03:35,2072346113360265452,,,,,6.0
2025-08-28 14:02:23.000,2025-08-28 14:03:35,2072346113364476140,,,,,0.0
2025-08-28 14:02:26.000,2025-08-28 14:03:35,2072346113364574444,2.072388525005093,,,,
2025-08-28 14:02:33.000,2025-08-28 14:03:35,2072346113364754668,,,,,7.0
2025-08-28 14:02:43.000,2025-08-28 14:03:35,2072346113364820204,,,,,15.000000000000002
2025-08-28 14:02:48.000,2025-08-28 14:03:35,2072346113364836588,28.46895121213431,,,,
2025-08-28 14:02:53.000,2025-08-28 14:03:35,2072346113364852972,,,,,38.0
2025-08-28 14:02:59.000,2025-08-28 14:03:35,2072346113364869356,,,77.0,540790.0,
2025-08-28 14:03:04.000,2025-08-28 14:03:35,2072346113364902124,,,,,42.0
2025-08-28 14:03:05.000,2025-08-28 14:03:44,2072346149699748076,,81.0,,,
2025-08-28 14:03:06.000,2025-08-28 14:03:35,2072346113364918508,41.81446659299821,,,,
2025-08-28 14:03:14.000,2025-08-28 14:04:28,2072346335167643884,,,,,44.0
2025-08-28 14:03:24.000,2025-08-28 14:04:28,2072346335167660268,,,,,27.0
2025-08-28 14:03:28.000,2025-08-28 14:04:28,2072346335167676652,22.44624568638224,,,,
2025-08-28 14:03:35.000,2025-08-28 14:04:28,2072346335171854572,,,,,17.0
2025-08-28 14:03:45.000,2025-08-28 14:04:28,2072346335171870956,,,,,23.0
2025-08-28 14:03:48.000,2025-08-28 14:04:28,2072346335171887340,25.961342576873456,,,,
2025-08-28 14:03:56.000,2025-08-28 14:04:28,2072346335171903724,,,,,33.0
2025-08-28 14:03:57.000,2025-08-28 14:04:28,2072346335171920108,32.300740182854184,,,,
2025-08-28 14:03:59.000,2025-08-28 14:04:28,2072346335171936492,,,77.0,540800.0,
2025-08-28 14:04:06.000,2025-08-28 14:04:28,2072346335171969260,,,,,50.0
2025-08-28 14:04:07.000,2025-08-28 14:04:08,2072346249083814124,,73.0,,,
2025-08-28 14:04:16.000,2025-08-28 14:05:36,2072346621554721004,,,,,40.0
2025-08-28 14:04:27.000,2025-08-28 14:05:36,2072346621554753772,,,,,37.0
2025-08-28 14:04:35.000,2025-08-28 14:05:36,2072346621554786540,32.09331613030676,,,,
2025-08-28 14:04:37.000,2025-08-28 14:05:36,2072346621554802924,,,,,40.0
2025-08-28 14:04:48.000,2025-08-28 14:05:36,2072346621554819308,,,,,45.0
2025-08-28 14:04:58.000,2025-08-28 14:05:36,2072346621554868460,,,,,41.0
2025-08-28 14:04:59.000,2025-08-28 14:05:36,2072346621554884844,,,77.0,540830.0,
2025-08-28 14:05:08.000,2025-08-28 14:05:17,2072346539740627180,,78.0,,,
2025-08-28 14:05:08.000,2025-08-28 14:05:36,2072346621554917612,40.03099014118417,,,,39.0
2025-08-28 14:05:19.000,2025-08-28 14:06:29,2072346843567636716,35.651009031588956,,,,35.0
2025-08-28 14:05:26.000,2025-08-28 14:06:29,2072346843567653100,47.25008797002229,,,,
2025-08-28 14:05:29.000,2025-08-28 14:06:29,2072346843567669484,,,,,48.0
2025-08-28 14:05:39.000,2025-08-28 14:06:29,2072346843567702252,,,,,43.0
2025-08-28 14:05:49.000,2025-08-28 14:06:29,2072346843567718636,38.61791378320483,,,,
2025-08-28 14:05:50.000,2025-08-28 14:06:29,2072346843567735020,,,,,40.0
2025-08-28 14:05:59.000,2025-08-28 14:06:29,2072346843567751404,,,77.0,540940.0,
2025-08-28 14:06:00.000,2025-08-28 14:06:29,2072346843567767788,,,,,45.0
2025-08-28 14:06:09.000,2025-08-28 14:06:10,2072346763653546220,,70.0,,,
2025-08-28 14:06:11.000,2025-08-28 14:07:31,2072347101529915628,,,,,37.0
2025-08-28 14:06:17.000,2025-08-28 14:07:31,2072347101529932012,29.32272342842327,,,,
2025-08-28 14:06:21.000,2025-08-28 14:07:31,2072347101529948396,,,,,17.0
2025-08-28 14:06:27.000,2025-08-28 14:07:31,2072347101529964780,29.770907541963243,,,,
2025-08-28 14:06:31.000,2025-08-28 14:07:31,2072347101529997548,,,,,31.0
2025-08-28 14:06:42.000,2025-08-28 14:07:31,2072347101530013932,,,,,8.0
2025-08-28 14:06:49.000,2025-08-28 14:07:31,2072347101530030316,1.9001524813719621,,,,
2025-08-28 14:06:52.000,2025-08-28 14:07:31,2072347101530046700,,,,,3.0
2025-08-28 14:06:59.000,2025-08-28 14:07:31,2072347101530063084,,,76.0,540970.0,
2025-08-28 14:07:03.000,2025-08-28 14:07:31,2072347101530128620,,,,,2.0
2025-08-28 14:07:09.000,2025-08-28 14:07:19,2072347052179734764,,73.0,,,
2025-08-28 14:07:13.000,2025-08-28 14:07:52,2072347188784021740,,,,,0.0
2025-08-28 14:07:26.002,2025-08-28 14:07:52,2072347188784120044,,,,540980.0,
2025-08-28 14:08:00.000,2025-08-28 14:08:54,2072347448721850604,,,76.0,,
2025-08-28 14:08:20.000,2025-08-28 14:08:54,2072347448721916140,0.0,,,,
2025-08-28 14:09:01.000,2025-08-28 14:09:54,2072347702124937452,,,76.0,,
2025-08-28 14:10:01.000,2025-08-28 14:10:54,2072347954596872428,,,76.0,,
2025-08-28 14:11:02.000,2025-08-28 14:11:56,2072348212135543020,,,76.0,,
2025-08-28 14:12:02.000,2025-08-28 14:12:55,2072348459846893804,,,76.0,,
2025-08-28 14:13:03.000,2025-08-28 14:13:51,2072348696258855148,,,76.0,,
2025-08-29 04:47:13.000,2025-08-29 04:48:09,2072568719602614508,,,76.0,,
2025-08-29 04:47:35.000,2025-08-29 04:48:09,2072568719611068652,23.003697827603453,,,,
2025-08-29 04:47:40.000,2025-08-29 04:47:40,2072568601008685292,,77.0,,,
2025-08-29 04:47:44.000,2025-08-29 04:48:09,2072568719611166956,,,,,21.0
2025-08-29 04:47:47.000,2025-08-29 04:48:09,2072568719611183340,16.380944149839188,,,,
2025-08-29 04:47:54.000,2025-08-29 04:49:10,2072568976910581996,,,,,27.0
2025-08-29 04:48:04.000,2025-08-29 04:49:10,2072568976919003372,,,,,41.0
2025-08-29 04:48:14.000,2025-08-29 04:49:10,2072568976919019756,,,76.0,541000.0,
2025-08-29 04:48:15.000,2025-08-29 04:49:10,2072568976919036140,,,,,46.0
2025-08-29 04:48:25.000,2025-08-29 04:49:10,2072568976919052524,,,,,49.0
2025-08-29 04:48:36.000,2025-08-29 04:49:10,2072568976919068908,,,,,48.0
2025-08-29 04:48:42.000,2025-08-29 04:48:46,2072568875500699884,,81.0,,,
2025-08-29 04:48:46.000,2025-08-29 04:49:10,2072568976919134444,,,,,36.0
2025-08-29 04:48:51.000,2025-08-29 04:50:10,2072569227612553452,39.30685795773736,,,,
2025-08-29 04:48:56.000,2025-08-29 04:50:10,2072569227620909292,,,,,46.0
2025-08-29 04:49:07.000,2025-08-29 04:50:10,2072569227620925676,47.707532085908134,,,,47.0
2025-08-29 04:49:14.000,2025-08-29 04:50:10,2072569227620942060,,,76.0,541010.0,
2025-08-29 04:49:27.000,2025-08-29 04:50:10,2072569227620974828,,,,,38.0
2025-08-29 04:49:38.000,2025-08-29 04:50:10,2072569227620991212,,,,,45.0
2025-08-29 04:49:40.000,2025-08-29 04:50:10,2072569227621007596,46.16851969602499,,,,
2025-08-29 04:49:43.000,2025-08-29 04:49:47,2072569133135823084,,71.0,,,
2025-08-29 04:49:48.000,2025-08-29 04:50:10,2072569227621040364,,,,,48.0
2025-08-29 04:49:59.000,2025-08-29 04:51:11,2072569482957570284,,,,,50.0
2025-08-29 04:50:06.000,2025-08-29 04:51:11,2072569482965942508,35.07874088661436,,,,
2025-08-29 04:50:09.000,2025-08-29 04:51:11,2072569482965958892,,,,,36.0
2025-08-29 04:50:14.000,2025-08-29 04:51:11,2072569482965975276,,,76.0,541060.0,
2025-08-29 04:50:19.000,2025-08-29 04:51:11,2072569482965991660,,,,,26.0
2025-08-29 04:50:23.000,2025-08-29 04:51:11,2072569482966008044,16.58281220097909,,,,
2025-08-29 04:50:30.000,2025-08-29 04:51:11,2072569482966024428,,,,,28.0
2025-08-29 04:50:34.000,2025-08-29 04:51:11,2072569482966040812,34.87316883453611,,,,
2025-08-29 04:50:40.000,2025-08-29 04:51:11,2072569482966057196,,,,,50.0
2025-08-29 04:50:45.000,2025-08-29 04:50:47,2072569384932622572,,71.0,,,
2025-08-29 04:50:46.000,2025-08-29 04:51:11,2072569482966089964,47.17045194984782,,,,
2025-08-29 04:50:51.000,2025-08-29 04:52:12,2072569738742989036,,,,,47.0
2025-08-29 04:50:52.000,2025-08-29 04:52:12,2072569738751377644,46.49817577953787,,,,
2025-08-29 04:51:01.000,2025-08-29 04:52:12,2072569738751394028,,,,,40.0
2025-08-29 04:51:07.000,2025-08-29 04:52:12,2072569738751410412,15.830900010494672,,,,
2025-08-29 04:51:11.000,2025-08-29 04:52:12,2072569738751426796,,,,,17.0
2025-08-29 04:51:14.000,2025-08-29 04:52:12,2072569738751443180,,,76.0,541150.0,
2025-08-29 04:51:17.000,2025-08-29 04:52:12,2072569738751459564,23.322241908301287,,,,
2025-08-29 04:51:32.000,2025-08-29 04:52:12,2072569738751492332,,,,,0.0
2025-08-29 04:51:36.000,2025-08-29 04:52:12,2072569738751525100,0.5500441393445152,,,,
2025-08-29 04:51:46.000,2025-08-29 04:51:47,2072569633809891564,,68.0,,,
2025-08-29 04:52:13.000,2025-08-29 04:53:13,2072569993999958252,,,,,1.0
2025-08-29 04:52:15.000,2025-08-29 04:53:13,2072569993999974636,,,76.0,541170.0,
2025-08-29 04:52:24.000,2025-08-29 04:53:13,2072569994000007404,,,,,6.0
2025-08-29 04:52:34.000,2025-08-29 04:53:13,2072569994000023788,,,,,8.0
2025-08-29 04:52:44.000,2025-08-29 04:53:13,2072569994000138476,,,,,5.0
2025-08-29 04:52:48.000,2025-08-29 04:52:48,2072569892191600876,,78.0,,,
2025-08-29 04:52:55.000,2025-08-29 04:53:44,2072570127252979948,,,,,7.0
2025-08-29 04:53:05.000,2025-08-29 04:53:44,2072570127257190636,,,,,4.0
2025-08-29 04:53:15.000,2025-08-29 04:53:44,2072570127257223404,,,76.0,541190.0,0.0
2025-08-29 04:53:16.000,2025-08-29 04:53:44,2072570127257239788,0.0,,,,
2025-08-29 04:54:16.000,2025-08-29 04:54:45,2072570382086373612,,,76.0,,
2025-08-29 04:55:16.000,2025-08-29 04:55:46,2072570638777794796,,,76.0,,
2025-08-29 04:56:17.000,2025-08-29 04:56:47,2072570893460111596,,,76.0,,
2025-08-29 04:57:17.000,2025-08-29 04:57:48,2072571148167643372,,,76.0,,
2025-08-29 04:58:17.000,2025-08-29 04:58:48,2072571402833182956,,,76.0,,
2025-08-29 04:59:18.000,2025-08-29 04:59:49,2072571657830056172,,,76.0,,
2025-08-29 05:00:18.000,2025-08-29 05:00:50,2072571912185282796,,,76.0,,
2025-08-29 05:01:18.000,2025-08-29 05:01:51,2072572166846628076,,,76.0,,
2025-08-29 05:02:19.000,2025-08-29 05:02:52,2072572422862766316,,,76.0,,
2025-08-29 05:03:19.000,2025-08-29 05:03:52,2072572677884838124,,,76.0,,
2025-08-29 05:04:19.000,2025-08-29 05:04:53,2072572932575510764,,,76.0,,
2025-08-29 05:55:19.000,2025-08-29 05:56:14,2072585852529180908,,,76.0,,
2025-08-29 05:56:19.000,2025-08-29 05:57:14,2072586107366686956,,,76.0,,
2025-08-29 05:57:20.000,2025-08-29 05:58:15,2072586361797378284,,,76.0,,
2025-08-29 05:58:20.000,2025-08-29 05:59:16,2072586616718819564,,,76.0,,
2025-08-29 05:59:21.000,2025-08-29 06:00:16,2072586871396942060,,,76.0,,
2025-08-29 06:00:21.000,2025-08-29 06:00:44,2072586987239440620,,,76.0,,
2025-08-29 06:01:47.000,2025-08-29 06:02:50,2072587513939116268,,,76.0,541190.0,0.0
2025-08-29 06:02:47.000,2025-08-29 06:03:50,2072587768336253164,,,76.0,,
2025-08-29 06:03:48.000,2025-08-29 06:04:51,2072588023333142764,,,76.0,,
2025-08-29 06:04:48.000,2025-08-29 06:05:52,2072588279689003244,,,76.0,,
2025-08-29 06:05:49.000,2025-08-29 06:06:53,2072588534065152236,,,76.0,,
2025-08-29 06:06:49.000,2025-08-29 06:07:54,2072588789045281004,,,76.0,,
2025-08-29 06:06:56.000,2025-08-29 06:07:54,2072588789045297388,0.0,,,,
2025-08-29 06:08:05.000,2025-08-29 07:03:18,2072602732589514988,,,76.0,,
2025-08-29 07:02:28.000,2025-08-29 07:03:18,2072602732589547756,,,76.0,,
2025-08-29 07:03:28.000,2025-08-29 07:04:19,2072602987930386668,,,76.0,,
2025-08-29 07:04:28.000,2025-08-29 07:05:20,2072603244621775084,,,76.0,,
2025-08-29 07:05:29.000,2025-08-29 07:06:20,2072603495848001772,,,76.0,,
2025-08-29 07:06:29.000,2025-08-29 07:07:21,2072603750526157036,,,76.0,,
2025-08-29 07:07:29.000,2025-08-29 07:07:58,2072603905572782316,,,76.0,,
2025-08-29 07:21:08.000,2025-08-29 07:22:04,2072607454406951148,,,76.0,,
2025-08-29 07:22:08.000,2025-08-29 07:23:04,2072607705696076012,,,76.0,,
2025-08-29 07:23:08.000,2025-08-29 07:24:04,2072607960357421292,,,76.0,,
2025-08-29 07:24:08.000,2025-08-29 07:25:05,2072608215316611308,,,76.0,,
2025-08-29 07:25:09.000,2025-08-29 07:26:06,2072608470720348396,,,76.0,,
2025-08-29 07:26:09.000,2025-08-29 07:26:32,2072608578190999788,,,76.0,,
2025-08-29 08:03:02.000,2025-08-29 08:03:52,2072617972949631212,,,76.0,,
2025-08-29 08:03:21.000,2025-08-29 08:03:52,2072617972949909740,,,,,2.0
2025-08-29 08:03:23.000,2025-08-29 08:03:24,2072617856196935916,,66.0,,,
2025-08-29 08:03:32.000,2025-08-29 08:04:53,2072618230031057132,,,,,3.0
2025-08-29 08:03:42.000,2025-08-29 08:04:53,2072618230073000172,,,,,0.0
2025-08-29 08:04:01.000,2025-08-29 08:04:53,2072618230073360620,,,76.0,541200.0,
2025-08-29 08:04:26.000,2025-08-29 08:04:27,2072618120568111340,,76.0,,,
2025-08-29 08:05:02.000,2025-08-29 08:05:54,2072618487066657004,,,76.0,541220.0,
2025-08-29 08:05:28.000,2025-08-29 08:05:38,2072618417860378860,,76.0,,,
2025-08-29 08:06:02.000,2025-08-29 08:06:54,2072618738187796716,,,76.0,541230.0,
2025-08-29 08:06:30.000,2025-08-29 08:06:31,2072618641035100396,,76.0,,,
2025-08-29 08:07:02.000,2025-08-29 08:07:56,2072618998142370028,,,76.0,541240.0,
2025-08-29 08:07:32.000,2025-08-29 08:07:34,2072618904307368172,,76.0,,,
2025-08-29 08:08:02.000,2025-08-29 08:08:57,2072619251822280940,,,76.0,541250.0,
2025-08-29 08:08:12.000,2025-08-29 08:08:57,2072619251822346476,,,,,6.0
2025-08-29 08:08:22.000,2025-08-29 08:08:57,2072619251822477548,,,,,2.0
2025-08-29 08:08:32.000,2025-08-29 08:08:57,2072619251822510316,,,,,0.0
2025-08-29 08:09:03.000,2025-08-29 08:10:03,2072619528960884972,,,76.0,,
2025-08-29 08:10:04.000,2025-08-29 08:11:03,2072619783643218156,,,76.0,,
2025-08-29 08:11:04.000,2025-08-29 08:12:04,2072620038283608300,,,76.0,,
2025-08-29 08:12:05.000,2025-08-29 08:13:05,2072620293666390252,,,76.0,,
2025-08-29 08:13:05.000,2025-08-29 08:14:06,2072620549653184748,,,76.0,,
2025-08-29 08:14:06.000,2025-08-29 08:15:07,2072620803937140972,,,76.0,,
2025-08-29 08:15:06.000,2025-08-29 08:16:08,2072621059701522668,,,76.0,,
2025-08-29 08:16:07.000,2025-08-29 08:17:09,2072621318083281132,,,76.0,,
2025-08-29 08:17:07.000,2025-08-29 08:18:09,2072621569741439212,,,76.0,,
2025-08-29 08:18:07.000,2025-08-29 08:19:10,2072621824084050156,,,76.0,,
2025-08-29 08:19:08.000,2025-08-29 08:20:11,2072622078892196076,,,76.0,,
2025-08-29 08:20:08.000,2025-08-29 08:21:12,2072622335206113516,,,76.0,,
2025-08-29 08:20:17.000,2025-08-29 08:21:12,2072622335206162668,0.29446807459857893,,,,
2025-08-29 08:21:08.000,2025-08-29 08:22:13,2072622590840553708,,,76.0,,
2025-08-29 08:22:09.000,2025-08-29 08:23:13,2072622845002793196,,,76.0,,
2025-08-29 08:23:09.000,2025-08-29 08:24:14,2072623100444328172,,,76.0,,
2025-08-29 08:24:10.000,2025-08-29 08:25:15,2072623355860664556,,,76.0,,
2025-08-29 08:25:10.000,2025-08-29 08:26:16,2072623610576503020,,,76.0,,
2025-08-29 08:25:16.000,2025-08-29 08:26:16,2072623610576552172,0.0,,,,
2025-08-29 08:26:10.000,2025-08-29 08:27:16,2072623865242058988,,,76.0,,
2025-08-29 08:27:24.000,2025-08-29 08:37:02,2072626319337717996,,,76.0,,
2025-08-29 08:36:06.000,2025-08-29 08:37:02,2072626319383888108,,,76.0,,
2025-08-29 08:37:06.000,2025-08-29 08:38:00,2072626565895897324,,,76.0,,
2025-08-29 08:38:06.000,2025-08-29 08:39:01,2072626821001658604,,,76.0,,
2025-08-29 08:39:07.000,2025-08-29 08:40:01,2072627072974504172,,,76.0,,
2025-08-29 08:40:07.000,2025-08-29 08:41:02,2072627327954649324,,,76.0,,
2025-08-29 08:41:07.000,2025-08-29 08:41:30,2072627443893567724,,,76.0,,
2025-08-29 08:54:54.000,2025-08-29 08:55:44,2072631028953956588,,,76.0,,
2025-08-29 08:55:55.000,2025-08-29 08:56:46,2072631286136078572,,,76.0,,
2025-08-29 08:56:55.000,2025-08-29 08:57:46,2072631537454596332,,,76.0,,
2025-08-29 08:57:55.000,2025-08-29 08:58:47,2072631793441341676,,,76.0,,
2025-08-29 08:58:56.000,2025-08-29 08:59:48,2072632049159667948,,,76.0,,
2025-08-29 08:59:56.000,2025-08-29 09:00:20,2072632182748283116,,,76.0,,
2025-08-29 09:22:44.000,2025-08-29 09:23:35,2072638033982701804,,,76.0,,
2025-08-29 09:23:44.000,2025-08-29 09:24:35,2072638288639852780,,,76.0,,
2025-08-29 09:24:45.000,2025-08-29 09:25:36,2072638543632597228,,,76.0,,
2025-08-29 09:25:45.000,2025-08-29 09:26:37,2072638798314897644,,,76.0,,
2025-08-29 09:26:46.000,2025-08-29 09:27:38,2072639053307625708,,,76.0,,
2025-08-29 09:27:46.000,2025-08-29 09:28:09,2072639185948295404,,,76.0,,
2025-08-29 09:59:43.000,2025-08-29 10:00:37,2072647356406350060,,,76.0,,
2025-08-29 10:00:42.000,2025-08-29 10:01:38,2072647611298382060,,,76.0,,
2025-08-29 10:01:42.000,2025-08-29 10:02:39,2072647865984909548,,,76.0,,
2025-08-29 10:02:43.000,2025-08-29 10:03:40,2072648121615155436,,,76.0,,
2025-08-29 10:03:43.000,2025-08-29 10:04:40,2072648373327954156,,,76.0,,
2025-08-29 10:04:43.000,2025-08-29 10:05:18,2072648536176001260,,,76.0,,
2025-08-29 10:04:49.000,2025-08-29 10:05:18,2072648536176066796,25.91504256514412,,,,
2025-08-29 10:04:53.000,2025-08-29 10:05:18,2072648536176165100,,,,,27.0
2025-08-29 10:05:00.000,2025-08-29 10:05:00,2072648459793465580,,75.0,,,
2025-08-29 10:05:04.000,2025-08-29 10:06:20,2072648792695390444,,,,,9.0
2025-08-29 10:05:05.000,2025-08-29 10:06:20,2072648792695406828,12.53804317630427,,,,
2025-08-29 10:05:14.000,2025-08-29 10:06:20,2072648792695439596,,,,,10.0
2025-08-29 10:05:24.001,2025-08-29 10:06:20,2072648792695521516,,,,,0.0
2025-08-29 10:05:34.000,2025-08-29 10:06:20,2072648792699683052,,,,,9.0
2025-08-29 10:05:36.000,2025-08-29 10:06:20,2072648792699715820,8.913678258131826,,,,
2025-08-29 10:05:44.000,2025-08-29 10:06:20,2072648792699732204,,,76.0,541290.0,
2025-08-29 10:05:45.000,2025-08-29 10:06:20,2072648792699748588,,,,,12.0
2025-08-29 10:05:55.000,2025-08-29 10:06:20,2072648792699781356,,,,,11.0
2025-08-29 10:06:01.000,2025-08-29 10:06:02,2072648716933660908,,85.0,,,
2025-08-29 10:06:05.000,2025-08-29 10:07:20,2072649047818125548,,,,,1.0
2025-08-29 10:06:44.000,2025-08-29 10:07:20,2072649047818289388,,,76.0,541300.0,
2025-08-29 10:07:44.000,2025-08-29 10:08:21,2072649303138091244,,,76.0,,
2025-08-29 10:08:45.000,2025-08-29 10:09:45,2072649652074741996,,,76.0,,
2025-08-29 10:09:45.000,2025-08-29 10:10:46,2072649909437235436,,,76.0,,
2025-08-29 10:10:37.000,2025-08-29 10:11:46,2072650160084631788,0.06667201689024427,,,,
2025-08-29 10:10:45.000,2025-08-29 10:11:46,2072650160084648172,,,76.0,,
2025-08-29 10:11:46.000,2025-08-29 10:12:47,2072650416402759916,,,76.0,,
2025-08-29 10:12:30.000,2025-08-29 10:12:31,2072650350388576492,,65.0,,,
2025-08-29 10:12:30.000,2025-08-29 10:12:50,2072650429862248684,,,,,7.0
2025-08-29 10:12:31.000,2025-08-29 10:13:52,2072650691570041068,22.56847771734769,,,,
2025-08-29 10:12:41.000,2025-08-29 10:13:52,2072650691570073836,,,,,27.0
2025-08-29 10:12:46.000,2025-08-29 10:13:52,2072650691570090220,,,76.0,541310.0,
2025-08-29 10:12:51.000,2025-08-29 10:13:52,2072650691570122988,,,,,41.0
2025-08-29 10:12:59.000,2025-08-29 10:13:52,2072650691570139372,39.473537999962964,,,,
2025-08-29 10:13:01.000,2025-08-29 10:13:52,2072650691570155756,,,,,42.0
2025-08-29 10:13:08.000,2025-08-29 10:13:52,2072650691570172140,45.15177143844876,,,,
2025-08-29 10:13:12.000,2025-08-29 10:13:52,2072650691570188524,,,,,45.0
2025-08-29 10:13:19.000,2025-08-29 10:13:52,2072650691570204908,22.11103360146185,,,,
2025-08-29 10:13:22.000,2025-08-29 10:13:52,2072650691570221292,,,,,22.0
2025-08-29 10:13:28.000,2025-08-29 10:13:52,2072650691574235372,24.49455820528808,,,,
2025-08-29 10:13:31.000,2025-08-29 10:13:34,2072650616412307692,,77.0,,,
2025-08-29 10:13:33.000,2025-08-29 10:14:53,2072650947389391084,,,,,27.0
2025-08-29 10:13:43.000,2025-08-29 10:14:53,2072650947389407468,,,,,28.0
2025-08-29 10:13:46.000,2025-08-29 10:14:53,2072650947389423852,,,76.0,541330.0,
2025-08-29 10:13:53.000,2025-08-29 10:14:53,2072650947389456620,,,,,41.0
2025-08-29 10:14:04.000,2025-08-29 10:14:53,2072650947389473004,,,,,40.0
2025-08-29 10:14:14.000,2025-08-29 10:14:53,2072650947389489388,,,,,36.0
2025-08-29 10:14:25.000,2025-08-29 10:14:53,2072650947389522156,26.016902590948657,,,,26.0
2025-08-29 10:14:33.000,2025-08-29 10:14:35,2072650869240758508,,76.0,,,
2025-08-29 10:14:34.000,2025-08-29 10:15:53,2072651197117890796,29.157895386666834,,,,
2025-08-29 10:14:35.000,2025-08-29 10:15:53,2072651197117907180,,,,,36.0
2025-08-29 10:14:45.000,2025-08-29 10:15:53,2072651197117939948,,,,,38.0
2025-08-29 10:14:46.000,2025-08-29 10:15:53,2072651197117956332,,,76.0,541370.0,
2025-08-29 10:14:56.000,2025-08-29 10:15:53,2072651197117989100,,,,,35.0
2025-08-29 10:15:06.000,2025-08-29 10:15:53,2072651197118005484,,,,,28.0
2025-08-29 10:15:15.000,2025-08-29 10:15:53,2072651197118021868,41.12922641940403,,,,
2025-08-29 10:15:17.000,2025-08-29 10:15:53,2072651197118038252,,,,,43.0
2025-08-29 10:15:23.000,2025-08-29 10:15:53,2072651197118071020,38.432713736287475,,,,
2025-08-29 10:15:27.000,2025-08-29 10:15:53,2072651197118087404,,,,,39.0
2025-08-29 10:15:29.000,2025-08-29 10:15:53,2072651197118103788,43.80166309642132,,,,
2025-08-29 10:15:34.000,2025-08-29 10:15:37,2072651128813650156,,71.0,,,
2025-08-29 10:15:37.000,2025-08-29 10:16:53,2072651448079892716,,,,,51.0
2025-08-29 10:15:47.000,2025-08-29 10:16:53,2072651448079909100,,,75.0,541460.0,
2025-08-29 10:15:48.000,2025-08-29 10:16:53,2072651448079925484,,,,,44.0
2025-08-29 10:15:52.000,2025-08-29 10:16:53,2072651448079958252,44.940643384962996,,,,
2025-08-29 10:15:58.000,2025-08-29 10:16:53,2072651448079974636,,,,,48.0
2025-08-29 10:16:08.000,2025-08-29 10:16:53,2072651448079991020,,,,,43.0
2025-08-29 10:16:17.000,2025-08-29 10:16:53,2072651448080007404,30.48948372400255,,,,
2025-08-29 10:16:19.000,2025-08-29 10:16:53,2072651448080023788,,,,,28.0
2025-08-29 10:16:27.000,2025-08-29 10:16:53,2072651448080056556,26.73733077345713,,,,
2025-08-29 10:16:29.000,2025-08-29 10:16:53,2072651448080072940,,,,,30.000000000000004
2025-08-29 10:16:35.000,2025-08-29 10:16:36,2072651379314262252,,78.0,,,
2025-08-29 10:16:40.000,2025-08-29 10:17:29,2072651602254135532,,,,,17.0
2025-08-29 10:16:42.000,2025-08-29 10:17:29,2072651602254151916,11.143486823016664,,,,
2025-08-29 10:16:47.000,2025-08-29 10:17:29,2072651602254168300,,,75.0,541550.0,
2025-08-29 10:16:50.000,2025-08-29 10:17:29,2072651602254201068,,,,,0.0
2025-08-29 10:17:48.000,2025-08-29 10:18:30,2072651854373781740,,,75.0,,
2025-08-29 10:18:11.000,2025-08-29 10:19:30,2072652109262012652,0.0,,,,
2025-08-29 10:18:48.000,2025-08-29 10:19:30,2072652109262110956,,,75.0,,
2025-08-29 10:19:48.000,2025-08-29 10:20:31,2072652364355076332,,,75.0,,
2025-08-29 10:20:49.000,2025-08-29 10:21:32,2072652619733598444,,,75.0,,
2025-08-29 10:21:49.000,2025-08-29 10:22:33,2072652874369794284,,,75.0,,
2025-08-29 10:22:49.000,2025-08-29 10:23:34,2072653130754998508,,,75.0,,
2025-08-29 10:23:50.000,2025-08-29 10:24:34,2072653383629619436,,,75.0,,
2025-08-30 17:49:11.000,2025-08-30 17:50:03,2073127881013199084,,,75.0,,
2025-08-30 17:50:11.000,2025-08-30 17:51:04,2073128135557169388,,,75.0,,
2025-08-30 17:51:12.000,2025-08-30 17:52:06,2073128397466304748,,,75.0,,
2025-08-30 17:52:12.000,2025-08-30 17:53:05,2073128644594925804,,,75.0,,
2025-08-30 17:53:12.000,2025-08-30 17:54:06,2073128898647867628,,,75.0,,
2025-08-30 17:54:13.000,2025-08-30 17:54:41,2073129048304828652,,,75.0,,
2025-08-31 15:44:21.000,2025-08-31 15:45:11,2073458845333586156,,,75.0,,
2025-08-31 15:45:19.000,2025-08-31 15:46:13,2073459103295930604,,,75.0,,
2025-08-31 15:46:20.000,2025-08-31 15:47:15,2073459362931704044,,,75.0,,
2025-08-31 15:47:20.000,2025-08-31 15:48:13,2073459606931161324,,,75.0,,
2025-08-31 15:48:20.000,2025-08-31 15:49:14,2073459862463070444,,,75.0,,
2025-08-31 15:49:21.000,2025-08-31 15:49:50,2073460016257466604,,,75.0,,
2025-08-31 15:50:51.000,2025-08-31 15:51:54,2073460536355356908,,,75.0,541570.0,0.0
2025-08-31 15:51:01.000,2025-08-31 15:51:54,2073460536355438828,0.0,,,,
2025-08-31 15:51:52.000,2025-08-31 15:54:25,2073461165983269100,,,75.0,,
2025-08-31 15:52:52.000,2025-08-31 15:54:25,2073461165983416556,,,75.0,,
2025-08-31 15:53:53.000,2025-08-31 15:54:25,2073461165983564012,,,75.0,,
2025-08-31 15:54:53.000,2025-08-31 15:55:25,2073461420451774700,,,75.0,,
2025-08-31 15:55:53.000,2025-08-31 15:56:27,2073461680326672620,,,75.0,,
2025-08-31 15:57:10.000,2025-09-01 04:46:59,2073655590755795180,,,75.0,,
2025-09-01 04:45:18.000,2025-09-01 04:47:05,2073655615007228140,,,75.0,,
2025-09-01 04:46:10.000,2025-09-01 04:47:05,2073655615015977196,,,,,3.0
2025-09-01 04:46:14.000,2025-09-01 04:47:00,2073655594744545516,,72.0,,,
2025-09-01 04:46:19.000,2025-09-01 04:47:05,2073655615016026348,,,75.0,541580.0,
2025-09-01 04:46:20.000,2025-09-01 04:47:05,2073655615016042732,,,,,0.0
2025-09-01 04:46:40.000,2025-09-01 04:47:05,2073655615016370412,,,,,6.0
2025-09-01 04:46:51.000,2025-09-01 04:48:03,2073655860852162796,21.762857513257238,,,,23.0
2025-09-01 04:47:01.000,2025-09-01 04:48:03,2073655860852179180,,,,,15.000000000000002
2025-09-01 04:47:03.000,2025-09-01 04:48:03,2073655860852195564,13.597387444671487,,,,
2025-09-01 04:47:12.000,2025-09-01 04:48:03,2073655860852211948,,,,,27.0
2025-09-01 04:47:16.000,2025-09-01 04:47:18,2073655669206024428,,70.0,,,
2025-09-01 04:47:20.000,2025-09-01 04:48:03,2073655860852244716,,,75.0,541600.0,
2025-09-01 04:47:22.000,2025-09-01 04:48:03,2073655860852261100,,,,,40.0
2025-09-01 04:47:32.000,2025-09-01 04:48:03,2073655860852277484,,,,,44.0
2025-09-01 04:47:43.000,2025-09-01 04:49:02,2073656108009914604,,,,,43.0
2025-09-01 04:47:53.000,2025-09-01 04:49:02,2073656108018319596,,,,,45.0
2025-09-01 04:48:03.000,2025-09-01 04:49:02,2073656108018335980,,,,,38.0
2025-09-01 04:48:09.000,2025-09-01 04:49:02,2073656108018352364,36.45477723521024,,,,
2025-09-01 04:48:14.000,2025-09-01 04:49:02,2073656108018368748,,,,,44.0
2025-09-01 04:48:19.000,2025-09-01 04:48:22,2073655939071738092,,77.0,,,
2025-09-01 04:48:20.000,2025-09-01 04:49:02,2073656108018401516,,,75.0,541610.0,
2025-09-01 04:48:24.000,2025-09-01 04:49:02,2073656108018417900,,,,,42.0
2025-09-01 04:48:35.000,2025-09-01 04:49:02,2073656108018434284,,,,,45.0
2025-09-01 04:48:45.000,2025-09-01 04:50:03,2073656362897768684,,,,,44.0
2025-09-01 04:48:52.000,2025-09-01 04:50:03,2073656362906173676,38.773481822615395,,,,
2025-09-01 04:48:55.000,2025-09-01 04:50:03,2073656362906190060,,,,,43.0
2025-09-01 04:49:06.000,2025-09-01 04:50:03,2073656362906206444,,,,,47.0
2025-09-01 04:49:16.000,2025-09-01 04:50:03,2073656362906222828,,,,,50.0
2025-09-01 04:49:20.000,2025-09-01 04:50:03,2073656362906239212,,,75.0,541680.0,
2025-09-01 04:49:21.000,2025-09-01 04:49:21,2073656188205007084,,73.0,,,
2025-09-01 04:49:27.000,2025-09-01 04:50:03,2073656362906288364,34.330532697068286,,,,34.0
2025-09-01 04:49:37.000,2025-09-01 04:50:03,2073656362906304748,,,,,39.0
2025-09-01 04:49:47.000,2025-09-01 04:51:04,2073656618733568236,,,,,6.0
2025-09-01 04:49:48.000,2025-09-01 04:51:04,2073656618741924076,6.206053572200239,,,,
2025-09-01 04:49:58.000,2025-09-01 04:51:04,2073656618741989612,36.489965244124534,,,,38.0
2025-09-01 04:50:08.000,2025-09-01 04:51:04,2073656618742005996,,,,,35.0
2025-09-01 04:50:14.000,2025-09-01 04:51:04,2073656618742022380,33.44898047374172,,,,
2025-09-01 04:50:19.000,2025-09-01 04:51:04,2073656618742038764,,,,,29.0
2025-09-01 04:50:21.000,2025-09-01 04:51:04,2073656618742055148,,,75.0,541740.0,
2025-09-01 04:50:22.000,2025-09-01 04:50:24,2073656448646119660,,75.0,,,
2025-09-01 04:50:22.000,2025-09-01 04:51:04,2073656618742071532,29.080111366961546,,,,
2025-09-01 04:50:29.000,2025-09-01 04:51:04,2073656618742104300,,,,,31.0
2025-09-01 04:50:39.000,2025-09-01 04:51:04,2073656618742120684,,,,,24.0
2025-09-01 04:50:50.000,2025-09-01 04:52:06,2073656877564035308,,,,,29.0
2025-09-01 04:51:00.000,2025-09-01 04:52:06,2073656877572440300,,,,,37.0
2025-09-01 04:51:21.000,2025-09-01 04:52:06,2073656877572571372,,,75.0,541780.0,28.0
2025-09-01 04:51:22.000,2025-09-01 04:51:24,2073656703840157932,,75.0,,,
2025-09-01 04:51:31.000,2025-09-01 04:52:06,2073656877572620524,,,,,22.0
2025-09-01 04:51:42.000,2025-09-01 04:52:06,2073656877572636908,,,,,21.0
2025-09-01 04:51:43.000,2025-09-01 04:52:06,2073656877572653292,20.879453289461498,,,,
2025-09-01 04:51:52.000,2025-09-01 04:53:06,2073657129591374060,,,,,9.0
2025-09-01 04:51:54.000,2025-09-01 04:53:06,2073657129591390444,14.527091680196563,,,,
2025-09-01 04:52:02.000,2025-09-01 04:53:06,2073657129591406828,,,,,30.000000000000004
2025-09-01 04:52:10.000,2025-09-01 04:53:06,2073657129591423212,29.03751535617056,,,,
2025-09-01 04:52:13.000,2025-09-01 04:53:06,2073657129591439596,,,,,35.0
2025-09-01 04:52:16.000,2025-09-01 04:53:06,2073657129591455980,39.84579009426683,,,,
2025-09-01 04:52:20.000,2025-09-01 04:53:06,2073657129591472364,45.22770345768488,,,,
2025-09-01 04:52:21.000,2025-09-01 04:53:06,2073657129591488748,,,75.0,541790.0,
2025-09-01 04:52:23.000,2025-09-01 04:52:24,2073656955208990956,,73.0,,,
2025-09-01 04:52:23.000,2025-09-01 04:53:06,2073657129591505132,,,,,49.0
2025-09-01 04:52:34.000,2025-09-01 04:53:06,2073657129591537900,46.07591967256633,,,,47.0
2025-09-01 04:52:44.000,2025-09-01 04:53:06,2073657129591554284,,,,,43.0
2025-09-01 04:52:54.000,2025-09-01 04:54:07,2073657385607495916,39.17351392395686,,,,
2025-09-01 04:52:55.000,2025-09-01 04:54:07,2073657385607512300,,,,,35.0
2025-09-01 04:53:02.000,2025-09-01 04:54:07,2073657385607528684,34.700932790902975,,,,
2025-09-01 04:53:05.000,2025-09-01 04:54:07,2073657385607545068,,,,,43.0
2025-09-01 04:53:10.000,2025-09-01 04:54:07,2073657385607561452,44.66469531505615,,,,
2025-09-01 04:53:15.000,2025-09-01 04:54:07,2073657385607577836,46.14999969133326,,,,46.0
2025-09-01 04:53:22.000,2025-09-01 04:54:07,2073657385607594220,,,75.0,541850.0,
2025-09-01 04:53:25.000,2025-09-01 04:53:26,2073657215956287724,,69.0,,,
2025-09-01 04:53:26.000,2025-09-01 04:54:07,2073657385607626988,,,,,48.0
2025-09-01 04:53:36.000,2025-09-01 04:54:07,2073657385607643372,,,,,55.0
2025-09-01 04:53:46.000,2025-09-01 04:55:09,2073657646866497772,,,,,60.00000000000001
2025-09-01 04:53:57.000,2025-09-01 04:55:09,2073657646874902764,,,,,62.0
2025-09-01 04:54:07.000,2025-09-01 04:55:09,2073657646874919148,,,,,57.0
2025-09-01 04:54:18.000,2025-09-01 04:55:09,2073657646874935532,,,,,62.0
2025-09-01 04:54:22.000,2025-09-01 04:55:09,2073657646874951916,,,75.0,541910.0,
2025-09-01 04:54:26.000,2025-09-01 04:54:32,2073657489525571820,,78.0,,,
2025-09-01 04:54:28.000,2025-09-01 04:55:09,2073657646875001068,,,,,59.0
2025-09-01 04:54:29.000,2025-09-01 04:55:09,2073657646875017452,60.81599140671782,,,,
2025-09-01 04:54:38.000,2025-09-01 04:55:09,2073657646875033836,,,,,72.0
2025-09-01 04:54:44.000,2025-09-01 04:55:09,2073657646875066604,67.11094100143839,,,,
2025-09-01 04:54:49.000,2025-09-01 04:56:08,2073657895542604012,,,,,65.0
2025-09-01 04:54:59.000,2025-09-01 04:56:08,2073657895550992620,,,,,60.00000000000001
2025-09-01 04:55:10.000,2025-09-01 04:56:08,2073657895551009004,,,,,50.0
2025-09-01 04:55:15.000,2025-09-01 04:56:08,2073657895551025388,42.93307487637897,,,,
2025-09-01 04:55:20.000,2025-09-01 04:56:08,2073657895551058156,,,,,59.0
2025-09-01 04:55:22.000,2025-09-01 04:56:08,2073657895551074540,,,75.0,541950.0,
2025-09-01 04:55:26.000,2025-09-01 04:55:29,2073657728194248940,,78.0,,,
2025-09-01 04:55:30.000,2025-09-01 04:56:08,2073657895551107308,,,,,67.0
2025-09-01 04:55:41.000,2025-09-01 04:56:08,2073657895551123692,,,,,65.0
2025-09-01 04:56:02.000,2025-09-01 04:57:09,2073658151281901804,,,,,55.0
2025-09-01 04:56:06.000,2025-09-01 04:57:09,2073658151281918188,59.488107070320474,,,,
2025-09-01 04:56:12.000,2025-09-01 04:57:09,2073658151281934572,,,,,65.0
2025-09-01 04:56:22.000,2025-09-01 04:57:09,2073658151282032876,,,75.0,541980.0,57.0
2025-09-01 04:56:27.000,2025-09-01 04:56:30,2073657985065828588,,81.0,,,
2025-09-01 04:56:33.000,2025-09-01 04:57:09,2073658151282082028,,,,,49.0
2025-09-01 04:56:35.000,2025-09-01 04:57:09,2073658151282098412,52.6486693376629,,,,
2025-09-01 04:56:43.000,2025-09-01 04:57:09,2073658151282114796,,,,,64.0
2025-09-01 04:56:53.000,2025-09-01 04:58:12,2073658415011332332,,,,,75.0
2025-09-01 04:57:04.000,2025-09-01 04:58:12,2073658415019720940,,,,,76.0
2025-09-01 04:57:14.000,2025-09-01 04:58:12,2073658415019737324,,,,,70.0
2025-09-01 04:57:23.000,2025-09-01 04:58:12,2073658415019770092,,,75.0,542060.0,
2025-09-01 04:57:25.000,2025-09-01 04:58:12,2073658415019802860,,,,,67.0
2025-09-01 04:57:28.000,2025-09-01 04:57:29,2073658233213436140,,70.0,,,
2025-09-01 04:57:35.000,2025-09-01 04:58:12,2073658415019852012,,,,,59.0
2025-09-01 04:57:45.000,2025-09-01 04:58:12,2073658415019868396,,,,,66.0
2025-09-01 04:57:49.000,2025-09-01 04:58:12,2073658415019884780,62.555019847271694,,,,
2025-09-01 04:58:02.000,2025-09-01 04:59:11,2073658661527388396,63.771784155518645,,,,
2025-09-01 04:58:06.000,2025-09-01 04:59:11,2073658661527404780,,,,,60.99999999999999
2025-09-01 04:58:16.000,2025-09-01 04:59:11,2073658661527421164,,,,,60.00000000000001
2025-09-01 04:58:20.000,2025-09-01 04:59:11,2073658661527437548,54.73957786735973,,,,
2025-09-01 04:58:23.000,2025-09-01 04:59:11,2073658661527453932,,,75.0,542140.0,
2025-09-01 04:58:27.000,2025-09-01 04:59:11,2073658661527486700,,,,,66.0
2025-09-01 04:58:29.000,2025-09-01 04:58:32,2073658497207107820,,76.0,,,
2025-09-01 04:58:30.000,2025-09-01 04:59:11,2073658661527503084,66.84425293387741,,,,
2025-09-01 04:58:37.000,2025-09-01 04:59:11,2073658661527535852,,,,,70.0
2025-09-01 04:58:48.000,2025-09-01 04:59:11,2073658661527552236,,,,,59.0
2025-09-01 04:58:51.000,2025-09-01 05:00:12,2073658916520067308,51.207812972645954,,,,
2025-09-01 04:58:58.000,2025-09-01 05:00:12,2073658916528505068,,,,,25.0
2025-09-01 04:59:08.000,2025-09-01 05:00:12,2073658916528521452,,,,,36.0
2025-09-01 04:59:14.000,2025-09-01 05:00:12,2073658916528537836,42.13301067369604,,,,
2025-09-01 04:59:19.000,2025-09-01 05:00:12,2073658916528554220,,,,,52.0
2025-09-01 04:59:23.000,2025-09-01 05:00:12,2073658916528570604,,,75.0,542240.0,
2025-09-01 04:59:26.000,2025-09-01 05:00:12,2073658916528603372,51.95972516313038,,,,
2025-09-01 04:59:29.000,2025-09-01 05:00:12,2073658916528619756,,,,,49.0
2025-09-01 04:59:30.000,2025-09-01 04:59:31,2073658746508148972,,80.0,,,
2025-09-01 04:59:40.000,2025-09-01 05:00:12,2073658916528668908,,,,,51.0
2025-09-01 04:59:50.000,2025-09-01 05:00:12,2073658916528685292,,,,,69.0
2025-09-01 05:00:21.000,2025-09-01 05:01:13,2073659171517022444,,,,,57.0
2025-09-01 05:00:23.000,2025-09-01 05:01:13,2073659171517038828,,,75.0,542260.0,
2025-09-01 05:00:31.000,2025-09-01 05:00:39,2073659028919025900,,60.0,,,
2025-09-01 05:00:32.000,2025-09-01 05:01:13,2073659171517071596,,,,,56.0
2025-09-01 05:00:34.000,2025-09-01 05:01:13,2073659171517104364,55.3970380339163,,,,
2025-09-01 05:00:42.000,2025-09-01 05:01:13,2073659171517120748,,,,,60.00000000000001
2025-09-01 05:00:52.000,2025-09-01 05:02:14,2073659426903949548,,,,,64.0
2025-09-01 05:01:03.000,2025-09-01 05:02:14,2073659426912403692,,,,,63.0
2025-09-01 05:01:13.000,2025-09-01 05:02:14,2073659426912420076,,,,,62.0
2025-09-01 05:01:23.000,2025-09-01 05:02:14,2073659426912534764,,,75.0,542440.0,
2025-09-01 05:01:31.000,2025-09-01 05:01:32,2073659253477867756,,71.0,,,
2025-09-01 05:01:34.000,2025-09-01 05:02:14,2073659426912583916,,,,,63.0
2025-09-01 05:01:44.000,2025-09-01 05:02:14,2073659426912600300,,,,,60.99999999999999
2025-09-01 05:01:54.000,2025-09-01 05:03:14,2073659681569521900,,,,,56.0
2025-09-01 05:02:04.000,2025-09-01 05:03:14,2073659681577894124,58.647298857315725,,,,
2025-09-01 05:02:05.000,2025-09-01 05:03:14,2073659681577910508,,,,,62.0
2025-09-01 05:02:15.000,2025-09-01 05:03:14,2073659681577926892,,,,,60.00000000000001
2025-09-01 05:02:24.000,2025-09-01 05:03:14,2073659681577943276,,,74.0,542530.0,
2025-09-01 05:02:26.000,2025-09-01 05:03:14,2073659681577976044,,,,,57.0
2025-09-01 05:02:32.000,2025-09-01 05:02:43,2073659548920447212,,77.0,,,
2025-09-01 05:02:36.000,2025-09-01 05:03:14,2073659681578025196,,,,,58.0
2025-09-01 05:02:39.000,2025-09-01 05:03:14,2073659681578041580,52.944989412730656,,,,
2025-09-01 05:02:46.000,2025-09-01 05:03:14,2073659681578057964,,,,,51.0
2025-09-01 05:02:55.000,2025-09-01 05:04:15,2073659936662896876,14.501163673628133,,,,
2025-09-01 05:02:57.000,2025-09-01 05:04:15,2073659936671269100,,,,,8.0
2025-09-01 05:03:07.000,2025-09-01 05:04:15,2073659936671301868,,,,,0.0
2025-09-01 05:03:17.000,2025-09-01 05:04:15,2073659936671596780,,,,,1.0
2025-09-01 05:03:25.000,2025-09-01 05:04:15,2073659936671613164,,,74.0,542570.0,
2025-09-01 05:03:28.000,2025-09-01 05:04:15,2073659936671645932,,,,,0.0
2025-09-01 05:03:33.000,2025-09-01 05:03:35,2073659767074586860,,70.0,,,
2025-09-01 05:03:48.000,2025-09-01 05:04:15,2073659936671695084,,,,,6.0
2025-09-01 05:03:59.000,2025-09-01 05:05:16,2073660192188268780,37.49930549982406,,,,32.0
2025-09-01 05:04:09.000,2025-09-01 05:05:16,2073660192188285164,,,,,59.0
2025-09-01 05:04:25.000,2025-09-01 05:05:16,2073660192188317932,,,74.0,542600.0,
2025-09-01 05:04:30.000,2025-09-01 05:05:16,2073660192188350700,,,,,58.0
2025-09-01 05:04:34.000,2025-09-01 05:04:36,2073660022490923244,,77.0,,,
2025-09-01 05:04:40.000,2025-09-01 05:05:16,2073660192188399852,,,,,60.99999999999999
2025-09-01 05:04:51.000,2025-09-01 05:05:16,2073660192188416236,,,,,62.0
2025-09-01 05:05:01.000,2025-09-01 05:06:17,2073660446983848172,,,,,59.0
2025-09-01 05:05:12.000,2025-09-01 05:06:17,2073660446983864556,,,,,62.0
2025-09-01 05:05:22.000,2025-09-01 05:06:17,2073660446983913708,,,,,66.0
2025-09-01 05:05:25.000,2025-09-01 05:06:17,2073660446983930092,,,74.0,542650.0,
2025-09-01 05:05:29.000,2025-09-01 05:06:17,2073660446983962860,62.16609974874527,,,,
2025-09-01 05:05:32.000,2025-09-01 05:06:17,2073660446983979244,,,,,62.0
2025-09-01 05:05:35.000,2025-09-01 05:05:45,2073660315328856300,,66.0,,,
2025-09-01 05:05:43.000,2025-09-01 05:06:17,2073660446984012012,,,,,60.00000000000001
2025-09-01 05:05:53.000,2025-09-01 05:06:17,2073660446984028396,,,,,60.99999999999999
2025-09-01 05:06:04.000,2025-09-01 05:07:18,2073660701678764268,,,,,66.0
2025-09-01 05:06:25.000,2025-09-01 05:07:18,2073660701678911724,,,74.0,542700.0,
2025-09-01 05:06:35.000,2025-09-01 05:07:18,2073660701678944492,,,,,65.0
2025-09-01 05:06:36.000,2025-09-01 05:06:37,2073660532535066860,,70.0,,,
2025-09-01 05:06:45.000,2025-09-01 05:07:18,2073660701678993644,,,,,62.0
2025-09-01 05:06:55.000,2025-09-01 05:07:18,2073660701679010028,,,,,59.0
2025-09-01 05:07:00.000,2025-09-01 05:09:53,2073661352911569132,62.07535172575578,,,,
2025-09-01 05:07:06.000,2025-09-01 05:09:53,2073661352911585516,,,,,65.0
2025-09-01 05:07:16.000,2025-09-01 05:09:53,2073661352911601900,,,,,62.0
2025-09-01 05:07:26.000,2025-09-01 05:09:53,2073661352911618284,,,74.0,542730.0,
2025-09-01 05:07:27.000,2025-09-01 05:09:53,2073661352911634668,,,,,60.00000000000001
2025-09-01 05:07:37.000,2025-09-01 05:07:38,2073660788752531692,,73.0,,,
2025-09-01 05:07:37.000,2025-09-01 05:09:53,2073661352911667436,,,,,56.0
2025-09-01 05:07:47.000,2025-09-01 05:09:53,2073661352911700204,,,,,50.0
2025-09-01 05:07:58.000,2025-09-01 05:09:53,2073661352911716588,,,,,23.0
2025-09-01 05:08:05.000,2025-09-01 05:09:53,2073661352911749356,13.886299517862545,,,,
2025-09-01 05:08:08.000,2025-09-01 05:09:53,2073661352911782124,,,,,20.0
2025-09-01 05:08:18.000,2025-09-01 05:09:53,2073661352911798508,,,,,48.0
2025-09-01 05:08:26.000,2025-09-01 05:09:53,2073661352911814892,,,74.0,542760.0,
2025-09-01 05:08:29.000,2025-09-01 05:09:53,2073661352911847660,,,,,58.0
2025-09-01 05:08:38.000,2025-09-01 05:09:12,2073661182585077996,,79.0,,,
2025-09-01 05:08:39.000,2025-09-01 05:09:53,2073661352911880428,,,,,69.0
2025-09-01 05:08:50.000,2025-09-01 05:09:53,2073661352911896812,,,,,70.0
2025-09-01 05:09:00.000,2025-09-01 05:09:53,2073661352911929580,,,,,71.0
2025-09-01 05:09:10.000,2025-09-01 05:09:53,2073661352911945964,,,,,72.0
2025-09-01 05:09:21.000,2025-09-01 05:09:53,2073661352911962348,,,,,69.0
2025-09-01 05:09:26.000,2025-09-01 05:09:53,2073661352911978732,,,74.0,542780.0,
2025-09-01 05:09:31.000,2025-09-01 05:09:53,2073661352912011500,,,,,64.0
2025-09-01 05:09:36.000,2025-09-01 05:10:54,2073661607908475116,63.75511615129609,,,,
2025-09-01 05:09:38.000,2025-09-01 05:09:40,2073661297269932268,,73.0,,,
2025-09-01 05:09:42.000,2025-09-01 05:10:54,2073661607950467308,,,,,65.0
2025-09-01 05:09:52.000,2025-09-01 05:10:54,2073661607950483692,,,,,67.0
2025-09-01 05:09:57.000,2025-09-01 05:10:54,2073661607950500076,62.60502385993939,,,,
2025-09-01 05:10:02.000,2025-09-01 05:10:54,2073661607950532844,,,,,64.0
2025-09-01 05:10:13.000,2025-09-01 05:10:54,2073661607950549228,,,,,65.0
2025-09-01 05:10:21.000,2025-09-01 05:10:54,2073661607950581996,63.41990406637569,,,,
2025-09-01 05:10:26.000,2025-09-01 05:10:54,2073661607950614764,,,74.0,,
2025-09-01 05:10:34.000,2025-09-01 05:11:54,2073661862985089260,,,,,68.0
2025-09-01 05:10:37.000,2025-09-01 05:11:54,2073661863027015916,68.28696129936353,,,,
2025-09-01 05:10:40.000,2025-09-01 05:10:41,2073661555496468716,,70.0,,,
2025-09-01 05:10:44.000,2025-09-01 05:11:54,2073661863027065068,,,,,69.0
2025-09-01 05:10:54.000,2025-09-01 05:11:54,2073661863027081452,,,,,65.0
2025-09-01 05:11:05.000,2025-09-01 05:11:54,2073661863027114220,,,,,63.0
2025-09-01 05:11:15.000,2025-09-01 05:11:54,2073661863027130604,,,,,55.0
2025-09-01 05:11:25.000,2025-09-01 05:11:54,2073661863027245292,,,,,59.0
2025-09-01 05:11:26.000,2025-09-01 05:11:54,2073661863027261676,,,74.0,542790.0,
2025-09-01 05:11:36.000,2025-09-01 05:12:56,2073662120716665068,,,,,50.0
2025-09-01 05:11:41.000,2025-09-01 05:11:44,2073661819943125228,,82.0,,,
2025-09-01 05:11:46.000,2025-09-01 05:12:56,2073662120758657260,,,,,38.0
2025-09-01 05:11:56.000,2025-09-01 05:12:56,2073662120758673644,,,,,21.0
2025-09-01 05:12:07.000,2025-09-01 05:12:56,2073662120758788332,,,,,0.0
2025-09-01 05:12:08.000,2025-09-01 05:12:56,2073662120758837484,27.792971040886,,,,
2025-09-01 05:12:17.000,2025-09-01 05:12:56,2073662120759017708,,,,,39.0
2025-09-01 05:12:26.000,2025-09-01 05:12:56,2073662120759034092,,,74.0,542800.0,
2025-09-01 05:12:27.000,2025-09-01 05:12:56,2073662120759050476,,,,,37.0
2025-09-01 05:12:38.000,2025-09-01 05:13:56,2073662371317940460,,,,,22.0
2025-09-01 05:12:42.000,2025-09-01 05:12:43,2073662066605949164,,73.0,,,
2025-09-01 05:12:48.000,2025-09-01 05:13:56,2073662371359916268,,,,,2.0
2025-09-01 05:12:58.000,2025-09-01 05:13:56,2073662371359965420,,,,,37.0
2025-09-01 05:13:09.000,2025-09-01 05:13:56,2073662371359998188,,,,,41.0
2025-09-01 05:13:19.000,2025-09-01 05:13:56,2073662371360014572,,,,,36.0
2025-09-01 05:13:26.000,2025-09-01 05:13:56,2073662371360030956,,,75.0,542830.0,
2025-09-01 05:13:30.000,2025-09-01 05:13:56,2073662371360047340,,,,,11.0
2025-09-01 05:13:31.000,2025-09-01 05:13:56,2073662371360063724,10.736046719798503,,,,
2025-09-01 05:13:40.000,2025-09-01 05:14:56,2073662626688221420,,,,,10.0
2025-09-01 05:13:43.000,2025-09-01 05:13:44,2073662322005508332,,71.0,,,
2025-09-01 05:13:49.000,2025-09-01 05:14:56,2073662626688270572,25.657614499929007,,,,
2025-09-01 05:13:50.000,2025-09-01 05:14:56,2073662626688286956,,,,,31.0
2025-09-01 05:14:01.000,2025-09-01 05:14:56,2073662626688319724,,,,,49.0
2025-09-01 05:14:11.000,2025-09-01 05:14:56,2073662626688336108,,,,,66.0
2025-09-01 05:14:21.000,2025-09-01 05:14:56,2073662626688352492,,,,,65.0
2025-09-01 05:14:27.000,2025-09-01 05:14:56,2073662626688368876,,,75.0,542890.0,
2025-09-01 05:14:32.000,2025-09-01 05:14:56,2073662626688401644,,,,,52.0
2025-09-01 05:14:39.000,2025-09-01 05:15:57,2073662882083537132,29.18937939464278,,,,
2025-09-01 05:14:42.000,2025-09-01 05:15:57,2073662882083553516,,,,,31.0
2025-09-01 05:14:43.000,2025-09-01 05:14:45,2073662577925161196,,63.0,,,
2025-09-01 05:14:45.000,2025-09-01 05:15:57,2073662882083569900,35.4528449813874,,,,
2025-09-01 05:14:53.000,2025-09-01 05:15:57,2073662882083602668,,,,,35.0
2025-09-01 05:14:55.000,2025-09-01 05:15:57,2073662882083619052,34.64722477729695,,,,
2025-09-01 05:15:01.000,2025-09-01 05:15:57,2073662882083651820,38.293813701099474,,,,
2025-09-01 05:15:03.000,2025-09-01 05:15:57,2073662882083668204,,,,,48.0
2025-09-01 05:15:13.000,2025-09-01 05:15:57,2073662882083684588,,,,,81.0
2025-09-01 05:15:24.000,2025-09-01 05:15:57,2073662882083733740,,,,,89.0
2025-09-01 05:15:27.000,2025-09-01 05:15:57,2073662882083750124,,,74.0,542980.0,
2025-09-01 05:15:34.000,2025-09-01 05:15:57,2073662882083782892,,,,,93.0
2025-09-01 05:15:45.000,2025-09-01 05:15:46,2073662834381684972,,75.0,,,
2025-09-01 05:15:45.000,2025-09-01 05:16:58,2073663137701167340,,,,,96.0
2025-09-01 05:15:55.000,2025-09-01 05:16:58,2073663137743143148,,,,,93.0
2025-09-01 05:16:05.000,2025-09-01 05:16:58,2073663137743175916,,,,,92.0
2025-09-01 05:16:26.000,2025-09-01 05:16:58,2073663137743241452,,,,,90.0
2025-09-01 05:16:27.000,2025-09-01 05:16:58,2073663137743274220,,,74.0,543140.0,
2025-09-01 05:16:31.000,2025-09-01 05:16:58,2073663137743323372,89.38680264465667,,,,
2025-09-01 05:16:37.000,2025-09-01 05:16:58,2073663137743339756,,,,,92.0
2025-09-01 05:16:46.000,2025-09-01 05:16:47,2073663089806409964,,75.0,,,
2025-09-01 05:16:47.000,2025-09-01 05:18:00,2073663394342240492,,,,,90.0
2025-09-01 05:16:57.000,2025-09-01 05:18:00,2073663394384183532,,,,,88.0
2025-09-01 05:17:08.000,2025-09-01 05:18:00,2073663394384216300,,,,,89.0
2025-09-01 05:17:18.000,2025-09-01 05:18:00,2073663394384232684,,,,,90.0
2025-09-01 05:17:27.000,2025-09-01 05:18:00,2073663394384249068,,,74.0,543190.0,
2025-09-01 05:17:28.000,2025-09-01 05:18:00,2073663394384265452,,,,,89.0
2025-09-01 05:17:47.000,2025-09-01 05:17:48,2073663347852574956,,72.0,,,
2025-09-01 05:17:49.000,2025-09-01 05:18:59,2073663645492986092,,,,,86.0
2025-09-01 05:18:00.000,2025-09-01 05:18:59,2073663645493002476,,,,,85.0
2025-09-01 05:18:02.000,2025-09-01 05:18:59,2073663645493035244,84.47344539993951,,,,
2025-09-01 05:18:10.000,2025-09-01 05:18:59,2073663645493051628,,,,,88.0
2025-09-01 05:18:20.000,2025-09-01 05:18:59,2073663645493068012,,,,,89.0
2025-09-01 05:18:28.000,2025-09-01 05:18:59,2073663645493084396,,,74.0,543300.0,
2025-09-01 05:18:31.000,2025-09-01 05:18:59,2073663645493100780,,,,,91.0
2025-09-01 05:18:41.000,2025-09-01 05:20:00,2073663900687007980,,,,,87.0
2025-09-01 05:18:48.000,2025-09-01 05:18:50,2073663604502036716,,74.0,,,
2025-09-01 05:18:52.000,2025-09-01 05:20:00,2073663900728967404,,,,,82.0
2025-09-01 05:19:02.000,2025-09-01 05:20:00,2073663900729000172,,,,,84.0
2025-09-01 05:19:12.000,2025-09-01 05:20:00,2073663900729016556,,,,,92.0
2025-09-01 05:19:28.000,2025-09-01 05:20:00,2073663900729049324,,,74.0,543380.0,
2025-09-01 05:19:32.000,2025-09-01 05:20:00,2073663900729082092,89.24975460993784,,,,
2025-09-01 05:19:33.000,2025-09-01 05:20:00,2073663900729098476,,,,,90.0
2025-09-01 05:19:44.000,2025-09-01 05:21:01,2073664156053012716,,,,,94.0
2025-09-01 05:19:48.000,2025-09-01 05:19:50,2073663856462266604,,75.0,,,
2025-09-01 05:20:04.000,2025-09-01 05:21:01,2073664156095021292,,,,,89.0
2025-09-01 05:20:15.000,2025-09-01 05:21:01,2073664156095037676,,,,,86.0
2025-09-01 05:20:28.000,2025-09-01 05:21:01,2073664156095086828,,,74.0,543460.0,
2025-09-01 05:20:36.000,2025-09-01 05:21:01,2073664156095119596,,,,,85.0
2025-09-01 05:20:46.000,2025-09-01 05:22:02,2073664411733606636,,,,,87.0
2025-09-01 05:20:49.000,2025-09-01 05:20:51,2073664113065591020,,73.0,,,
2025-09-01 05:20:54.000,2025-09-01 05:22:02,2073664411775549676,86.76807398124541,,,,
2025-09-01 05:20:56.000,2025-09-01 05:22:02,2073664411775566060,,,,,88.0
2025-09-01 05:21:07.000,2025-09-01 05:22:02,2073664411775598828,,,,,92.0
2025-09-01 05:21:17.000,2025-09-01 05:22:02,2073664411775615212,,,,,95.0
2025-09-01 05:21:28.000,2025-09-01 05:22:02,2073664411775631596,,,,,97.0
2025-09-01 05:21:29.000,2025-09-01 05:22:02,2073664411775664364,,,74.0,543570.0,
2025-09-01 05:21:38.000,2025-09-01 05:22:02,2073664411775729900,,,,,91.0
2025-09-01 05:21:48.000,2025-09-01 05:23:03,2073664667997176044,,,,,89.0
2025-09-01 05:21:50.000,2025-09-01 05:21:51,2073664366951022828,,70.0,,,
2025-09-01 05:21:58.000,2025-09-01 05:23:03,2073664668039151852,,,,,87.0
2025-09-01 05:22:09.000,2025-09-01 05:23:03,2073664668039184620,,,,,88.0
2025-09-01 05:22:19.000,2025-09-01 05:23:03,2073664668039201004,,,,,86.0
2025-09-01 05:22:24.000,2025-09-01 05:23:03,2073664668039217388,83.16593306870304,,,,
2025-09-01 05:22:29.000,2025-09-01 05:23:03,2073664668039233772,,,74.0,543610.0,
2025-09-01 05:22:30.000,2025-09-01 05:23:03,2073664668039250156,,,,,84.0
2025-09-01 05:22:40.000,2025-09-01 05:23:03,2073664668039282924,,,,,88.0
2025-09-01 05:22:50.000,2025-09-01 05:24:04,2073664923103133932,,,,,81.0
2025-09-01 05:22:51.000,2025-09-01 05:22:52,2073664622719664364,,69.0,,,
2025-09-01 05:23:01.000,2025-09-01 05:24:04,2073664923145109740,,,,,77.0
2025-09-01 05:23:11.000,2025-09-01 05:24:04,2073664923145142508,,,,,75.0
2025-09-01 05:23:22.000,2025-09-01 05:24:04,2073664923145158892,,,,,78.0
2025-09-01 05:23:29.000,2025-09-01 05:24:04,2073664923145175276,,,74.0,543760.0,
2025-09-01 05:23:32.000,2025-09-01 05:24:04,2073664923145191660,,,,,79.0
2025-09-01 05:23:42.000,2025-09-01 05:24:04,2073664923145208044,,,,,88.0
2025-09-01 05:23:52.000,2025-09-01 05:23:54,2073664881269145836,,76.0,,,
2025-09-01 05:23:53.000,2025-09-01 05:25:05,2073665178100039916,,,,,85.0
2025-09-01 05:23:55.000,2025-09-01 05:25:05,2073665178141999340,81.58062066709057,,,,
2025-09-01 05:24:03.000,2025-09-01 05:25:05,2073665178142032108,,,,,82.0
2025-09-01 05:24:14.000,2025-09-01 05:25:05,2073665178142048492,,,,,83.0
2025-09-01 05:24:24.000,2025-09-01 05:25:05,2073665178142064876,,,,,87.0
2025-09-01 05:24:29.000,2025-09-01 05:25:05,2073665178142081260,,,74.0,543830.0,
2025-09-01 05:24:34.000,2025-09-01 05:25:05,2073665178142114028,,,,,89.0
2025-09-01 05:24:45.000,2025-09-01 05:26:06,2073665433478627564,,,,,83.0
2025-09-01 05:24:53.000,2025-09-01 05:24:55,2073665135121006828,,70.0,,,
2025-09-01 05:24:55.000,2025-09-01 05:26:06,2073665433478660332,,,,,82.0
2025-09-01 05:25:16.000,2025-09-01 05:26:06,2073665433478709484,,,,,79.0
2025-09-01 05:25:24.000,2025-09-01 05:26:06,2073665433478775020,76.41168735762747,,,,
2025-09-01 05:25:26.000,2025-09-01 05:26:06,2073665433478791404,,,,,78.0
2025-09-01 05:25:29.000,2025-09-01 05:26:06,2073665433478807788,,,74.0,543910.0,
2025-09-01 05:25:47.000,2025-09-01 05:27:07,2073665688811094252,,,,,84.0
2025-09-01 05:25:55.000,2025-09-01 05:25:57,2073665398808510700,,76.0,,,
2025-09-01 05:25:57.000,2025-09-01 05:27:07,2073665688811143404,,,,,83.0
2025-09-01 05:26:08.000,2025-09-01 05:27:07,2073665688811176172,,,,,77.0
2025-09-01 05:26:18.000,2025-09-01 05:27:07,2073665688811192556,,,,,79.0
2025-09-01 05:26:29.000,2025-09-01 05:27:07,2073665688811208940,,,,,82.0
2025-09-01 05:26:30.000,2025-09-01 05:27:07,2073665688811225324,,,74.0,543990.0,
2025-09-01 05:26:39.000,2025-09-01 05:27:07,2073665688811340012,,,,,77.0
2025-09-01 05:26:49.000,2025-09-01 05:28:07,2073665944147722476,,,,,83.0
2025-09-01 05:26:56.000,2025-09-01 05:26:59,2073665656800149740,,75.0,,,
2025-09-01 05:26:56.000,2025-09-01 05:28:07,2073665944189665516,83.9437732657559,,,,
2025-09-01 05:27:00.000,2025-09-01 05:28:07,2073665944189698284,,,,,93.0
2025-09-01 05:27:10.000,2025-09-01 05:28:07,2073665944189731052,,,,,102.0
2025-09-01 05:27:20.000,2025-09-01 05:28:07,2073665944189747436,,,,,96.0
2025-09-01 05:27:30.000,2025-09-01 05:28:07,2073665944189763820,,,74.0,544130.0,
2025-09-01 05:27:31.000,2025-09-01 05:28:07,2073665944189780204,,,,,91.0
2025-09-01 05:27:41.000,2025-09-01 05:28:07,2073665944189812972,,,,,89.0
2025-09-01 05:27:57.000,2025-09-01 05:27:58,2073665903001600236,,71.0,,,
2025-09-01 05:28:02.000,2025-09-01 05:29:08,2073666198112862444,,,,,92.0
2025-09-01 05:28:12.000,2025-09-01 05:29:08,2073666198112895212,,,,,94.0
2025-09-01 05:28:23.000,2025-09-01 05:29:08,2073666198112911596,,,,,91.0
2025-09-01 05:28:26.000,2025-09-01 05:29:08,2073666198112927980,89.80535475068989,,,,
2025-09-01 05:28:30.000,2025-09-01 05:29:08,2073666198112944364,,,73.0,544170.0,
2025-09-01 05:28:33.000,2025-09-01 05:29:08,2073666198112960748,,,,,88.0
2025-09-01 05:28:44.000,2025-09-01 05:29:08,2073666198112977132,,,,,94.0
2025-09-01 05:28:54.000,2025-09-01 05:30:09,2073666453181071596,,,,,91.0
2025-09-01 05:28:57.000,2025-09-01 05:29:06,2073666191708127468,,74.0,,,
2025-09-01 05:29:04.000,2025-09-01 05:30:09,2073666453223014636,,,,,87.0
2025-09-01 05:29:15.000,2025-09-01 05:30:09,2073666453223031020,,,,,75.0
2025-09-01 05:29:25.000,2025-09-01 05:30:09,2073666453223047404,,,,,73.0
2025-09-01 05:29:30.000,2025-09-01 05:30:09,2073666453223063788,,,73.0,544280.0,
2025-09-01 05:29:35.000,2025-09-01 05:30:09,2073666453223096556,,,,,72.0
2025-09-01 05:29:46.000,2025-09-01 05:30:09,2073666453223112940,,,,,68.0
2025-09-01 05:29:55.000,2025-09-01 05:31:10,2073666708140196076,66.24235278139605,,,,
2025-09-01 05:29:56.000,2025-09-01 05:31:10,2073666708182139116,,,,,66.0
2025-09-01 05:29:59.000,2025-09-01 05:30:00,2073666416044671212,,71.0,,,
2025-09-01 05:30:07.000,2025-09-01 05:31:10,2073666708182188268,,,,,69.0
2025-09-01 05:30:12.000,2025-09-01 05:31:10,2073666708182204652,65.85343268286962,,,,
2025-09-01 05:30:17.000,2025-09-01 05:31:10,2073666708182221036,,,,,62.0
2025-09-01 05:30:27.000,2025-09-01 05:31:10,2073666708182253804,,,,,60.00000000000001
2025-09-01 05:30:30.000,2025-09-01 05:31:10,2073666708182270188,,,73.0,,
2025-09-01 05:30:38.000,2025-09-01 05:31:10,2073666708182302956,,,,,56.0
2025-09-01 05:30:48.000,2025-09-01 05:31:10,2073666708182319340,,,,,60.00000000000001
2025-09-01 05:30:59.000,2025-09-01 05:32:10,2073666963535560940,,,,,67.0
2025-09-01 05:31:00.000,2025-09-01 05:31:02,2073666674900353260,,73.0,,,
2025-09-01 05:31:09.000,2025-09-01 05:32:10,2073666963577553132,,,,,70.0
2025-09-01 05:31:19.000,2025-09-01 05:32:10,2073666963577569516,,,,,71.0
2025-09-01 05:31:30.000,2025-09-01 05:32:10,2073666963577585900,,,,,60.00000000000001
2025-09-01 05:31:31.000,2025-09-01 05:32:10,2073666963577602284,,,73.0,,
2025-09-01 05:31:40.000,2025-09-01 05:32:10,2073666963577716972,,,,,37.0
2025-09-01 05:31:42.000,2025-09-01 05:32:10,2073666963577733356,37.94563761289487,,,,
2025-09-01 05:31:50.000,2025-09-01 05:33:11,2073667218838651116,,,,,36.0
2025-09-01 05:32:01.000,2025-09-01 05:33:11,2073667218880594156,,,,,31.0
2025-09-01 05:32:02.000,2025-09-01 05:32:08,2073666952986886380,,76.0,,,
2025-09-01 05:32:11.000,2025-09-01 05:33:11,2073667218880659692,,,,,23.0
2025-09-01 05:32:22.000,2025-09-01 05:33:11,2073667218880676076,,,,,22.0
2025-09-01 05:32:31.000,2025-09-01 05:33:11,2073667218880692460,,,73.0,544350.0,
2025-09-01 05:32:32.000,2025-09-01 05:33:11,2073667218880708844,,,,,12.0
2025-09-01 05:32:42.000,2025-09-01 05:33:11,2073667218880741612,,,,,14.0
2025-09-01 05:32:53.000,2025-09-01 05:34:12,2073667473944609004,,,,,33.0
2025-09-01 05:33:02.000,2025-09-01 05:33:04,2073667187276513516,,68.0,,,
2025-09-01 05:33:03.000,2025-09-01 05:34:12,2073667473986552044,,,,,58.0
2025-09-01 05:33:13.000,2025-09-01 05:34:12,2073667473986601196,72.76139443288659,,,,
2025-09-01 05:33:14.000,2025-09-01 05:34:12,2073667473986617580,,,,,75.0
2025-09-01 05:33:24.000,2025-09-01 05:34:12,2073667473986633964,,,,,76.0
2025-09-01 05:33:31.000,2025-09-01 05:34:12,2073667473986650348,,,73.0,544450.0,
2025-09-01 05:33:34.000,2025-09-01 05:34:12,2073667473986666732,,,,,72.0
2025-09-01 05:33:45.000,2025-09-01 05:34:12,2073667473986699500,,,,,69.0
2025-09-01 05:33:55.000,2025-09-01 05:35:14,2073667732271792364,,,,,74.0
2025-09-01 05:34:03.000,2025-09-01 05:34:05,2073667442860622060,,70.0,,,
2025-09-01 05:34:06.000,2025-09-01 05:35:14,2073667732313751788,,,,,67.0
2025-09-01 05:34:16.000,2025-09-01 05:35:14,2073667732313768172,,,,,35.0
2025-09-01 05:34:26.000,2025-09-01 05:35:14,2073667732313784556,,,,,26.0
2025-09-01 05:34:32.000,2025-09-01 05:35:14,2073667732313800940,,,73.0,544580.0,
2025-09-01 05:34:33.000,2025-09-01 05:35:14,2073667732313817324,28.011507096248465,,,,
2025-09-01 05:34:37.000,2025-09-01 05:35:14,2073667732313850092,,,,,38.0
2025-09-01 05:34:47.000,2025-09-01 05:35:14,2073667732313866476,,,,,66.0
2025-09-01 05:34:58.000,2025-09-01 05:36:14,2073667983296692460,,,,,78.0
2025-09-01 05:35:04.000,2025-09-01 05:35:12,2073667724214534380,,78.0,,,
2025-09-01 05:35:08.000,2025-09-01 05:36:14,2073667983296757996,,,,,83.0
2025-09-01 05:35:18.000,2025-09-01 05:36:14,2073667983296774380,,,,,84.0
2025-09-01 05:35:29.000,2025-09-01 05:36:14,2073667983296823532,,,,,76.0
2025-09-01 05:35:32.000,2025-09-01 05:36:14,2073667983296839916,,,73.0,544640.0,
2025-09-01 05:35:39.000,2025-09-01 05:36:14,2073667983296872684,,,,,73.0
2025-09-01 05:35:50.000,2025-09-01 05:36:14,2073667983296889068,,,,,59.0
2025-09-01 05:36:00.000,2025-09-01 05:37:14,2073668238721417452,,,,,29.0
2025-09-01 05:36:02.000,2025-09-01 05:37:14,2073668238721433836,22.51662170421083,,,,
2025-09-01 05:36:05.000,2025-09-01 05:36:06,2073667951789080812,,73.0,,,
2025-09-01 05:36:10.000,2025-09-01 05:37:14,2073668238721482988,,,,,4.0
2025-09-01 05:36:21.000,2025-09-01 05:37:14,2073668238721532140,,,,,23.0
2025-09-01 05:36:30.000,2025-09-01 05:37:14,2073668238721548524,27.989283090618386,,,,
2025-09-01 05:36:31.000,2025-09-01 05:37:14,2073668238721564908,,,,,29.0
2025-09-01 05:36:32.000,2025-09-01 05:37:14,2073668238721581292,,,73.0,544660.0,
2025-09-01 05:36:35.000,2025-09-01 05:37:14,2073668238721597676,39.73467006611642,,,,
2025-09-01 05:36:41.000,2025-09-01 05:37:14,2073668238721712364,,,,,64.0
2025-09-01 05:36:52.000,2025-09-01 05:37:14,2073668238721728748,,,,,78.0
2025-09-01 05:37:02.000,2025-09-01 05:38:15,2073668493672186092,,,,,83.0
2025-09-01 05:37:06.000,2025-09-01 05:37:07,2073668207893299436,,68.0,,,
2025-09-01 05:37:12.000,2025-09-01 05:38:15,2073668493672251628,,,,,79.0
2025-09-01 05:37:23.000,2025-09-01 05:38:15,2073668493672268012,,,,,72.0
2025-09-01 05:37:24.000,2025-09-01 05:38:15,2073668493672284396,71.93725422410442,,,,
2025-09-01 05:37:32.000,2025-09-01 05:38:15,2073668493672300780,,,73.0,544800.0,
2025-09-01 05:37:33.000,2025-09-01 05:38:15,2073668493672317164,,,,,49.0
2025-09-01 05:37:44.000,2025-09-01 05:38:15,2073668493672349932,,,,,23.0
2025-09-01 05:37:54.000,2025-09-01 05:38:15,2073668493672366316,,,,,13.0
2025-09-01 05:38:04.000,2025-09-01 05:39:16,2073668748895584492,,,,,32.0
2025-09-01 05:38:06.000,2025-09-01 05:38:10,2073668471081664748,,80.0,,,
2025-09-01 05:38:07.000,2025-09-01 05:39:16,2073668748937527532,30.27835567051677,,,,
2025-09-01 05:38:15.000,2025-09-01 05:39:16,2073668748937576684,,,,,28.0
2025-09-01 05:38:25.000,2025-09-01 05:39:16,2073668748937593068,,,,,48.0
2025-09-01 05:38:32.000,2025-09-01 05:39:16,2073668748937609452,,,73.0,544830.0,
2025-09-01 05:38:36.000,2025-09-01 05:39:16,2073668748937625836,,,,,50.0
2025-09-01 05:38:56.000,2025-09-01 05:40:17,2073669003976409324,,,,,62.0
2025-09-01 05:39:07.000,2025-09-01 05:39:09,2073668718939865324,,76.0,,,
2025-09-01 05:39:07.000,2025-09-01 05:40:17,2073669004018319596,,,,,70.0
2025-09-01 05:39:17.000,2025-09-01 05:40:17,2073669004018368748,,,,,75.0
2025-09-01 05:39:33.000,2025-09-01 05:40:17,2073669004018401516,,,72.0,544890.0,
2025-09-01 05:39:37.000,2025-09-01 05:40:17,2073669004018417900,69.86856970003767,,,,
2025-09-01 05:39:38.000,2025-09-01 05:40:17,2073669004018434284,,,,,70.0
2025-09-01 05:39:48.000,2025-09-01 05:40:17,2073669004018450668,,,,,68.0
2025-09-01 05:39:58.000,2025-09-01 05:41:18,2073669259774460140,64.54036435022564,,,,
2025-09-01 05:39:59.000,2025-09-01 05:41:18,2073669259774476524,,,,,63.0
2025-09-01 05:40:08.000,2025-09-01 05:40:12,2073668984233787628,,67.0,,,
2025-09-01 05:40:08.000,2025-09-01 05:41:18,2073669259774509292,37.27150944211573,,,,
2025-09-01 05:40:09.000,2025-09-01 05:41:18,2073669259774525676,,,,,35.0
2025-09-01 05:40:16.000,2025-09-01 05:41:18,2073669259774558444,27.75593103150253,,,,
2025-09-01 05:40:20.000,2025-09-01 05:41:18,2073669259774574828,,,,,24.0
2025-09-01 05:40:26.000,2025-09-01 05:41:18,2073669259774607596,24.900146308037066,,,,
2025-09-01 05:40:30.000,2025-09-01 05:41:18,2073669259774623980,,,,,29.0
2025-09-01 05:40:33.000,2025-09-01 05:41:18,2073669259774640364,,,72.0,544910.0,
2025-09-01 05:40:40.000,2025-09-01 05:41:18,2073669259774673132,,,,,43.0
2025-09-01 05:40:51.000,2025-09-01 05:41:18,2073669259774689516,,,,,55.0
2025-09-01 05:41:01.000,2025-09-01 05:42:19,2073669514335092972,,,,,46.0
2025-09-01 05:41:06.000,2025-09-01 05:42:19,2073669514377036012,39.943946119133024,,,,
2025-09-01 05:41:09.000,2025-09-01 05:41:10,2073669226375168236,,75.0,,,
2025-09-01 05:41:12.000,2025-09-01 05:42:19,2073669514377101548,,,,,29.0
2025-09-01 05:41:22.000,2025-09-01 05:42:19,2073669514377117932,,,,,19.0
2025-09-01 05:41:26.000,2025-09-01 05:42:19,2073669514377134316,21.622105477600055,,,,
2025-09-01 05:41:32.000,2025-09-01 05:42:19,2073669514377150700,,,,,25.0
2025-09-01 05:41:33.000,2025-09-01 05:42:19,2073669514377167084,,,72.0,544940.0,
2025-09-01 05:41:34.000,2025-09-01 05:42:19,2073669514377183468,23.833394037793155,,,,
2025-09-01 05:41:43.000,2025-09-01 05:42:19,2073669514377265388,29.41902745282029,,,,
2025-09-01 05:41:50.000,2025-09-01 05:42:19,2073669514377314540,42.16079068073364,,,,
2025-09-01 05:41:53.000,2025-09-01 05:42:19,2073669514377330924,,,,,44.0
2025-09-01 05:42:03.000,2025-09-01 05:43:25,2073669793931591916,,,,,54.0
2025-09-01 05:42:10.000,2025-09-01 05:42:15,2073669500485501164,,69.0,,,
2025-09-01 05:42:14.000,2025-09-01 05:43:25,2073669793973633260,,,,,60.00000000000001
2025-09-01 05:42:18.000,2025-09-01 05:43:25,2073669793973649644,60.262243266434965,,,,
2025-09-01 05:42:24.000,2025-09-01 05:43:25,2073669793973666028,,,,,53.0
2025-09-01 05:42:34.000,2025-09-01 05:43:25,2073669793973682412,,,72.0,544980.0,
2025-09-01 05:42:35.000,2025-09-01 05:43:25,2073669793973698796,21.96657756486632,,,,21.0
2025-09-01 05:42:44.000,2025-09-01 05:43:25,2073669793973731564,21.36652941285412,,,,
2025-09-01 05:42:45.000,2025-09-01 05:43:25,2073669793973747948,,,,,23.0
2025-09-01 05:42:56.000,2025-09-01 05:43:25,2073669793973780716,,,,,43.0
2025-09-01 05:43:11.000,2025-09-01 05:43:12,2073669737929244908,,70.0,,,
2025-09-01 05:43:16.000,2025-09-01 05:45:48,2073670391154393324,,,,,24.0
2025-09-01 05:43:19.000,2025-09-01 05:45:48,2073670391154409708,24.144530116614302,,,,
2025-09-01 05:43:27.000,2025-09-01 05:45:48,2073670391154442476,,,,,46.0
2025-09-01 05:43:34.000,2025-09-01 05:45:48,2073670391154458860,61.30306753011044,,72.0,545040.0,
2025-09-01 05:43:37.000,2025-09-01 05:45:48,2073670391154475244,,,,,67.0
2025-09-01 05:43:47.000,2025-09-01 05:45:48,2073670391154508012,,,,,64.0
2025-09-01 05:43:58.000,2025-09-01 05:45:48,2073670391154524396,,,,,66.0
2025-09-01 05:44:08.000,2025-09-01 05:45:48,2073670391154540780,,,,,73.0
2025-09-01 05:44:12.000,2025-09-01 05:44:55,2073670168629805292,,73.0,,,
2025-09-01 05:44:19.000,2025-09-01 05:45:48,2073670391154589932,,,,,74.0
2025-09-01 05:44:29.000,2025-09-01 05:45:48,2073670391154606316,,,,,75.0
2025-09-01 05:44:34.000,2025-09-01 05:45:48,2073670391154622700,,,72.0,545140.0,
2025-09-01 05:44:39.000,2025-09-01 05:45:48,2073670391154655468,,,,,76.0
2025-09-01 05:44:50.000,2025-09-01 05:45:48,2073670391154671852,,,,,73.0
2025-09-01 05:45:00.000,2025-09-01 05:45:48,2073670391154688236,,,,,74.0
2025-09-01 05:45:03.000,2025-09-01 05:45:48,2073670391154704620,74.81155895226162,,,,
2025-09-01 05:45:11.000,2025-09-01 05:45:48,2073670391154737388,,,,,76.0
2025-09-01 05:45:13.000,2025-09-01 05:45:19,2073670269792157932,,69.0,,,
2025-09-01 05:45:21.000,2025-09-01 05:45:48,2073670391154819308,,,,,74.0
2025-09-01 05:45:31.000,2025-09-01 05:46:48,2073670645039759596,,,,,57.0
2025-09-01 05:45:34.000,2025-09-01 05:46:48,2073670645039775980,,,72.0,545180.0,
2025-09-01 05:45:42.000,2025-09-01 05:46:48,2073670645039808748,,,,,28.0
2025-09-01 05:46:02.000,2025-09-01 05:46:48,2073670645039841516,,,,,54.0
2025-09-01 05:46:13.000,2025-09-01 05:46:48,2073670645039874284,,,,,71.0
2025-09-01 05:46:14.000,2025-09-01 05:46:16,2073670508200607980,,62.0,,,
2025-09-01 05:46:23.000,2025-09-01 05:46:48,2073670645039923436,,,,,75.0
2025-09-01 05:46:34.000,2025-09-01 05:47:52,2073670910660853996,72.98548648965658,,,,
2025-09-01 05:46:35.000,2025-09-01 05:47:52,2073670910660870380,,,72.0,545240.0,
2025-09-01 05:46:44.000,2025-09-01 05:47:52,2073670910660903148,,,,,74.0
2025-09-01 05:46:54.000,2025-09-01 05:47:52,2073670910661017836,,,,,76.0
2025-09-01 05:47:05.000,2025-09-01 05:47:52,2073670910661034220,,,,,73.0
2025-09-01 05:47:15.000,2025-09-01 05:47:17,2073670764602589420,,67.0,,,
2025-09-01 05:47:15.000,2025-09-01 05:47:52,2073670910661066988,,,,,65.0
2025-09-01 05:47:25.000,2025-09-01 05:47:52,2073670910661116140,,,,,25.0
2025-09-01 05:47:35.000,2025-09-01 05:48:49,2073671152949018860,,,72.0,545290.0,
2025-09-01 05:47:36.000,2025-09-01 05:48:49,2073671152949035244,,,,,43.0
2025-09-01 05:47:46.000,2025-09-01 05:48:49,2073671152949068012,,,,,65.0
2025-09-01 05:47:57.000,2025-09-01 05:48:49,2073671152949084396,,,,,78.0
2025-09-01 05:48:04.000,2025-09-01 05:48:49,2073671152949100780,75.16343904140457,,,,
2025-09-01 05:48:07.000,2025-09-01 05:48:49,2073671152949117164,,,,,75.0
2025-09-01 05:48:16.000,2025-09-01 05:48:24,2073671045956501740,,71.0,,,
2025-09-01 05:48:17.000,2025-09-01 05:48:49,2073671152949149932,,,,,72.0
2025-09-01 05:48:28.000,2025-09-01 05:48:49,2073671152949182700,,,,,60.00000000000001
2025-09-01 05:48:35.000,2025-09-01 05:49:50,2073671407803302124,,,72.0,545380.0,
2025-09-01 05:48:38.000,2025-09-01 05:49:50,2073671407845245164,,,,,21.0
2025-09-01 05:48:48.000,2025-09-01 05:49:50,2073671407845277932,,,,,13.0
2025-09-01 05:48:59.000,2025-09-01 05:49:50,2073671407845294316,,,,,22.0
2025-09-01 05:49:09.000,2025-09-01 05:49:50,2073671407845310700,,,,,24.0
2025-09-01 05:49:17.000,2025-09-01 05:49:19,2073671276727107820,,66.0,,,
2025-09-01 05:49:20.000,2025-09-01 05:49:50,2073671407845359852,,,,,23.0
2025-09-01 05:49:26.000,2025-09-01 05:49:50,2073671407845376236,26.707698765950354,,,,
2025-09-01 05:49:30.000,2025-09-01 05:50:51,2073671662540161260,,,,,38.0
2025-09-01 05:49:35.000,2025-09-01 05:50:51,2073671662540177644,,,72.0,545400.0,
2025-09-01 05:49:40.000,2025-09-01 05:50:51,2073671662540194028,,,,,60.99999999999999
2025-09-01 05:49:51.000,2025-09-01 05:50:51,2073671662540210412,,,,,66.0
2025-09-01 05:50:01.000,2025-09-01 05:50:51,2073671662540226796,,,,,60.99999999999999
2025-09-01 05:50:12.000,2025-09-01 05:50:51,2073671662540259564,,,,,63.0
2025-09-01 05:50:19.000,2025-09-01 05:50:21,2073671538241962220,,70.0,,,
2025-09-01 05:50:22.000,2025-09-01 05:50:51,2073671662540308716,,,,,67.0
2025-09-01 05:50:32.000,2025-09-01 05:51:51,2073671916127781100,,,,,66.0
2025-09-01 05:50:35.000,2025-09-01 05:51:51,2073671916169724140,,,72.0,545460.0,
2025-09-01 05:50:43.000,2025-09-01 05:51:51,2073671916169756908,,,,,33.0
2025-09-01 05:50:53.000,2025-09-01 05:51:51,2073671916169773292,,,,,24.0
2025-09-01 05:50:55.000,2025-09-01 05:51:51,2073671916169789676,25.437226444097366,,,,
2025-09-01 05:51:14.000,2025-09-01 05:51:51,2073671916169838828,,,,,49.0
2025-09-01 05:51:19.000,2025-09-01 05:51:21,2073671789271056620,,73.0,,,
2025-09-01 05:51:24.000,2025-09-01 05:51:51,2073671916169871596,,,,,70.0
2025-09-01 05:51:33.000,2025-09-01 05:52:52,2073672171611226348,67.21835702865046,,,,
2025-09-01 05:51:35.000,2025-09-01 05:52:52,2073672171653185772,,,,,68.0
2025-09-01 05:51:36.000,2025-09-01 05:52:52,2073672171653202156,,,72.0,545520.0,
2025-09-01 05:51:45.000,2025-09-01 05:52:52,2073672171653234924,,,,,70.0
2025-09-01 05:51:55.000,2025-09-01 05:52:52,2073672171653349612,,,,,73.0
2025-09-01 05:52:06.000,2025-09-01 05:52:52,2073672171653365996,,,,,66.0
2025-09-01 05:52:16.000,2025-09-01 05:52:52,2073672171653398764,,,,,71.0
2025-09-01 05:52:21.000,2025-09-01 05:52:22,2073672043945001196,,78.0,,,
2025-09-01 05:52:27.000,2025-09-01 05:52:52,2073672171653447916,,,,,70.0
2025-09-01 05:52:36.000,2025-09-01 05:53:53,2073672428545900780,,,72.0,545570.0,
2025-09-01 05:52:37.000,2025-09-01 05:53:53,2073672428587843820,,,,,68.0
2025-09-01 05:52:58.000,2025-09-01 05:53:53,2073672428587892972,,,,,72.0
2025-09-01 05:53:03.000,2025-09-01 05:53:53,2073672428587909356,69.38149357664504,,,,
2025-09-01 05:53:08.000,2025-09-01 05:53:53,2073672428587925740,,,,,68.0
2025-09-01 05:53:19.000,2025-09-01 05:53:53,2073672428587958508,,,,,60.99999999999999
2025-09-01 05:53:21.000,2025-09-01 05:53:23,2073672299134845164,,78.0,,,
2025-09-01 05:53:29.000,2025-09-01 05:53:53,2073672428588007660,,,,,51.0
2025-09-01 05:53:36.000,2025-09-01 05:54:54,2073672683228233964,,,72.0,,
2025-09-01 05:53:39.000,2025-09-01 05:54:54,2073672683270177004,,,,,36.0
2025-09-01 05:53:45.000,2025-09-01 05:54:54,2073672683270209772,29.722755529764733,,,,
2025-09-01 05:53:50.000,2025-09-01 05:54:54,2073672683270226156,,,,,23.0
2025-09-01 05:53:54.000,2025-09-01 05:54:54,2073672683270242540,17.877360528931337,,,,
2025-09-01 05:54:00.000,2025-09-01 05:54:54,2073672683270258924,,,,,38.0
2025-09-01 05:54:10.000,2025-09-01 05:54:54,2073672683270275308,55.53964207004267,,,,
2025-09-01 05:54:11.000,2025-09-01 05:54:54,2073672683270291692,,,,,54.0
2025-09-01 05:54:21.000,2025-09-01 05:54:54,2073672683270324460,,,,,44.0
2025-09-01 05:54:23.000,2025-09-01 05:54:24,2073672556593823980,,78.0,,,
2025-09-01 05:54:31.000,2025-09-01 05:54:54,2073672683270357228,,,,,38.0
2025-09-01 05:54:36.000,2025-09-01 05:55:55,2073672938220945644,,,72.0,545600.0,
2025-09-01 05:54:42.000,2025-09-01 05:55:55,2073672938262888684,,,,,27.0
2025-09-01 05:54:45.000,2025-09-01 05:55:55,2073672938262905068,25.47056245254249,,,,
2025-09-01 05:54:52.000,2025-09-01 05:55:55,2073672938262921452,26.118762616753198,,,,26.0
2025-09-01 05:54:58.000,2025-09-01 05:55:55,2073672938262937836,40.88846635841148,,,,
2025-09-01 05:55:02.000,2025-09-01 05:55:55,2073672938262954220,,,,,49.0
2025-09-01 05:55:13.000,2025-09-01 05:55:55,2073672938262986988,,,,,71.0
2025-09-01 05:55:23.000,2025-09-01 05:55:55,2073672938263036140,,,,,72.0
2025-09-01 05:55:24.000,2025-09-01 05:55:26,2073672815176843500,,67.0,,,
2025-09-01 05:55:34.000,2025-09-01 05:55:55,2073672938263068908,,,,,70.0
2025-09-01 05:55:37.000,2025-09-01 05:58:30,2073673588963049708,,,72.0,545670.0,
2025-09-01 05:55:44.000,2025-09-01 05:58:30,2073673588963082476,,,,,68.0
2025-09-01 05:55:55.000,2025-09-01 05:58:30,2073673588963098860,,,,,64.0
2025-09-01 05:56:05.000,2025-09-01 05:58:30,2073673588963115244,,,,,60.99999999999999
2025-09-01 05:56:15.000,2025-09-01 05:58:30,2073673588963148012,,,,,50.0
2025-09-01 05:56:25.000,2025-09-01 05:56:32,2073673092772659436,,71.0,,,
2025-09-01 05:56:26.000,2025-09-01 05:58:30,2073673588967211244,,,,,20.0
2025-09-01 05:56:29.000,2025-09-01 05:58:30,2073673588967244012,18.964484804336152,,,,
2025-09-01 05:56:36.000,2025-09-01 05:58:30,2073673588967260396,28.689339267965952,,,,29.0
2025-09-01 05:56:37.000,2025-09-01 05:58:30,2073673588967276780,,,71.0,545770.0,
2025-09-01 05:56:46.000,2025-09-01 05:58:30,2073673588967309548,,,,,51.0
2025-09-01 05:56:50.000,2025-09-01 05:58:30,2073673588967325932,56.869378406909206,,,,
2025-09-01 05:56:57.000,2025-09-01 05:58:30,2073673588967440620,,,,,62.0
2025-09-01 05:57:07.000,2025-09-01 05:58:30,2073673588967457004,,,,,66.0
2025-09-01 05:57:18.000,2025-09-01 05:58:30,2073673588967489772,,,,,56.0
2025-09-01 05:57:26.000,2025-09-01 05:57:51,2073673423720022252,,76.0,,,
2025-09-01 05:57:28.000,2025-09-01 05:58:30,2073673588967522540,,,,,27.0
2025-09-01 05:57:37.000,2025-09-01 05:58:30,2073673588967538924,19.447856926790422,,71.0,545820.0,
2025-09-01 05:57:38.000,2025-09-01 05:58:30,2073673588967555308,,,,,21.0
2025-09-01 05:57:49.000,2025-09-01 05:58:30,2073673588967588076,49.122460444356655,,,,50.0
2025-09-01 05:57:59.000,2025-09-01 05:58:30,2073673588967604460,,,,,48.0
2025-09-01 05:58:10.000,2025-09-01 05:59:31,2073673842890375404,,,,,58.0
2025-09-01 05:58:20.000,2025-09-01 05:59:31,2073673842894586092,,,,,56.0
2025-09-01 05:58:27.000,2025-09-01 05:58:29,2073673582969356524,,80.0,,,
2025-09-01 05:58:30.000,2025-09-01 05:59:31,2073673842894618860,,,,,57.0
2025-09-01 05:58:38.000,2025-09-01 05:59:31,2073673842894635244,,,71.0,545860.0,
2025-09-01 05:58:41.000,2025-09-01 05:59:31,2073673842894651628,,,,,52.0
2025-09-01 05:58:51.000,2025-09-01 05:59:31,2073673842894684396,,,,,26.0
2025-09-01 05:58:57.000,2025-09-01 05:59:31,2073673842894700780,21.877681542345993,,,,
2025-09-01 05:59:02.000,2025-09-01 05:59:31,2073673842894717164,,,,,25.0
2025-09-01 05:59:10.000,2025-09-01 06:00:31,2073674097778245868,29.091223369776586,,,,
2025-09-01 05:59:12.000,2025-09-01 06:00:31,2073674097778262252,,,,,33.0
2025-09-01 05:59:22.000,2025-09-01 06:00:31,2073674097778295020,,,,,55.0
2025-09-01 05:59:29.000,2025-09-01 05:59:31,2073673844672954604,,73.0,,,
2025-09-01 05:59:33.000,2025-09-01 06:00:31,2073674097778344172,,,,,48.0
2025-09-01 05:59:38.000,2025-09-01 06:00:31,2073674097778360556,,,71.0,545870.0,
2025-09-01 05:59:43.000,2025-09-01 06:00:31,2073674097778376940,,,,,52.0
2025-09-01 06:00:14.000,2025-09-01 06:01:32,2073674351663661292,,,,,72.0
2025-09-01 06:00:25.000,2025-09-01 06:01:32,2073674351663694060,,,,,68.0
2025-09-01 06:00:30.000,2025-09-01 06:00:32,2073674100575830252,,68.0,,,
2025-09-01 06:00:35.000,2025-09-01 06:01:32,2073674351663743212,,,,,65.0
2025-09-01 06:00:38.000,2025-09-01 06:01:32,2073674351663759596,,,71.0,546020.0,
2025-09-01 06:00:40.000,2025-09-01 06:01:32,2073674351663775980,70.3260138159235,,,,
2025-09-01 06:00:45.000,2025-09-01 06:01:32,2073674351663808748,,,,,74.0
2025-09-01 06:00:56.000,2025-09-01 06:01:32,2073674351663825132,,,,,68.0
2025-09-01 06:01:06.000,2025-09-01 06:01:32,2073674351663841516,,,,,81.0
2025-09-01 06:01:17.000,2025-09-01 06:02:32,2073674605477773548,,,,,84.0
2025-09-01 06:01:27.000,2025-09-01 06:02:32,2073674605477789932,,,,,66.0
2025-09-01 06:01:30.000,2025-09-01 06:01:31,2073674348681494764,,70.0,,,
2025-09-01 06:01:37.000,2025-09-01 06:02:32,2073674605477839084,,,,,81.0
2025-09-01 06:01:38.000,2025-09-01 06:02:32,2073674605477855468,,,71.0,546120.0,
2025-09-01 06:01:48.000,2025-09-01 06:02:32,2073674605477888236,,,,,88.0
2025-09-01 06:01:58.000,2025-09-01 06:02:32,2073674605477986540,,,,,91.0
2025-09-01 06:02:09.000,2025-09-01 06:02:32,2073674605478002924,,,,,86.0
2025-09-01 06:02:12.000,2025-09-01 06:03:33,2073674859435114732,81.58432466802893,,,,
2025-09-01 06:02:19.000,2025-09-01 06:03:33,2073674859438686444,,,,,82.0
2025-09-01 06:02:29.000,2025-09-01 06:03:33,2073674859438702828,,,,,86.0
2025-09-01 06:02:31.000,2025-09-01 06:02:38,2073674628366074092,,71.0,,,
2025-09-01 06:02:39.000,2025-09-01 06:03:33,2073674859438751980,,,71.0,546230.0,
2025-09-01 06:02:40.000,2025-09-01 06:03:33,2073674859438768364,,,,,87.0
2025-09-01 06:02:50.000,2025-09-01 06:03:33,2073674859438801132,,,,,80.0
2025-09-01 06:03:00.000,2025-09-01 06:03:33,2073674859438817516,,,,,73.0
2025-09-01 06:03:11.000,2025-09-01 06:03:33,2073674859438833900,,,,,69.0
2025-09-01 06:03:21.000,2025-09-01 06:04:34,2073675113194078444,,,,,76.0
2025-09-01 06:03:32.000,2025-09-01 06:03:43,2073674899234226412,,73.0,,,
2025-09-01 06:03:32.000,2025-09-01 06:04:34,2073675113194094828,,,,,72.0
2025-09-01 06:03:39.000,2025-09-01 06:04:34,2073675113194143980,,,71.0,546260.0,
2025-09-01 06:03:42.000,2025-09-01 06:04:34,2073675113194160364,71.81317019266979,,,,73.0
2025-09-01 06:03:52.000,2025-09-01 06:04:34,2073675113194193132,,,,,79.0
2025-09-01 06:04:03.000,2025-09-01 06:04:34,2073675113194209516,,,,,80.0
2025-09-01 06:04:13.000,2025-09-01 06:05:34,2073675366798459116,,,,,74.0
2025-09-01 06:04:24.000,2025-09-01 06:05:34,2073675366798491884,,,,,80.0
2025-09-01 06:04:32.000,2025-09-01 06:04:34,2073675113869345004,,69.0,,,
2025-09-01 06:04:34.000,2025-09-01 06:05:34,2073675366798508268,,,,,81.0
2025-09-01 06:04:39.000,2025-09-01 06:05:34,2073675366798541036,,,71.0,546290.0,
2025-09-01 06:04:44.000,2025-09-01 06:05:34,2073675366798557420,,,,,82.0
2025-09-01 06:05:05.000,2025-09-01 06:05:34,2073675366798590188,,,,,83.0
2025-09-01 06:05:14.000,2025-09-01 06:06:35,2073675622252544236,81.32134060140628,,,,
2025-09-01 06:05:26.000,2025-09-01 06:06:35,2073675622252642540,,,,,79.0
2025-09-01 06:05:33.000,2025-09-01 06:05:34,2073675367805092076,,66.0,,,
2025-09-01 06:05:36.000,2025-09-01 06:06:35,2073675622252675308,,,,,82.0
2025-09-01 06:05:40.000,2025-09-01 06:06:35,2073675622252691692,,,71.0,546350.0,
2025-09-01 06:05:47.000,2025-09-01 06:06:35,2073675622252724460,,,,,77.0
2025-09-01 06:06:08.000,2025-09-01 06:06:35,2073675622252789996,,,,,78.0
2025-09-01 06:06:28.000,2025-09-01 06:07:36,2073675877299814636,,,,,76.0
2025-09-01 06:06:35.000,2025-09-01 06:06:37,2073675631983329516,,75.0,,,
2025-09-01 06:06:39.000,2025-09-01 06:07:36,2073675877299863788,,,,,79.0
2025-09-01 06:06:40.000,2025-09-01 06:07:36,2073675877299880172,,,71.0,546410.0,
2025-09-01 06:06:44.000,2025-09-01 06:07:36,2073675877299896556,68.03694123602511,,,,
2025-09-01 06:06:49.000,2025-09-01 06:07:36,2073675877299929324,,,,,58.0
2025-09-01 06:06:53.000,2025-09-01 06:07:36,2073675877299945708,49.77806861044405,,,,
2025-09-01 06:06:59.001,2025-09-01 06:07:36,2073675877299994860,,,,,53.0
2025-09-01 06:07:10.000,2025-09-01 06:07:36,2073675877300060396,,,,,59.0
2025-09-01 06:07:18.000,2025-09-01 06:08:36,2073676132296687852,34.465728731317945,,,,
2025-09-01 06:07:20.000,2025-09-01 06:08:36,2073676132296704236,,,,,37.0
2025-09-01 06:07:23.000,2025-09-01 06:08:36,2073676132296720620,39.26796594788471,,,,
2025-09-01 06:07:30.000,2025-09-01 06:08:36,2073676132296737004,34.41757671911944,,,,
2025-09-01 06:07:36.000,2025-09-01 06:07:37,2073675882194534636,,66.0,,,
2025-09-01 06:07:37.000,2025-09-01 06:08:36,2073676132296753388,44.39430324655683,,,,
2025-09-01 06:07:40.000,2025-09-01 06:08:36,2073676132296786156,,,71.0,546430.0,
2025-09-01 06:07:41.000,2025-09-01 06:08:36,2073676132296802540,,,,,50.0
2025-09-01 06:07:51.000,2025-09-01 06:08:36,2073676132296835308,25.903930562329077,,,,24.0
2025-09-01 06:08:02.000,2025-09-01 06:08:36,2073676132296851692,,,,,60.00000000000001
2025-09-01 06:08:12.000,2025-09-01 06:08:36,2073676132296884460,,,,,68.0
2025-09-01 06:08:22.000,2025-09-01 06:09:37,2073676386991620332,,,,,63.0
2025-09-01 06:08:33.000,2025-09-01 06:09:37,2073676386995798252,,,,,42.0
2025-09-01 06:08:37.000,2025-09-01 06:08:38,2073676139045322988,,75.0,,,
2025-09-01 06:08:40.000,2025-09-01 06:09:37,2073676386995831020,,,71.0,546500.0,
2025-09-01 06:08:43.000,2025-09-01 06:09:37,2073676386995847404,,,,,38.0
2025-09-01 06:08:53.000,2025-09-01 06:09:37,2073676386995880172,,,,,34.0
2025-09-01 06:09:04.000,2025-09-01 06:09:37,2073676386995912940,,,,,24.0
2025-09-01 06:09:14.000,2025-09-01 06:09:37,2073676386995929324,,,,,40.0
2025-09-01 06:09:22.000,2025-09-01 06:10:38,2073676641971732716,44.2424392080846,,,,
2025-09-01 06:09:25.000,2025-09-01 06:10:38,2073676641971749100,,,,,42.0
2025-09-01 06:09:35.000,2025-09-01 06:10:38,2073676641971781868,,,,,28.0
2025-09-01 06:09:38.000,2025-09-01 06:09:39,2073676394990141676,,62.0,,,
2025-09-01 06:09:40.000,2025-09-01 06:10:38,2073676641971814636,,,71.0,546570.0,
2025-09-01 06:09:45.000,2025-09-01 06:10:38,2073676641971831020,,,,,19.0
2025-09-01 06:09:56.000,2025-09-01 06:10:38,2073676641971863788,,,,,43.0
2025-09-01 06:10:06.000,2025-09-01 06:10:38,2073676641971880172,,,,,55.0
2025-09-01 06:10:15.000,2025-09-01 06:10:38,2073676641971912940,24.67605425126708,,,,
2025-09-01 06:10:16.000,2025-09-01 06:10:38,2073676641971929324,,,,,6.0
2025-09-01 06:10:27.000,2025-09-01 06:11:39,2073676898793177324,20.64980523128399,,,,21.0
2025-09-01 06:10:37.000,2025-09-01 06:11:39,2073676898793210092,,,,,24.0
2025-09-01 06:10:39.000,2025-09-01 06:10:48,2073676684971737324,,67.0,,,
2025-09-01 06:10:40.000,2025-09-01 06:11:39,2073676898793226476,,,70.0,546640.0,
2025-09-01 06:10:46.000,2025-09-01 06:11:39,2073676898793259244,30.35799169069123,,,,
2025-09-01 06:10:47.000,2025-09-01 06:11:39,2073676898793275628,,,,,35.0
2025-09-01 06:11:08.000,2025-09-01 06:11:39,2073676898793324780,,,,,0.0
2025-09-01 06:11:18.000,2025-09-01 06:11:39,2073676898793619692,,,,,42.0
2025-09-01 06:11:26.000,2025-09-01 06:12:40,2073677154784116972,28.35227518257638,,,,
2025-09-01 06:11:29.000,2025-09-01 06:12:40,2073677154784133356,,,,,27.0
2025-09-01 06:11:35.000,2025-09-01 06:12:40,2073677154784149740,25.994678585318578,,,,
2025-09-01 06:11:39.000,2025-09-01 06:11:44,2073676917751415020,,71.0,,,
2025-09-01 06:11:39.000,2025-09-01 06:12:40,2073677154784166124,,,,,15.000000000000002
2025-09-01 06:11:41.000,2025-09-01 06:12:40,2073677154784182508,,,70.0,546680.0,
2025-09-01 06:11:45.000,2025-09-01 06:12:40,2073677154784215276,40.48102625519332,,,,
2025-09-01 06:11:49.000,2025-09-01 06:12:40,2073677154784248044,,,,,35.0
2025-09-01 06:12:00.000,2025-09-01 06:12:40,2073677154784264428,,,,,24.0
2025-09-01 06:12:07.000,2025-09-01 06:12:40,2073677154784379116,11.67871495860779,,,,
2025-09-01 06:12:10.000,2025-09-01 06:12:40,2073677154784395500,,,,,9.0
2025-09-01 06:12:20.000,2025-09-01 06:13:41,2073677409969766636,,,,,1.0
2025-09-01 06:12:42.000,2025-09-01 06:13:41,2073677409974124780,,,70.0,546700.0,
2025-09-01 06:13:36.000,2025-09-01 06:14:42,2073677664895385836,0.0,,,,
2025-09-01 06:13:42.000,2025-09-01 06:14:42,2073677664895402220,,,70.0,,
2025-09-01 06:14:43.000,2025-09-01 06:15:08,2073677776388407532,,,70.0,,
2025-09-01 06:15:07.000,2025-09-01 06:15:40,2073677909658239212,14.88082376980869,,,,
2025-09-01 06:15:15.000,2025-09-01 06:15:17,2073677810890703084,,62.0,,,
2025-09-01 06:15:27.000,2025-09-01 06:16:38,2073678152344830188,,,,,7.0
2025-09-01 06:15:37.000,2025-09-01 06:16:38,2073678152344879340,,,,,2.0
2025-09-01 06:15:44.000,2025-09-01 06:16:38,2073678152344895724,,,70.0,546710.0,
2025-09-01 06:15:48.000,2025-09-01 06:16:38,2073678152344912108,,,,,1.0
2025-09-01 06:15:58.000,2025-09-01 06:16:38,2073678152344944876,,,,,0.0
2025-09-01 06:16:11.001,2025-09-01 06:16:38,2073678152345010412,,,,546720.0,
2025-09-01 06:16:44.000,2025-09-01 06:17:39,2073678409447325932,,,70.0,,
2025-09-01 06:17:44.000,2025-09-01 06:18:39,2073678659822092524,,,70.0,,
2025-09-01 06:18:45.000,2025-09-01 06:19:40,2073678914122744044,,,70.0,,
2025-09-01 06:19:45.000,2025-09-01 06:20:41,2073679171468443884,,,70.0,,
2025-09-01 06:20:07.000,2025-09-01 06:20:41,2073679171468509420,0.2018680511399063,,,,
2025-09-01 06:20:46.000,2025-09-01 06:21:42,2073679426108850412,,,70.0,,
2025-09-01 06:21:46.000,2025-09-01 06:22:42,2073679680191398124,,,70.0,,
2025-09-01 06:22:46.000,2025-09-01 06:23:43,2073679935502876908,,,70.0,,
2025-09-01 06:23:47.000,2025-09-01 06:24:44,2073680190449402092,,,70.0,,
2025-09-01 06:24:47.000,2025-09-01 06:25:09,2073680295286079724,,,70.0,,
2025-09-01 06:25:08.000,2025-09-02 06:26:13,2074042950593020140,0.0,,,,
2025-09-02 06:25:19.000,2025-09-02 06:26:14,2074042956423119084,,,70.0,,
2025-09-03 06:26:24.000,2025-09-03 06:27:23,2074405632269615340,,,70.0,,
2025-09-03 06:27:25.000,2025-09-04 06:28:28,2074768295029915884,,,70.0,,
2025-09-04 06:27:33.000,2025-09-04 06:28:30,2074768300872564972,,,70.0,,
2025-09-04 06:28:33.000,2025-09-04 16:30:22,2074919767847878892,,,70.0,,
2025-09-04 16:29:28.000,2025-09-04 16:30:25,2074919780988518636,,,70.0,,
2025-09-04 16:30:28.000,2025-09-04 16:31:02,2074919932562292972,,,70.0,,
2025-09-04 16:30:36.000,2025-09-04 16:31:02,2074919932562456812,3.3650848524881627,,,,
2025-09-04 16:30:38.000,2025-09-04 16:30:39,2074919838706303212,,67.0,,,
2025-09-04 16:30:40.000,2025-09-04 16:31:02,2074919932562505964,,,,,3.0
2025-09-04 16:30:50.000,2025-09-04 16:32:02,2074920186972569836,,,,,6.0
2025-09-04 16:31:01.000,2025-09-04 16:32:02,2074920186972668140,,,,,0.0
2025-09-04 16:31:21.000,2025-09-04 16:32:02,2074920186972946668,,,,,16.0
2025-09-04 16:31:28.000,2025-09-04 16:32:02,2074920186972963052,,,70.0,546740.0,
2025-09-04 16:31:31.000,2025-09-04 16:32:02,2074920186972995820,,,,,13.0
2025-09-04 16:31:39.000,2025-09-04 16:31:40,2074920093917151468,,62.0,,,
2025-09-04 16:31:41.000,2025-09-04 16:32:02,2074920186973061356,,,,,20.0
2025-09-04 16:31:52.000,2025-09-04 16:33:04,2074920444451913964,,,,,13.0
2025-09-04 16:32:02.000,2025-09-04 16:33:04,2074920444451963116,12.004667041182318,,,,11.0
2025-09-04 16:32:23.000,2025-09-04 16:33:04,2074920444452012268,,,,,14.0
2025-09-04 16:32:25.000,2025-09-04 16:33:04,2074920444452028652,14.890083772154554,,,,
2025-09-04 16:32:29.000,2025-09-04 16:33:04,2074920444452045036,,,70.0,546800.0,
2025-09-04 16:32:33.000,2025-09-04 16:33:04,2074920444452077804,,,,,27.0
2025-09-04 16:32:40.000,2025-09-04 16:32:41,2074920349622862060,,65.0,,,
2025-09-04 16:32:44.000,2025-09-04 16:34:05,2074920700090548460,,,,,23.0
2025-09-04 16:32:50.000,2025-09-04 16:34:05,2074920700090581228,13.597387444671487,,,,
2025-09-04 16:33:04.000,2025-09-04 16:34:05,2074920700090646764,11.486106909813751,,,,17.0
2025-09-04 16:33:15.000,2025-09-04 16:34:05,2074920700090679532,,,,,32.0
2025-09-04 16:33:24.000,2025-09-04 16:34:05,2074920700090712300,20.468309185304992,,,,
2025-09-04 16:33:25.000,2025-09-04 16:34:05,2074920700090728684,,,,,20.0
2025-09-04 16:33:29.000,2025-09-04 16:34:05,2074920700090745068,,,69.0,546840.0,
2025-09-04 16:33:35.000,2025-09-04 16:34:05,2074920700090777836,,,,,26.0
2025-09-04 16:33:41.000,2025-09-04 16:33:43,2074920610714091756,,67.0,,,
2025-09-04 16:33:46.000,2025-09-04 16:35:05,2074920955461124332,,,,,22.0
2025-09-04 16:33:49.000,2025-09-04 16:35:05,2074920955461140716,23.60374597961565,,,,
2025-09-04 16:33:56.000,2025-09-04 16:35:05,2074920955461157100,25.290918407032667,,,,25.0
2025-09-04 16:34:07.000,2025-09-04 16:35:05,2074920955461222636,,,,,38.0
2025-09-04 16:34:17.000,2025-09-04 16:35:05,2074920955461255404,,,,,16.0
2025-09-04 16:34:25.000,2025-09-04 16:35:05,2074920955461288172,13.410335397284967,,,,
2025-09-04 16:34:27.000,2025-09-04 16:35:05,2074920955461304556,,,,,13.0
2025-09-04 16:34:29.000,2025-09-04 16:35:05,2074920955461337324,,,69.0,546890.0,
2025-09-04 16:34:38.000,2025-09-04 16:35:05,2074920955461370092,,,,,43.0
2025-09-04 16:34:42.000,2025-09-04 16:34:43,2074920863202803948,,76.0,,,
2025-09-04 16:34:46.000,2025-09-04 16:36:06,2074921211158069484,35.67508503768822,,,,
2025-09-04 16:34:48.000,2025-09-04 16:36:06,2074921211158085868,,,,,37.0
2025-09-04 16:34:58.000,2025-09-04 16:36:06,2074921211158118636,,,,,13.0
2025-09-04 16:35:07.000,2025-09-04 16:36:06,2074921211158151404,30.76357979344022,,,,
2025-09-04 16:35:09.000,2025-09-04 16:36:06,2074921211158167788,,,,,37.0
2025-09-04 16:35:29.000,2025-09-04 16:36:06,2074921211158216940,,,,,50.0
2025-09-04 16:35:30.000,2025-09-04 16:36:06,2074921211158233324,,,69.0,546930.0,
2025-09-04 16:35:40.000,2025-09-04 16:36:06,2074921211158331628,,,,,24.0
2025-09-04 16:35:43.000,2025-09-04 16:35:46,2074921127213285612,,75.0,,,
2025-09-04 16:35:50.000,2025-09-04 16:37:10,2074921476208754924,15.834604011433017,,,,15.000000000000002
2025-09-04 16:36:01.000,2025-09-04 16:37:10,2074921476208787692,,,,,41.0
2025-09-04 16:36:11.000,2025-09-04 16:37:10,2074921476208836844,,,,,30.000000000000004
2025-09-04 16:36:21.000,2025-09-04 16:37:10,2074921476208869612,,,,,32.0
2025-09-04 16:36:31.000,2025-09-04 16:37:10,2074921476208885996,,,69.0,546970.0,
2025-09-04 16:36:32.000,2025-09-04 16:37:10,2074921476208902380,,,,,58.0
2025-09-04 16:36:42.000,2025-09-04 16:37:10,2074921476208935148,,,,,67.0
2025-09-04 16:36:45.000,2025-09-04 16:36:47,2074921379836199148,,71.0,,,
2025-09-04 16:36:52.000,2025-09-04 16:38:08,2074921723253342444,,,,,60.99999999999999
2025-09-04 16:37:03.000,2025-09-04 16:38:08,2074921723253375212,,,,,29.0
2025-09-04 16:37:08.000,2025-09-04 16:38:08,2074921723253391596,17.860692524708774,,,,
2025-09-04 16:37:13.000,2025-09-04 16:38:08,2074921723253407980,,,,,32.0
2025-09-04 16:37:23.000,2025-09-04 16:38:08,2074921723253424364,,,,,35.0
2025-09-04 16:37:29.000,2025-09-04 16:38:08,2074921723253457132,29.20789939933452,,,,
2025-09-04 16:37:31.000,2025-09-04 16:38:08,2074921723253473516,,,69.0,547040.0,
2025-09-04 16:37:34.000,2025-09-04 16:38:08,2074921723253506284,,,,,33.0
2025-09-04 16:37:36.000,2025-09-04 16:38:08,2074921723253522668,32.96005234987993,,,,
2025-09-04 16:37:42.000,2025-09-04 16:38:08,2074921723253539052,30.446887713211556,,,,
2025-09-04 16:37:46.000,2025-09-04 16:37:47,2074921633738391788,,66.0,,,
2025-09-04 16:37:49.000,2025-09-04 16:39:10,2074921982251516140,32.800780309531014,,,,
2025-09-04 16:37:55.000,2025-09-04 16:39:10,2074921982251532524,,,,,49.0
2025-09-04 16:38:05.000,2025-09-04 16:39:10,2074921982251565292,,,,,52.0
2025-09-04 16:38:14.000,2025-09-04 16:39:10,2074921982251581676,58.07873471327947,,,,
2025-09-04 16:38:15.000,2025-09-04 16:39:10,2074921982251598060,,,,,59.0
2025-09-04 16:38:26.000,2025-09-04 16:39:10,2074921982251614444,,,,,68.0
2025-09-04 16:38:31.000,2025-09-04 16:39:10,2074921982251630828,,,69.0,547130.0,
2025-09-04 16:38:36.000,2025-09-04 16:39:10,2074921982251663596,,,,,69.0
2025-09-04 16:38:47.000,2025-09-04 16:39:10,2074921982251696364,,,,,72.0
2025-09-04 16:38:48.000,2025-09-04 16:38:49,2074921891562275052,,66.0,,,
2025-09-04 16:38:57.000,2025-09-04 16:40:14,2074922251630772460,,,,,73.0
2025-09-04 16:39:07.000,2025-09-04 16:40:14,2074922251630821612,,,,,69.0
2025-09-04 16:39:18.000,2025-09-04 16:40:14,2074922251630854380,,,,,73.0
2025-09-04 16:39:28.000,2025-09-04 16:40:14,2074922251630870764,,,,,79.0
2025-09-04 16:39:31.000,2025-09-04 16:40:14,2074922251630903532,,,68.0,547240.0,
2025-09-04 16:39:46.000,2025-09-04 16:40:14,2074922251630952684,75.77830319717015,,,,
2025-09-04 16:39:48.000,2025-09-04 16:39:50,2074922147150561516,,74.0,,,
2025-09-04 16:39:49.000,2025-09-04 16:40:14,2074922251630969068,,,,,76.0
2025-09-04 16:39:59.000,2025-09-04 16:41:11,2074922490219495660,,,,,77.0
2025-09-04 16:40:10.000,2025-09-04 16:41:11,2074922490219528428,,,,,81.0
2025-09-04 16:40:20.000,2025-09-04 16:41:11,2074922490219544812,,,,,83.0
2025-09-04 16:40:31.000,2025-09-04 16:41:11,2074922490219561196,,,,,82.0
2025-09-04 16:40:32.000,2025-09-04 16:41:11,2074922490219577580,,,68.0,547360.0,
2025-09-04 16:40:41.000,2025-09-04 16:41:11,2074922490219626732,,,,,80.0
2025-09-04 16:40:50.000,2025-09-04 16:40:51,2074922403690987756,,67.0,,,
2025-09-04 16:40:51.000,2025-09-04 16:41:11,2074922490219708652,,,,,78.0
2025-09-04 16:41:02.000,2025-09-04 16:42:13,2074922747271594220,,,,,85.0
2025-09-04 16:41:12.000,2025-09-04 16:42:13,2074922747271626988,,,,,84.0
2025-09-04 16:41:16.000,2025-09-04 16:42:13,2074922747271643372,81.92509275435683,,,,
2025-09-04 16:41:23.000,2025-09-04 16:42:13,2074922747271659756,,,,,80.0
2025-09-04 16:41:32.000,2025-09-04 16:42:13,2074922747271676140,,,68.0,547460.0,
2025-09-04 16:41:33.000,2025-09-04 16:42:13,2074922747271692524,,,,,73.0
2025-09-04 16:41:43.000,2025-09-04 16:42:13,2074922747271741676,,,,,79.0
2025-09-04 16:41:51.000,2025-09-04 16:41:52,2074922660977967340,,69.0,,,
2025-09-04 16:41:54.000,2025-09-04 16:43:12,2074922997923201260,,,,,82.0
2025-09-04 16:42:04.000,2025-09-04 16:43:12,2074922997923217644,,,,,80.0
2025-09-04 16:42:15.000,2025-09-04 16:43:12,2074922997923234028,,,,,81.0
2025-09-04 16:42:25.000,2025-09-04 16:43:12,2074922997923250412,,,,,82.0
2025-09-04 16:42:32.000,2025-09-04 16:43:12,2074922997923266796,,,68.0,547530.0,
2025-09-04 16:42:35.000,2025-09-04 16:43:12,2074922997923299564,,,,,85.0
2025-09-04 16:42:46.000,2025-09-04 16:43:12,2074922997923315948,,,,,79.0
2025-09-04 16:42:47.000,2025-09-04 16:43:12,2074922997923332332,77.75438769777823,,,,
2025-09-04 16:42:51.000,2025-09-04 16:42:53,2074922915261841644,,67.0,,,
2025-09-04 16:43:06.000,2025-09-04 16:44:20,2074923279730131180,,,,,86.0
2025-09-04 16:43:17.000,2025-09-04 16:44:20,2074923279730147564,,,,,83.0
2025-09-04 16:43:27.000,2025-09-04 16:44:20,2074923279730163948,,,,,78.0
2025-09-04 16:43:33.000,2025-09-04 16:44:20,2074923279730180332,,,68.0,547650.0,
2025-09-04 16:43:38.000,2025-09-04 16:44:20,2074923279730213100,,,,,74.0
2025-09-04 16:43:52.000,2025-09-04 16:43:56,2074923178722853100,,68.0,,,
2025-09-04 16:43:59.000,2025-09-04 16:45:13,2074923505647894764,,,,,71.0
2025-09-04 16:44:09.000,2025-09-04 16:45:13,2074923505647927532,,,,,72.0
2025-09-04 16:44:16.000,2025-09-04 16:45:13,2074923505647943916,76.374647348244,,,,
2025-09-04 16:44:19.000,2025-09-04 16:45:13,2074923505647960300,,,,,80.0
2025-09-04 16:44:30.000,2025-09-04 16:45:13,2074923505648009452,,,,,84.0
2025-09-04 16:44:33.000,2025-09-04 16:45:13,2074923505648025836,,,68.0,547720.0,
2025-09-04 16:44:40.000,2025-09-04 16:45:13,2074923505648074988,,,,,82.0
2025-09-04 16:44:50.000,2025-09-04 16:45:13,2074923505648107756,,,,,79.0
2025-09-04 16:44:53.000,2025-09-04 16:44:55,2074923428606902508,,71.0,,,
2025-09-04 16:45:01.000,2025-09-04 16:46:14,2074923761299112172,,,,,71.0
2025-09-04 16:45:11.000,2025-09-04 16:46:14,2074923761299144940,,,,,68.0
2025-09-04 16:45:21.000,2025-09-04 16:46:14,2074923761299161324,,,,,59.0
2025-09-04 16:45:33.000,2025-09-04 16:46:14,2074923761299226860,57.528690573934945,,68.0,547750.0,
2025-09-04 16:45:42.000,2025-09-04 16:46:14,2074923761299259628,,,,,35.0
2025-09-04 16:45:45.000,2025-09-04 16:46:14,2074923761299325164,31.43585596375018,,,,
2025-09-04 16:45:52.000,2025-09-04 16:46:14,2074923761299390700,24.379734176199328,,,,25.0
2025-09-04 16:45:54.000,2025-09-04 16:45:55,2074923679774408940,,73.0,,,
2025-09-04 16:46:03.000,2025-09-04 16:47:15,2074924016367386860,37.38633347120449,,,,40.0
2025-09-04 16:46:13.000,2025-09-04 16:47:15,2074924016367419628,,,,,66.0
2025-09-04 16:46:33.000,2025-09-04 16:47:15,2074924016367452396,,,69.0,547760.0,
2025-09-04 16:46:34.000,2025-09-04 16:47:15,2074924016367468780,,,,,68.0
2025-09-04 16:46:44.000,2025-09-04 16:47:15,2074924016367517932,,,,,75.0
2025-09-04 16:46:55.000,2025-09-04 16:46:57,2074923938185478380,,66.0,,,
2025-09-04 16:46:55.000,2025-09-04 16:47:15,2074924016367534316,,,,,53.0
2025-09-04 16:47:05.000,2025-09-04 16:48:16,2074924271590752492,,,,,52.0
2025-09-04 16:47:15.000,2025-09-04 16:48:16,2074924271590785260,,,,,70.0
2025-09-04 16:47:26.000,2025-09-04 16:48:16,2074924271590801644,,,,,77.0
2025-09-04 16:47:33.000,2025-09-04 16:48:16,2074924271590834412,67.77951317081,,68.0,547980.0,
2025-09-04 16:47:36.000,2025-09-04 16:48:16,2074924271590850796,,,,,64.0
2025-09-04 16:47:47.000,2025-09-04 16:48:16,2074924271590899948,,,,,29.0
2025-09-04 16:47:56.000,2025-09-04 16:47:57,2074924190779048172,,62.0,,,
2025-09-04 16:47:56.000,2025-09-04 16:48:16,2074924271590916332,30.593195750276255,,,,
2025-09-04 16:47:57.000,2025-09-04 16:49:17,2074924526595997932,,,,,32.0
2025-09-04 16:48:07.000,2025-09-04 16:49:17,2074924526637990124,,,,,76.0
2025-09-04 16:48:18.000,2025-09-04 16:49:17,2074924526638006508,,,,,91.0
2025-09-04 16:48:25.000,2025-09-04 16:49:17,2074924526638039276,91.08323507441955,,,,
2025-09-04 16:48:28.000,2025-09-04 16:49:17,2074924526638055660,,,,,93.0
2025-09-04 16:48:33.000,2025-09-04 16:49:17,2074924526638088428,,,68.0,548040.0,
2025-09-04 16:48:38.000,2025-09-04 16:49:17,2074924526638121196,,,,,90.0
2025-09-04 16:48:49.000,2025-09-04 16:49:17,2074924526638153964,,,,,83.0
2025-09-04 16:48:57.000,2025-09-04 16:48:59,2074924452713382124,,70.0,,,
2025-09-04 16:48:59.000,2025-09-04 16:50:18,2074924781630652652,,,,,65.0
2025-09-04 16:49:09.000,2025-09-04 16:50:18,2074924781672628460,,,,,25.0
2025-09-04 16:49:11.000,2025-09-04 16:50:18,2074924781672644844,25.061270348855157,,,,
2025-09-04 16:49:19.000,2025-09-04 16:50:18,2074924781672661228,37.75117756363166,,,,
2025-09-04 16:49:20.000,2025-09-04 16:50:18,2074924781672677612,,,,,43.0
2025-09-04 16:49:30.000,2025-09-04 16:50:18,2074924781672710380,,,,,67.0
2025-09-04 16:49:33.000,2025-09-04 16:50:18,2074924781672726764,,,68.0,548070.0,
2025-09-04 16:49:41.000,2025-09-04 16:50:18,2074924781672775916,,,,,70.0
2025-09-04 16:49:51.000,2025-09-04 16:50:18,2074924781672792300,,,,,34.0
2025-09-04 16:49:58.000,2025-09-04 16:49:59,2074924703964758252,,55.00000000000001,,,
2025-09-04 16:50:01.000,2025-09-04 16:51:19,2074925037101531372,,,,,47.0
2025-09-04 16:50:12.000,2025-09-04 16:51:19,2074925037101564140,,,,,80.0
2025-09-04 16:50:22.000,2025-09-04 16:51:19,2074925037101580524,,,,,94.0
2025-09-04 16:50:33.000,2025-09-04 16:51:19,2074925037101596908,,,,,97.0
2025-09-04 16:50:34.000,2025-09-04 16:51:19,2074925037101613292,,,68.0,548250.0,
2025-09-04 16:50:43.000,2025-09-04 16:51:19,2074925037101646060,,,,,89.0
2025-09-04 16:50:49.000,2025-09-04 16:51:19,2074925037101727980,87.37923413607265,,,,
2025-09-04 16:50:53.000,2025-09-04 16:51:19,2074925037101777132,,,,,83.0
2025-09-04 16:50:59.000,2025-09-04 16:51:01,2074924963730555116,,66.0,,,
2025-09-04 16:51:14.000,2025-09-04 16:52:19,2074925292048154860,,,,,76.0
2025-09-04 16:51:24.000,2025-09-04 16:52:19,2074925292048187628,,,,,71.0
2025-09-04 16:51:34.000,2025-09-04 16:52:19,2074925292048220396,,,68.0,548340.0,
2025-09-04 16:51:35.000,2025-09-04 16:52:19,2074925292048236780,,,,,66.0
2025-09-04 16:51:55.000,2025-09-04 16:52:19,2074925292048318700,,,,,70.0
2025-09-04 16:52:00.000,2025-09-04 16:52:01,2074925215866945772,,70.0,,,
2025-09-04 16:52:06.000,2025-09-04 16:53:20,2074925547393155308,,,,,50.0
2025-09-04 16:52:16.000,2025-09-04 16:53:20,2074925547393188076,,,,,24.0
2025-09-04 16:52:17.000,2025-09-04 16:53:20,2074925547393204460,23.20741787921253,,,,
2025-09-04 16:52:26.000,2025-09-04 16:53:20,2074925547393237228,,,,,53.0
2025-09-04 16:52:34.000,2025-09-04 16:53:20,2074925547393269996,,,68.0,548370.0,
2025-09-04 16:52:37.000,2025-09-04 16:53:20,2074925547393286380,,,,,55.0
2025-09-04 16:52:47.000,2025-09-04 16:53:20,2074925547393319148,,,,,42.0
2025-09-04 16:52:58.000,2025-09-04 16:53:20,2074925547393351916,,,,,46.0
2025-09-04 16:53:01.000,2025-09-04 16:53:02,2074925471933415660,,66.0,,,
2025-09-04 16:53:08.000,2025-09-04 16:56:48,2074926417283399916,,,,,45.0
2025-09-04 16:53:16.000,2025-09-04 16:56:48,2074926417283432684,41.7940945878373,,,,
2025-09-04 16:53:18.000,2025-09-04 16:56:48,2074926417283449068,,,,,40.0
2025-09-04 16:53:29.000,2025-09-04 16:56:48,2074926417283481836,,,,,43.0
2025-09-04 16:53:34.000,2025-09-04 16:56:48,2074926417283498220,,,68.0,548420.0,
2025-09-04 16:53:39.000,2025-09-04 16:56:48,2074926417283514604,,,,,38.0
2025-09-04 16:53:50.000,2025-09-04 16:56:48,2074926417283530988,,,,,46.0
2025-09-04 16:54:00.000,2025-09-04 16:56:48,2074926417283547372,,,,,37.0
2025-09-04 16:54:02.000,2025-09-04 16:54:03,2074925726603149548,,69.0,,,
2025-09-04 16:54:10.000,2025-09-04 16:56:48,2074926417283612908,,,,,29.0
2025-09-04 16:54:14.000,2025-09-04 16:56:48,2074926417283629292,20.925753301190838,,,,
2025-09-04 16:54:21.000,2025-09-04 16:56:48,2074926417283662060,,,,,21.0
2025-09-04 16:54:24.000,2025-09-04 16:56:48,2074926417283678444,28.60044324544562,,,,
2025-09-04 16:54:31.000,2025-09-04 16:56:48,2074926417283694828,,,,,47.0
2025-09-04 16:54:34.000,2025-09-04 16:56:48,2074926417283711212,,,68.0,548460.0,
2025-09-04 16:54:41.000,2025-09-04 16:56:48,2074926417283743980,,,,,66.0
2025-09-04 16:54:42.000,2025-09-04 16:56:48,2074926417283760364,64.5496243525715,,,,
2025-09-04 16:54:52.000,2025-09-04 16:56:48,2074926417283793132,,,,,56.0
2025-09-04 16:55:02.000,2025-09-04 16:56:48,2074926417283825900,,,,,57.0
2025-09-04 16:55:03.000,2025-09-04 16:55:55,2074926195517948140,,64.0,,,
2025-09-04 16:55:12.000,2025-09-04 16:56:48,2074926417283875052,,,,,68.0
2025-09-04 16:55:23.000,2025-09-04 16:56:48,2074926417283891436,,,,,83.0
2025-09-04 16:55:33.000,2025-09-04 16:56:48,2074926417283924204,,,,,70.0
2025-09-04 16:55:34.000,2025-09-04 16:56:48,2074926417283940588,,,68.0,548500.0,
2025-09-04 16:55:44.000,2025-09-04 16:56:48,2074926417283973356,,,,,30.000000000000004
2025-09-04 16:55:45.000,2025-09-04 16:56:48,2074926417283989740,30.33761968553032,,,,
2025-09-04 16:55:54.000,2025-09-04 16:56:48,2074926417284088044,,,,,56.0
2025-09-04 16:56:04.000,2025-09-04 16:56:48,2074926417284104428,,,,,84.0
2025-09-04 16:56:04.000,2025-09-04 16:56:48,2074926417648287980,,66.0,,,
2025-09-04 16:56:15.000,2025-09-04 16:56:48,2074926417284153580,,,,,88.0
2025-09-04 16:56:25.000,2025-09-04 16:57:39,2074926633432695020,,,,,79.0
2025-09-04 16:56:35.000,2025-09-04 16:57:39,2074926633432727788,,,68.0,548620.0,70.0
2025-09-04 16:56:46.000,2025-09-04 16:57:39,2074926633432776940,,,,,66.0
2025-09-04 16:56:56.000,2025-09-04 16:57:39,2074926633432793324,,,,,69.0
2025-09-04 16:57:04.000,2025-09-04 16:57:29,2074926592336871660,,70.0,,,
2025-09-04 16:57:06.000,2025-09-04 16:57:39,2074926633432809708,,,,,62.0
2025-09-04 16:57:15.000,2025-09-04 16:57:39,2074926633432891628,35.063924882860974,,,,
2025-09-04 16:57:17.000,2025-09-04 16:57:39,2074926633432908012,,,,,19.0
2025-09-04 16:57:27.000,2025-09-04 16:58:40,2074926889675374828,,,,,0.0
2025-09-04 16:57:31.000,2025-09-04 16:58:40,2074926889675522284,26.82252279503911,,,,
2025-09-04 16:57:36.000,2025-09-04 16:58:40,2074926889675571436,,,68.0,548670.0,
2025-09-04 16:57:37.000,2025-09-04 16:58:40,2074926889675587820,,,,,50.0
2025-09-04 16:57:39.000,2025-09-04 16:58:40,2074926889675604204,58.47876681462093,,,,
2025-09-04 16:57:47.000,2025-09-04 16:58:40,2074926889675636972,,,,,90.0
2025-09-04 16:57:58.000,2025-09-04 16:58:40,2074926889675653356,,,,,93.0
2025-09-04 16:58:06.000,2025-09-04 16:58:07,2074926752076923116,,64.0,,,
2025-09-04 16:58:08.000,2025-09-04 16:58:40,2074926889675669740,,,,,91.0
2025-09-04 16:58:19.000,2025-09-04 16:58:40,2074926889675718892,,,,,92.0
2025-09-04 16:58:36.000,2025-09-04 16:59:41,2074927144848326892,,,68.0,548790.0,
2025-09-04 16:58:39.000,2025-09-04 16:59:41,2074927144848343276,,,,,85.0
2025-09-04 16:58:50.000,2025-09-04 16:59:41,2074927144848408812,,,,,87.0
2025-09-04 16:59:00.000,2025-09-04 16:59:41,2074927144848425196,,,,,90.0
2025-09-04 16:59:08.000,2025-09-04 16:59:09,2074927009749795052,,68.0,,,
2025-09-04 16:59:09.000,2025-09-04 16:59:41,2074927144848457964,89.24049460759197,,,,
2025-09-04 16:59:10.000,2025-09-04 16:59:41,2074927144848474348,,,,,88.0
2025-09-04 16:59:21.000,2025-09-04 16:59:41,2074927144848507116,,,,,71.0
2025-09-04 16:59:30.000,2025-09-04 17:00:43,2074927402877731052,23.098149851531296,,,,
2025-09-04 16:59:31.000,2025-09-04 17:00:43,2074927402877747436,,,,,25.0
2025-09-04 16:59:36.000,2025-09-04 17:00:43,2074927402877763820,,,68.0,548840.0,
2025-09-04 16:59:42.000,2025-09-04 17:00:43,2074927402877780204,,,,,53.0
2025-09-04 16:59:52.000,2025-09-04 17:00:43,2074927402877812972,,,,,40.0
2025-09-04 16:59:57.000,2025-09-04 17:00:43,2074927402877829356,24.718650262058066,,,,
2025-09-04 17:00:02.000,2025-09-04 17:00:43,2074927402877845740,,,,,34.0
2025-09-04 17:00:03.000,2025-09-04 17:00:43,2074927402877862124,37.30484545056085,,,,
2025-09-04 17:00:09.000,2025-09-04 17:00:10,2074927266017591532,,65.0,,,
2025-09-04 17:00:13.000,2025-09-04 17:00:43,2074927402877911276,,,,,72.0
2025-09-04 17:00:23.000,2025-09-04 17:01:42,2074927653147640044,,,,,86.0
2025-09-04 17:00:34.000,2025-09-04 17:01:42,2074927653156077804,50.9189008994549,,,,49.0
2025-09-04 17:00:37.000,2025-09-04 17:01:42,2074927653156094188,,,68.0,548930.0,
2025-09-04 17:00:44.000,2025-09-04 17:01:42,2074927653156126956,,,,,25.0
2025-09-04 17:00:54.001,2025-09-04 17:01:42,2074927653156176108,,,,,56.0
2025-09-04 17:01:05.000,2025-09-04 17:01:42,2074927653156258028,,,,,71.0
2025-09-04 17:01:10.000,2025-09-04 17:01:11,2074927522285355244,,73.0,,,
2025-09-04 17:01:15.000,2025-09-04 17:01:42,2074927653156323564,,,,,63.0
2025-09-04 17:01:25.000,2025-09-04 17:02:46,2074927918579974380,30.985819849741038,,,,31.0
2025-09-04 17:01:30.000,2025-09-04 17:02:46,2074927918584168684,42.25709470513066,,,,
2025-09-04 17:01:36.000,2025-09-04 17:02:46,2074927918584185068,,,,,55.0
2025-09-04 17:01:37.000,2025-09-04 17:02:46,2074927918584201452,,,67.0,549000.0,
2025-09-04 17:01:45.000,2025-09-04 17:02:46,2074927918584234220,66.03307672837944,,,,
2025-09-04 17:01:46.000,2025-09-04 17:02:46,2074927918584250604,,,,,68.0
2025-09-04 17:01:57.000,2025-09-04 17:02:46,2074927918584266988,,,,,78.0
2025-09-04 17:02:04.000,2025-09-04 17:02:46,2074927918584283372,77.68401167994962,,,,
2025-09-04 17:02:07.000,2025-09-04 17:02:46,2074927918584299756,,,,,82.0
2025-09-04 17:02:11.000,2025-09-04 17:02:12,2074927779429744876,,67.0,,,
2025-09-04 17:02:17.000,2025-09-04 17:02:46,2074927918584365292,,,,,84.0
2025-09-04 17:02:28.000,2025-09-04 17:03:44,2074928165209276652,,,,,85.0
2025-09-04 17:02:37.000,2025-09-04 17:03:44,2074928165209358572,,,67.0,549110.0,
2025-09-04 17:02:38.000,2025-09-04 17:03:44,2074928165209374956,,,,,72.0
2025-09-04 17:02:49.000,2025-09-04 17:03:44,2074928165209407724,,,,,68.0
2025-09-04 17:02:59.000,2025-09-04 17:03:44,2074928165209424108,,,,,65.0
2025-09-04 17:03:09.000,2025-09-04 17:03:44,2074928165209456876,,,,,42.0
2025-09-04 17:03:12.000,2025-09-04 17:03:44,2074928165209489644,29.233827405902943,,,,
2025-09-04 17:03:13.000,2025-09-04 17:03:15,2074928041728950508,,70.0,,,
2025-09-04 17:03:20.000,2025-09-04 17:03:44,2074928165209538796,,,,,33.0
2025-09-04 17:03:25.000,2025-09-04 17:04:45,2074928421409915116,36.09178514325224,,,,
2025-09-04 17:03:30.000,2025-09-04 17:04:45,2074928421418303724,,,,,48.0
2025-09-04 17:03:37.000,2025-09-04 17:04:45,2074928421418320108,,,67.0,549150.0,
2025-09-04 17:03:40.000,2025-09-04 17:04:45,2074928421418336492,,,,,92.0
2025-09-04 17:03:43.000,2025-09-04 17:04:45,2074928421418352876,93.7241877434609,,,,
2025-09-04 17:03:51.000,2025-09-04 17:04:45,2074928421418385644,,,,,96.0
2025-09-04 17:04:01.000,2025-09-04 17:04:45,2074928421418418412,,,,,95.0
2025-09-04 17:04:12.000,2025-09-04 17:04:45,2074928421418434796,,,,,92.0
2025-09-04 17:04:14.000,2025-09-04 17:04:15,2074928294247006444,,72.0,,,
2025-09-04 17:04:17.000,2025-09-04 17:04:45,2074928421418483948,82.9529530147481,,,,
2025-09-04 17:04:22.000,2025-09-04 17:04:45,2074928421418500332,,,,,57.0
2025-09-04 17:04:32.000,2025-09-04 17:05:46,2074928675962224876,,,,,15.000000000000002
2025-09-04 17:04:33.000,2025-09-04 17:05:46,2074928675962241260,17.423620413983837,,,,
2025-09-04 17:04:37.000,2025-09-04 17:05:46,2074928675962257644,,,67.0,549230.0,
2025-09-04 17:04:40.000,2025-09-04 17:05:46,2074928675962274028,33.17673640477322,,,,
2025-09-04 17:04:43.000,2025-09-04 17:05:46,2074928675962290412,,,,,34.0
2025-09-04 17:04:46.000,2025-09-04 17:05:46,2074928675962323180,35.14356090303543,,,,
2025-09-04 17:04:51.000,2025-09-04 17:05:46,2074928675962339564,47.28712797940576,,,,
2025-09-04 17:04:53.000,2025-09-04 17:05:46,2074928675962355948,,,,,52.0
2025-09-04 17:05:04.000,2025-09-04 17:05:46,2074928675962372332,,,,,90.0
2025-09-04 17:05:14.000,2025-09-04 17:05:46,2074928675962388716,,,,,98.0
2025-09-04 17:05:15.000,2025-09-04 17:05:16,2074928549302632684,,63.0,,,
2025-09-04 17:05:23.000,2025-09-04 17:05:46,2074928675962437868,101.58778173557138,,,,
2025-09-04 17:05:24.000,2025-09-04 17:05:46,2074928675962454252,,,,,103.0
2025-09-04 17:05:35.000,2025-09-04 17:06:47,2074928930984296684,,,,,98.0
2025-09-04 17:05:38.000,2025-09-04 17:06:47,2074928930992832748,,,67.0,549400.0,
2025-09-04 17:05:45.000,2025-09-04 17:06:47,2074928930992865516,,,,,90.0
2025-09-04 17:05:55.000,2025-09-04 17:06:47,2074928930992898284,,,,,70.0
2025-09-04 17:06:03.000,2025-09-04 17:06:47,2074928930993012972,34.54166075055406,,,,
2025-09-04 17:06:06.000,2025-09-04 17:06:47,2074928930993029356,,,,,32.0
2025-09-04 17:06:12.000,2025-09-04 17:06:47,2074928930993062124,35.541741003907724,,,,
2025-09-04 17:06:16.000,2025-09-04 17:06:17,2074928804274372844,,51.0,,,
2025-09-04 17:06:16.000,2025-09-04 17:06:47,2074928930993094892,,,,,38.0
2025-09-04 17:06:26.000,2025-09-04 17:06:47,2074928930993144044,,,,,79.0
2025-09-04 17:06:29.000,2025-09-04 17:07:48,2074929185607909612,87.90149826837957,,,,
2025-09-04 17:06:37.000,2025-09-04 17:07:48,2074929185616298220,,,,,98.0
2025-09-04 17:06:38.000,2025-09-04 17:07:48,2074929185616314604,,,67.0,549480.0,
2025-09-04 17:06:47.000,2025-09-04 17:07:48,2074929185616363756,,,,,103.0
2025-09-04 17:06:58.000,2025-09-04 17:07:48,2074929185616380140,,,,,95.0
2025-09-04 17:07:08.000,2025-09-04 17:07:48,2074929185616412908,,,,,76.0
2025-09-04 17:07:16.000,2025-09-04 17:07:17,2074929058713436396,,73.0,,,
2025-09-04 17:07:18.000,2025-09-04 17:07:48,2074929185616445676,,,,,44.0
2025-09-04 17:07:26.000,2025-09-04 17:07:48,2074929185616494828,25.62613049195306,,,,
2025-09-04 17:07:29.000,2025-09-04 17:08:48,2074929440273465580,,,,,31.0
2025-09-04 17:07:33.000,2025-09-04 17:08:48,2074929440281854188,29.61904350349102,,,,
2025-09-04 17:07:38.000,2025-09-04 17:08:48,2074929440281870572,,,67.0,549490.0,
2025-09-04 17:07:39.000,2025-09-04 17:08:48,2074929440281886956,,,,,33.0
2025-09-04 17:07:50.000,2025-09-04 17:08:48,2074929440281919724,,,,,76.0
2025-09-04 17:08:00.000,2025-09-04 17:08:48,2074929440281936108,,,,,90.0
2025-09-04 17:08:10.000,2025-09-04 17:08:48,2074929440281952492,,,,,97.0
2025-09-04 17:08:17.000,2025-09-04 17:08:21,2074929324129009900,,67.0,,,
2025-09-04 17:08:21.000,2025-09-04 17:08:48,2074929440282001644,,,,,99.0
2025-09-04 17:08:31.000,2025-09-04 17:11:24,2074930091221057772,,,,,104.0
2025-09-04 17:08:38.000,2025-09-04 17:11:24,2074930091263017196,,,67.0,549610.0,
2025-09-04 17:08:42.000,2025-09-04 17:11:24,2074930091263033580,,,,,105.0
2025-09-04 17:08:52.000,2025-09-04 17:11:24,2074930091263066348,,,,,102.0
2025-09-04 17:09:01.000,2025-09-04 17:11:24,2074930091263082732,99.58021322698735,,,,
2025-09-04 17:09:02.000,2025-09-04 17:11:24,2074930091263099116,,,,,101.0
2025-09-04 17:09:13.000,2025-09-04 17:11:24,2074930091263115500,,,,,102.0
2025-09-04 17:09:18.000,2025-09-04 17:10:38,2074929901651099884,,62.0,,,
2025-09-04 17:09:23.000,2025-09-04 17:11:24,2074930091263164652,,,,,105.0
2025-09-04 17:09:39.000,2025-09-04 17:11:24,2074930091263246572,,,67.0,549830.0,
2025-09-04 17:09:44.000,2025-09-04 17:11:24,2074930091263262956,,,,,112.0
2025-09-04 17:09:54.000,2025-09-04 17:11:24,2074930091263295724,,,,,109.0
2025-09-04 17:10:05.000,2025-09-04 17:11:24,2074930091263344876,,,,,94.0
2025-09-04 17:10:15.000,2025-09-04 17:11:24,2074930091263361260,,,,,104.0
2025-09-04 17:10:18.000,2025-09-04 17:10:45,2074929931304829164,,64.0,,,
2025-09-04 17:10:25.000,2025-09-04 17:11:24,2074930091263426796,,,,,114.0
2025-09-04 17:10:32.000,2025-09-04 17:11:24,2074930091263443180,113.57578077253113,,,,
2025-09-04 17:10:36.000,2025-09-04 17:11:24,2074930091263459564,,,,,115.0
2025-09-04 17:10:39.000,2025-09-04 17:11:24,2074930091263475948,,,67.0,550050.0,
2025-09-04 17:10:46.000,2025-09-04 17:11:24,2074930091263492332,,,,,116.0
2025-09-04 17:10:57.000,2025-09-04 17:11:24,2074930091263508716,,,,,118.0
2025-09-04 17:11:07.000,2025-09-04 17:12:24,2074930345953738988,,,,,123.0
2025-09-04 17:11:11.000,2025-09-04 17:12:24,2074930345995665644,123.18210720613385,,,,125.0
2025-09-04 17:11:17.000,2025-09-04 17:12:24,2074930345995714796,,,,,127.0
2025-09-04 17:11:19.000,2025-09-04 17:11:20,2074930076440330476,,66.0,,,
2025-09-04 17:11:27.000,2025-09-04 17:12:24,2074930345995780332,,,,,128.0
2025-09-04 17:11:38.000,2025-09-04 17:12:24,2074930345995813100,,,,,119.00000000000001
2025-09-04 17:11:39.000,2025-09-04 17:12:24,2074930345995829484,117.97613388728726,,,,
2025-09-04 17:11:40.000,2025-09-04 17:12:24,2074930345995845868,,,67.0,550160.0,
2025-09-04 17:11:48.000,2025-09-04 17:12:24,2074930345995878636,,,,,113.0
2025-09-04 17:11:59.000,2025-09-04 17:12:24,2074930345995927788,,,,,109.0
2025-09-04 17:12:02.000,2025-09-04 17:12:24,2074930345995960556,108.76983955502604,,,,
2025-09-04 17:12:09.000,2025-09-04 17:13:25,2074930600237629676,,,,,110.0
2025-09-04 17:12:19.000,2025-09-04 17:13:25,2074930600279556332,,,,,106.0
2025-09-04 17:12:20.000,2025-09-04 17:12:21,2074930333765075180,,68.0,,,
2025-09-04 17:12:30.000,2025-09-04 17:13:25,2074930600279605484,,,,,103.0
2025-09-04 17:12:40.000,2025-09-04 17:13:25,2074930600279638252,,,67.0,550240.0,105.0
2025-09-04 17:12:50.000,2025-09-04 17:13:25,2074930600279687404,,,,,102.0
2025-09-04 17:13:01.000,2025-09-04 17:13:25,2074930600279720172,,,,,100.0
2025-09-04 17:13:11.000,2025-09-04 17:14:26,2074930854655705324,,,,,101.0
2025-09-04 17:13:21.000,2025-09-04 17:13:23,2074930592239075564,,68.0,,,
2025-09-04 17:13:21.000,2025-09-04 17:14:26,2074930854655738092,,,,,93.0
2025-09-04 17:13:32.000,2025-09-04 17:14:26,2074930854655787244,,,,,84.0
2025-09-04 17:13:33.000,2025-09-04 17:14:26,2074930854655803628,82.8270169828443,,,,
2025-09-04 17:13:40.000,2025-09-04 17:14:26,2074930854655820012,,,67.0,550310.0,
2025-09-04 17:13:42.000,2025-09-04 17:14:26,2074930854655836396,,,,,83.0
2025-09-04 17:13:53.000,2025-09-04 17:14:26,2074930854655869164,,,,,78.0
2025-09-04 17:14:22.000,2025-09-04 17:14:23,2074930844941680876,,67.0,,,
2025-09-04 17:14:24.000,2025-09-04 17:15:26,2074931108981539052,,,,,84.0
2025-09-04 17:14:34.000,2025-09-04 17:15:26,2074931108981620972,,,,,89.0
2025-09-04 17:14:40.000,2025-09-04 17:15:26,2074931108981637356,87.54776617876743,,67.0,550380.0,
2025-09-04 17:14:44.000,2025-09-04 17:15:26,2074931108981653740,,,,,91.0
2025-09-04 17:14:55.000,2025-09-04 17:15:26,2074931108981686508,,,,,97.0
2025-09-04 17:15:05.000,2025-09-04 17:15:26,2074931108981719276,,,,,104.0
2025-09-04 17:15:16.000,2025-09-04 17:16:27,2074931363294740716,,,,,101.0
2025-09-04 17:15:23.000,2025-09-04 17:15:24,2074931099762426092,,56.99999999999999,,,
2025-09-04 17:15:26.000,2025-09-04 17:16:27,2074931363332522220,,,,,100.0
2025-09-04 17:15:36.000,2025-09-04 17:16:27,2074931363332554988,,,,,96.0
2025-09-04 17:15:40.000,2025-09-04 17:16:27,2074931363332571372,,,67.0,550470.0,
2025-09-04 17:15:47.000,2025-09-04 17:16:27,2074931363332587756,,,,,100.0
2025-09-04 17:15:57.000,2025-09-04 17:16:27,2074931363332620524,,,,,109.0
2025-09-04 17:16:07.000,2025-09-04 17:16:27,2074931363332718828,,,,,106.0
2025-09-04 17:16:11.000,2025-09-04 17:17:27,2074931617297629420,101.04699759857273,,,,
2025-09-04 17:16:18.000,2025-09-04 17:17:27,2074931617297645804,,,,,97.0
2025-09-04 17:16:24.000,2025-09-04 17:16:25,2074931357347217644,,64.0,,,
2025-09-04 17:16:28.000,2025-09-04 17:17:27,2074931617297694956,,,,,98.0
2025-09-04 17:16:38.000,2025-09-04 17:17:27,2074931617297727724,,,,,104.0
2025-09-04 17:16:41.000,2025-09-04 17:17:27,2074931617297744108,,,66.0,550680.0,
2025-09-04 17:16:49.000,2025-09-04 17:17:27,2074931617297760492,,,,,112.0
2025-09-04 17:16:59.000,2025-09-04 17:17:27,2074931617297793260,,,,,113.0
2025-09-04 17:17:09.000,2025-09-04 17:18:40,2074931922580013292,,,,,114.0
2025-09-04 17:17:15.000,2025-09-04 17:18:40,2074931922621956332,111.22929617808836,,,,
2025-09-04 17:17:20.000,2025-09-04 17:18:40,2074931922621989100,,,,,113.0
2025-09-04 17:17:25.000,2025-09-04 17:17:26,2074931613313007852,,64.0,,,
2025-09-04 17:17:30.000,2025-09-04 17:18:40,2074931922622054636,,,,,108.0
2025-09-04 17:17:41.000,2025-09-04 17:18:40,2074931922622071020,,,,,105.0
2025-09-04 17:17:42.000,2025-09-04 17:18:40,2074931922622087404,,,66.0,550720.0,
2025-09-04 17:17:51.000,2025-09-04 17:18:40,2074931922622103788,,,,,103.0
2025-09-04 17:18:01.000,2025-09-04 17:18:40,2074931922622120172,,,,,101.0
2025-09-04 17:18:12.000,2025-09-04 17:19:29,2074932126733566188,,,,,106.0
2025-09-04 17:18:22.000,2025-09-04 17:19:29,2074932126733598956,,,,,116.0
2025-09-04 17:18:26.000,2025-09-04 17:18:41,2074931924740096236,,67.0,,,
2025-09-04 17:18:32.000,2025-09-04 17:19:29,2074932126733648108,,,,,114.0
2025-09-04 17:18:42.000,2025-09-04 17:19:29,2074932126733664492,,,66.0,550880.0,
2025-09-04 17:18:43.000,2025-09-04 17:19:29,2074932126733680876,,,,,105.0
2025-09-04 17:18:46.000,2025-09-04 17:19:29,2074932126733697260,101.32294566847958,,,,
2025-09-04 17:18:53.000,2025-09-04 17:19:29,2074932126733730028,,,,,102.0
2025-09-04 17:19:04.000,2025-09-04 17:19:29,2074932126733746412,,,,,112.0
2025-09-04 17:19:14.000,2025-09-04 17:20:29,2074932380782559468,,,,,121.99999999999999
2025-09-04 17:19:24.000,2025-09-04 17:20:29,2074932380782592236,,,,,111.0
2025-09-04 17:19:27.000,2025-09-04 17:19:28,2074932123843690732,,66.0,,,
2025-09-04 17:19:35.000,2025-09-04 17:20:29,2074932380782674156,,,,,105.0
2025-09-04 17:19:42.000,2025-09-04 17:20:29,2074932380782690540,,,66.0,550990.0,
2025-09-04 17:19:45.000,2025-09-04 17:20:29,2074932380782706924,,,,,104.0
2025-09-04 17:19:55.000,2025-09-04 17:20:29,2074932380782739692,,,,,107.0
2025-09-04 17:20:06.000,2025-09-04 17:20:29,2074932380782756076,,,,,106.0
2025-09-04 17:20:15.000,2025-09-04 17:21:30,2074932636102426860,106.4696549723126,,,,
2025-09-04 17:20:16.000,2025-09-04 17:21:30,2074932636102443244,,,,,108.0
2025-09-04 17:20:27.000,2025-09-04 17:21:30,2074932636102492396,,,,,110.0
2025-09-04 17:20:28.000,2025-09-04 17:20:30,2074932381181018348,,68.0,,,
2025-09-04 17:20:37.000,2025-09-04 17:21:30,2074932636102541548,,,,,111.0
2025-09-04 17:20:42.000,2025-09-04 17:21:30,2074932636102557932,,,66.0,551150.0,
2025-09-04 17:20:47.000,2025-09-04 17:21:30,2074932636102574316,,,,,107.0
2025-09-04 17:20:58.000,2025-09-04 17:21:30,2074932636102607084,,,,,105.0
2025-09-04 17:21:08.000,2025-09-04 17:21:30,2074932636102672620,,,,,99.0
2025-09-04 17:21:18.000,2025-09-04 17:22:32,2074932894253482220,,,,,59.0
2025-09-04 17:21:19.000,2025-09-04 17:22:32,2074932894295392492,55.03404594195831,,,,
2025-09-04 17:21:29.000,2025-09-04 17:21:30,2074932633644581100,,56.00000000000001,,,
2025-09-04 17:21:29.000,2025-09-04 17:22:32,2074932894295425260,,,,,11.0
2025-09-04 17:21:33.000,2025-09-04 17:22:32,2074932894295474412,16.305012130603075,,,,
2025-09-04 17:21:39.000,2025-09-04 17:22:32,2074932894295507180,,,,,41.0
2025-09-04 17:21:42.000,2025-09-04 17:22:32,2074932894295523564,,,66.0,551180.0,
2025-09-04 17:21:50.000,2025-09-04 17:22:32,2074932894295539948,,,,,68.0
2025-09-04 17:22:00.000,2025-09-04 17:22:32,2074932894295589100,,,,,51.0
2025-09-04 17:22:06.000,2025-09-04 17:22:32,2074932894295605484,28.691191268435126,,,,
2025-09-04 17:22:10.000,2025-09-04 17:22:32,2074932894295621868,,,,,19.0
2025-09-04 17:22:19.000,2025-09-04 17:23:32,2074933144884101356,19.012636816534663,,,,
2025-09-04 17:22:28.000,2025-09-04 17:23:32,2074933144888312044,37.6641335415805,,,,
2025-09-04 17:22:30.000,2025-09-04 17:22:32,2074932894450581740,,54.0,,,
2025-09-04 17:22:31.000,2025-09-04 17:23:32,2074933144888328428,,,,,45.0
2025-09-04 17:22:41.000,2025-09-04 17:23:32,2074933144888361196,,,,,50.0
2025-09-04 17:22:42.000,2025-09-04 17:23:32,2074933144888377580,,,66.0,551270.0,
2025-09-04 17:22:52.000,2025-09-04 17:23:32,2074933144888410348,,,,,30.000000000000004
2025-09-04 17:23:02.000,2025-09-04 17:23:32,2074933144888459500,,,,,0.0
2025-09-04 17:23:12.000,2025-09-04 17:24:32,2074933399444832492,,,,,38.0
2025-09-04 17:23:23.000,2025-09-04 17:24:32,2074933399444865260,,,,,41.0
2025-09-04 17:23:31.000,2025-09-04 17:23:32,2074933146561806572,,70.0,,,
2025-09-04 17:23:33.000,2025-09-04 17:24:32,2074933399444881644,,,,,37.0
2025-09-04 17:23:43.000,2025-09-04 17:24:32,2074933399444930796,,,65.0,551320.0,0.0
2025-09-04 17:23:54.000,2025-09-04 17:24:32,2074933399444963564,,,,,31.0
2025-09-04 17:23:59.000,2025-09-04 17:24:32,2074933399444979948,39.48650200324718,,,,
2025-09-04 17:24:04.000,2025-09-04 17:24:32,2074933399444996332,,,,,52.0
2025-09-04 17:24:14.000,2025-09-04 17:25:33,2074933654345269484,,,,,63.0
2025-09-04 17:24:25.000,2025-09-04 17:25:33,2074933654345302252,,,,,75.0
2025-09-04 17:24:28.000,2025-09-04 17:25:33,2074933654345318636,75.3782710958287,,,,
2025-09-04 17:24:32.000,2025-09-04 17:24:33,2074933400212340972,,64.0,,,
2025-09-04 17:24:35.000,2025-09-04 17:25:33,2074933654345367788,,,,,77.0
2025-09-04 17:24:44.000,2025-09-04 17:25:33,2074933654345400556,,,65.0,551480.0,
2025-09-04 17:24:46.000,2025-09-04 17:25:33,2074933654345416940,,,,,78.0
2025-09-04 17:24:56.000,2025-09-04 17:25:33,2074933654345449708,,,,,80.0
2025-09-04 17:25:02.000,2025-09-04 17:25:33,2074933654345466092,77.57659565273757,,,,
2025-09-04 17:25:17.000,2025-09-04 17:26:38,2074933926131925228,,,,,79.0
2025-09-04 17:25:27.000,2025-09-04 17:26:38,2074933926131957996,,,,,81.0
2025-09-04 17:25:32.000,2025-09-04 17:25:33,2074933654030647532,,63.0,,,
2025-09-04 17:25:38.000,2025-09-04 17:26:38,2074933926132007148,,,,,88.0
2025-09-04 17:25:44.000,2025-09-04 17:26:38,2074933926132023532,,,65.0,551680.0,
2025-09-04 17:25:48.000,2025-09-04 17:26:38,2074933926132039916,,,,,91.0
2025-09-04 17:25:58.000,2025-09-04 17:26:38,2074933926132105452,,,,,90.0
2025-09-04 17:26:09.000,2025-09-04 17:26:38,2074933926132121836,,,,,87.0
2025-09-04 17:26:19.000,2025-09-04 17:27:37,2074934173457449196,,,,,90.0
2025-09-04 17:26:29.000,2025-09-04 17:27:37,2074934173457481964,,,,,91.0
2025-09-04 17:26:33.000,2025-09-04 17:26:39,2074933928858222828,,66.0,,,
2025-09-04 17:26:33.000,2025-09-04 17:27:37,2074934173457498348,88.471914412885,,,,
2025-09-04 17:26:40.000,2025-09-04 17:27:37,2074934173457563884,,,,,72.0
2025-09-04 17:26:45.000,2025-09-04 17:27:37,2074934173457580268,61.67531962441431,,65.0,551820.0,
2025-09-04 17:26:50.000,2025-09-04 17:27:37,2074934173457596652,,,,,48.0
2025-09-04 17:27:01.000,2025-09-04 17:27:37,2074934173457629420,,,,,24.0
2025-09-04 17:27:03.000,2025-09-04 17:27:37,2074934173457645804,22.74441776191917,,,,
2025-09-04 17:27:11.000,2025-09-04 17:27:37,2074934173457662188,,,,,27.0
2025-09-04 17:27:14.000,2025-09-04 17:27:37,2074934173457678572,41.125522418465685,,,,
2025-09-04 17:27:21.000,2025-09-04 17:28:44,2074934454412935404,,,,,60.99999999999999
2025-09-04 17:27:32.000,2025-09-04 17:28:44,2074934454412968172,,,,,79.0
2025-09-04 17:27:34.000,2025-09-04 17:34:42,2074935955948683500,,57.99999999999999,,,
2025-09-04 17:27:42.000,2025-09-04 17:28:44,2074934454413000940,,,,,85.0
2025-09-04 17:27:45.000,2025-09-04 17:28:44,2074934454413017324,,,64.0,551920.0,
2025-09-04 17:27:53.000,2025-09-04 17:28:44,2074934454413033708,,,,,89.0
2025-09-04 17:28:03.000,2025-09-04 17:28:44,2074934454413066476,,,,,72.0
2025-09-04 17:28:13.000,2025-09-04 17:28:44,2074934454413082860,,,,,79.0
2025-09-04 17:28:24.000,2025-09-04 17:29:36,2074934674613993708,,,,,87.0
2025-09-04 17:28:34.000,2025-09-04 17:29:36,2074934674614026476,,,,,86.0
2025-09-04 17:28:35.000,2025-09-04 17:34:50,2074935988731248876,,61.0,,,
2025-09-04 17:28:44.000,2025-09-04 17:29:36,2074934674614075628,84.26046534598456,,,,
2025-09-04 17:28:45.000,2025-09-04 17:29:36,2074934674614092012,,,64.0,552060.0,
2025-09-04 17:28:55.000,2025-09-04 17:29:36,2074934674614108396,,,,,87.0
2025-09-04 17:29:05.000,2025-09-04 17:29:36,2074934674614157548,,,,,88.0
2025-09-04 17:29:26.000,2025-09-04 17:30:46,2074934965828583660,,,,,84.0
2025-09-04 17:29:36.000,2025-09-04 17:30:46,2074934965870592236,,,,,87.0
2025-09-04 17:29:36.000,2025-09-04 17:35:11,2074936078132838636,,63.0,,,
2025-09-04 17:29:46.000,2025-09-04 17:30:46,2074934965870641388,,,64.0,552160.0,
2025-09-04 17:29:47.000,2025-09-04 17:30:46,2074934965870657772,,,,,86.0
2025-09-04 17:29:57.000,2025-09-04 17:30:46,2074934965870690540,,,,,89.0
2025-09-04 17:30:07.000,2025-09-04 17:30:46,2074934965870723308,,,,,78.0
2025-09-04 17:30:16.000,2025-09-04 17:30:46,2074934965870756076,78.15071579818134,,,,
2025-09-04 17:30:28.000,2025-09-04 17:32:09,2074935313746149612,,,,,77.0
2025-09-04 17:30:29.000,2025-09-04 17:32:09,2074935313746165996,72.6502744047362,,,,
2025-09-04 17:30:37.000,2025-09-04 17:36:10,2074936325303173356,,72.0,,,
2025-09-04 17:30:38.000,2025-09-04 17:32:09,2074935313746198764,,,,,69.0
2025-09-04 17:30:47.000,2025-09-04 17:32:09,2074935313746247916,,,64.0,552220.0,
2025-09-04 17:30:49.000,2025-09-04 17:32:09,2074935313746264300,,,,,72.0
2025-09-04 17:30:59.000,2025-09-04 17:32:09,2074935313746297068,,,,,81.0
2025-09-04 17:31:09.000,2025-09-04 17:32:09,2074935313746346220,,,,,88.0
2025-09-04 17:31:20.000,2025-09-04 17:32:38,2074935437478232300,,,,,85.0
2025-09-04 17:31:32.000,2025-09-04 17:32:38,2074935437478281452,82.75108496360819,,,,
2025-09-04 17:31:38.000,2025-09-04 17:36:10,2074936325391302892,,67.0,,,
2025-09-04 17:31:40.000,2025-09-04 17:32:38,2074935437478297836,,,,,86.0
2025-09-04 17:31:48.000,2025-09-04 17:32:38,2074935437478330604,,,64.0,552250.0,
2025-09-04 17:31:51.000,2025-09-04 17:32:38,2074935437478346988,,,,,76.0
2025-09-04 17:32:01.000,2025-09-04 17:32:38,2074935437478379756,,,,,73.0
2025-09-04 17:32:02.000,2025-09-04 17:32:38,2074935437478396140,75.36901109348281,,,,
2025-09-04 17:32:11.000,2025-09-04 17:32:38,2074935437478428908,,,,,98.0
2025-09-04 17:32:22.000,2025-09-04 17:33:49,2074935734439051500,,,,,92.0
2025-09-04 17:32:32.000,2025-09-04 17:33:49,2074935734439100652,,,,,72.0
2025-09-04 17:32:39.000,2025-09-04 17:36:20,2074936369569857772,,67.0,,,
2025-09-04 17:32:43.000,2025-09-04 17:33:49,2074935734439166188,,,,,56.0
2025-09-04 17:32:48.000,2025-09-04 17:33:49,2074935734439182572,,,64.0,552310.0,
2025-09-04 17:32:53.000,2025-09-04 17:33:49,2074935734439198956,64.79223641403324,,,,65.0
2025-09-04 17:32:59.000,2025-09-04 17:33:49,2074935734439231724,62.94208794532894,,,,
2025-09-04 17:33:03.000,2025-09-04 17:33:49,2074935734439248108,,,,,68.0
2025-09-04 17:33:14.000,2025-09-04 17:33:49,2074935734439297260,,,,,75.0
2025-09-04 17:33:24.000,2025-09-04 17:34:42,2074935956619657452,,,,,82.0
2025-09-04 17:33:34.000,2025-09-04 17:34:42,2074935956619690220,,,,,64.0
2025-09-04 17:33:41.000,2025-09-04 17:36:44,2074936469784363244,,63.0,,,
2025-09-04 17:33:44.000,2025-09-04 17:34:42,2074935956619772140,70.52788186706341,,,,
2025-09-04 17:33:45.000,2025-09-04 17:34:42,2074935956619788524,,,,,70.0
2025-09-04 17:33:48.000,2025-09-04 17:34:42,2074935956619821292,,,64.0,552400.0,
2025-09-04 17:33:55.000,2025-09-04 17:34:42,2074935956619837676,,,,,71.0
2025-09-04 17:34:02.000,2025-09-04 17:34:42,2074935956619886828,68.04249723743264,,,,
2025-09-04 17:34:05.000,2025-09-04 17:34:42,2074935956619919596,,,,,72.0
2025-09-04 17:34:16.000,2025-09-04 17:34:42,2074935956619952364,,,,,56.0
2025-09-04 17:34:19.000,2025-09-04 17:34:42,2074935956619968748,61.40492755591499,,,,
2025-09-04 17:34:26.000,2025-09-04 17:35:41,2074936202955342060,,,,,76.0
2025-09-04 17:34:36.000,2025-09-04 17:35:41,2074936202997301484,,,,,93.0
2025-09-04 17:34:42.000,2025-09-04 17:37:04,2074936550591824108,,64.0,,,
2025-09-04 17:34:47.000,2025-09-04 17:35:41,2074936202997367020,,,,,94.0
2025-09-04 17:34:48.000,2025-09-04 17:35:41,2074936202997383404,,,64.0,552440.0,
2025-09-04 17:34:57.000,2025-09-04 17:35:41,2074936202997399788,,,,,82.0
2025-09-04 17:35:08.000,2025-09-04 17:35:41,2074936202997432556,,,,,56.0
2025-09-04 17:35:18.000,2025-09-04 17:35:41,2074936202997481708,,,,,74.0
2025-09-04 17:35:28.000,2025-09-04 17:36:42,2074936458480713964,,,,,81.0
2025-09-04 17:35:39.000,2025-09-04 17:36:42,2074936458522657004,,,,,84.0
2025-09-04 17:35:43.000,2025-09-04 17:37:28,2074936651888476396,,63.0,,,
2025-09-04 17:35:48.000,2025-09-04 17:36:42,2074936458522706156,,,64.0,552560.0,
2025-09-04 17:35:49.000,2025-09-04 17:36:42,2074936458522722540,86.14209782266478,,,,87.0
2025-09-04 17:36:00.000,2025-09-04 17:36:42,2074936458522755308,,,,,86.0
2025-09-04 17:36:09.000,2025-09-04 17:36:42,2074936458522804460,59.445511059529466,,,,
2025-09-04 17:36:10.000,2025-09-04 17:36:42,2074936458522820844,,,,,63.0
2025-09-04 17:36:20.000,2025-09-04 17:36:42,2074936458522919148,,,,,81.0
2025-09-04 17:36:31.000,2025-09-04 17:37:42,2074936713435693292,,,,,71.0
2025-09-04 17:36:41.000,2025-09-04 17:37:42,2074936713435726060,,,,,75.0
2025-09-04 17:36:44.000,2025-09-04 17:37:58,2074936777763733740,,54.0,,,
2025-09-04 17:36:47.000,2025-09-04 17:37:42,2074936713435791596,53.18204547278486,,,,
2025-09-04 17:36:48.000,2025-09-04 17:37:42,2074936713435807980,,,64.0,552670.0,
2025-09-04 17:36:51.000,2025-09-04 17:37:42,2074936713435840748,,,,,53.0
2025-09-04 17:37:02.000,2025-09-04 17:37:42,2074936713435873516,,,,,60.00000000000001
2025-09-04 17:37:12.000,2025-09-04 17:37:42,2074936713435889900,,,,,69.0
2025-09-04 17:37:23.000,2025-09-04 17:38:44,2074936972849185004,,,,,74.0
2025-09-04 17:37:33.000,2025-09-04 17:38:44,2074936972849217772,,,,,70.0
2025-09-04 17:37:41.000,2025-09-04 17:38:44,2074936972849234156,47.55752004790508,,,,
2025-09-04 17:37:43.000,2025-09-04 17:38:44,2074936972849266924,,,,,52.0
2025-09-04 17:37:45.000,2025-09-04 17:38:19,2074936866603270380,,62.0,,,
2025-09-04 17:37:48.000,2025-09-04 17:38:44,2074936972849316076,,,63.0,552800.0,
2025-09-04 17:37:54.000,2025-09-04 17:38:44,2074936972849332460,,,,,47.0
2025-09-04 17:37:59.000,2025-09-04 17:38:44,2074936972849348844,46.79079185366728,,,,
2025-09-04 17:38:09.000,2025-09-04 17:38:44,2074936972849397996,31.383999950613326,,,,
2025-09-04 17:38:14.000,2025-09-04 17:38:44,2074936972849414380,,,,,45.0
2025-09-04 17:38:15.000,2025-09-04 17:38:44,2074936972849430764,43.93685913067098,,,,
2025-09-04 17:38:22.000,2025-09-04 17:38:44,2074936972849447148,46.637075814725875,,,,
2025-09-04 17:38:25.000,2025-09-04 17:39:45,2074937228110479596,,,,,42.0
2025-09-04 17:38:35.000,2025-09-04 17:39:45,2074937228110512364,,,,,51.0
2025-09-04 17:38:46.000,2025-09-04 17:38:47,2074936983238492396,,66.0,,,
2025-09-04 17:38:46.000,2025-09-04 17:39:45,2074937228110528748,,,,,43.0
2025-09-04 17:38:49.000,2025-09-04 17:39:45,2074937228110545132,,,63.0,552860.0,
2025-09-04 17:38:55.000,2025-09-04 17:39:45,2074937228110561516,31.09323587695309,,,,
2025-09-04 17:38:56.000,2025-09-04 17:39:45,2074937228110577900,,,,,29.0
2025-09-04 17:39:06.000,2025-09-04 17:39:45,2074937228110610668,,,,,17.0
2025-09-04 17:39:17.000,2025-09-04 17:39:45,2074937228110627052,,,,,18.0
2025-09-04 17:39:22.000,2025-09-04 17:39:45,2074937228110643436,6.596825671195837,,,,
2025-09-04 17:39:27.000,2025-09-04 17:40:45,2074937478891962604,,,,,31.0
2025-09-04 17:39:30.000,2025-09-04 17:40:45,2074937478891995372,32.678548278565565,,,,
2025-09-04 17:39:38.000,2025-09-04 17:40:45,2074937478892044524,,,,,16.0
2025-09-04 17:39:46.000,2025-09-04 17:39:47,2074937237421687020,,68.0,,,
2025-09-04 17:39:48.000,2025-09-04 17:40:45,2074937478892077292,,,,,31.0
2025-09-04 17:39:49.000,2025-09-04 17:40:45,2074937478892093676,,,63.0,552900.0,
2025-09-04 17:39:58.000,2025-09-04 17:40:45,2074937478892142828,,,,,45.0
2025-09-04 17:40:09.000,2025-09-04 17:40:45,2074937478892175596,,,,,70.0
2025-09-04 17:40:19.000,2025-09-04 17:40:45,2074937478892224748,,,,,19.0
2025-09-04 17:40:23.000,2025-09-04 17:40:45,2074937478892241132,19.71269299388223,,,,
2025-09-04 17:40:29.000,2025-09-04 17:41:46,2074937737055568108,,,,,4.0
2025-09-04 17:40:39.002,2025-09-04 17:41:46,2074937737055797484,,,,,0.0
2025-09-04 17:40:47.000,2025-09-04 17:40:48,2074937492980629740,,64.0,,,
2025-09-04 17:40:50.000,2025-09-04 17:41:46,2074937737055895788,,,63.0,552990.0,
2025-09-04 17:41:11.000,2025-09-04 17:41:46,2074937737055977708,,,,,8.0
2025-09-04 17:41:21.000,2025-09-04 17:41:46,2074937737056043244,,,,,5.0
2025-09-04 17:41:31.000,2025-09-04 17:42:46,2074937988508319980,,,,,16.0
2025-09-04 17:41:33.000,2025-09-04 17:42:46,2074937988508336364,15.675331971084102,,,,
2025-09-04 17:41:41.000,2025-09-04 17:42:46,2074937988508352748,,,,,9.0
2025-09-04 17:41:48.000,2025-09-04 17:42:46,2074937988508369132,21.833233531085828,,,,
2025-09-04 17:41:49.000,2025-09-04 17:41:50,2074937750926131436,,74.0,,,
2025-09-04 17:41:51.000,2025-09-04 17:42:46,2074937988508385516,,,63.0,553010.0,
2025-09-04 17:41:52.000,2025-09-04 17:42:46,2074937988508401900,,,,,11.0
2025-09-04 17:42:02.000,2025-09-04 17:42:46,2074937988508451052,,,,,2.0
2025-09-04 17:42:13.000,2025-09-04 17:42:46,2074937988508483820,,,,,23.0
2025-09-04 17:42:18.000,2025-09-04 17:42:46,2074937988508500204,14.258551612166409,,,,
2025-09-04 17:42:23.000,2025-09-04 17:42:46,2074937988508532972,,,,,3.0
2025-09-04 17:42:33.000,2025-09-04 17:43:48,2074938246277710060,,,,,8.0
2025-09-04 17:42:44.000,2025-09-04 17:43:48,2074938246277775596,,,,,14.0
2025-09-04 17:42:49.000,2025-09-04 17:43:48,2074938246277791980,31.863668072129244,,,,
2025-09-04 17:42:50.000,2025-09-04 17:42:52,2074938011593769196,,72.0,,,
2025-09-04 17:42:51.000,2025-09-04 17:43:48,2074938246277808364,,,63.0,553020.0,
2025-09-04 17:42:54.000,2025-09-04 17:43:48,2074938246277857516,,,,,9.0
2025-09-04 17:43:04.000,2025-09-04 17:43:48,2074938246277923052,,,,,16.0
2025-09-04 17:43:07.000,2025-09-04 17:43:48,2074938246277955820,37.55671751436844,,,,
2025-09-04 17:43:15.000,2025-09-04 17:43:48,2074938246277972204,,,,,60.99999999999999
2025-09-04 17:43:21.000,2025-09-04 17:43:48,2074938246278004972,49.9206726465704,,,,
2025-09-04 17:43:25.000,2025-09-04 17:43:48,2074938246278037740,,,,,55.0
2025-09-04 17:43:27.000,2025-09-04 17:43:48,2074938246278054124,55.38407403063209,,,,
2025-09-04 17:43:35.000,2025-09-04 17:44:51,2074938511559114988,,,,,36.0
2025-09-04 17:43:38.000,2025-09-04 17:44:51,2074938511559131372,24.38714217807602,,,,
2025-09-04 17:43:45.000,2025-09-04 17:44:51,2074938511559164140,39.4364979905795,,,,
2025-09-04 17:43:46.000,2025-09-04 17:44:51,2074938511559180524,,,,,45.0
2025-09-04 17:43:51.000,2025-09-04 17:43:52,2074938262828351724,,75.0,,,
2025-09-04 17:43:51.000,2025-09-04 17:44:51,2074938511559213292,,,63.0,553070.0,
2025-09-04 17:43:56.000,2025-09-04 17:44:51,2074938511559246060,,,,,38.0
2025-09-04 17:44:06.000,2025-09-04 17:44:51,2074938511559295212,,,,,67.0
2025-09-04 17:44:17.000,2025-09-04 17:44:51,2074938511559311596,,,,,54.0
2025-09-04 17:44:23.000,2025-09-04 17:44:51,2074938511559327980,39.229073938032066,,,,
2025-09-04 17:44:27.000,2025-09-04 17:44:51,2074938511559344364,37.5381975096767,,,,44.0
2025-09-04 17:44:37.000,2025-09-04 17:47:49,2074939256576475372,,,,,60.00000000000001
2025-09-04 17:44:48.000,2025-09-04 17:47:49,2074939256576508140,,,,,48.0
2025-09-04 17:44:51.000,2025-09-04 17:47:49,2074939256576524524,,,63.0,553120.0,
2025-09-04 17:44:53.000,2025-09-04 17:47:49,2074939256576540908,48.763172353337,,,,
2025-09-04 17:44:58.000,2025-09-04 17:47:49,2074939256576590060,,,,,46.0
2025-09-04 17:45:00.000,2025-09-04 17:47:49,2074939256576606444,42.30339471686,,,,
2025-09-04 17:45:05.000,2025-09-04 17:47:49,2074939256576639212,50.44849278028484,,,,
2025-09-04 17:45:09.000,2025-09-04 17:47:49,2074939256576655596,,,,,63.0
2025-09-04 17:45:19.000,2025-09-04 17:47:49,2074939256576688364,,,,,57.0
2025-09-04 17:45:23.000,2025-09-04 17:47:49,2074939256576721132,53.789501626673754,,,,
2025-09-04 17:45:29.000,2025-09-04 17:47:49,2074939256576737516,,,,,59.0
2025-09-04 17:45:40.000,2025-09-04 17:47:49,2074939256576786668,,,,,51.0
2025-09-04 17:45:43.000,2025-09-04 17:47:49,2074939256576803052,41.68482656015606,,,,
2025-09-04 17:45:50.000,2025-09-04 17:47:49,2074939256576835820,,,,,29.0
2025-09-04 17:45:51.000,2025-09-04 17:47:49,2074939256576852204,28.457839209319268,,62.0,553250.0,
2025-09-04 17:45:52.000,2025-09-04 17:47:16,2074939120706126060,,57.99999999999999,,,
2025-09-04 17:46:00.000,2025-09-04 17:47:49,2074939256576901356,,,,,18.0
2025-09-04 17:46:02.000,2025-09-04 17:47:49,2074939256576917740,10.658262700093218,,,,
2025-09-04 17:46:11.000,2025-09-04 17:47:49,2074939256576966892,,,,,0.0
2025-09-04 17:46:40.000,2025-09-04 17:47:49,2074939256577442028,,,,553280.0,
2025-09-04 17:46:52.000,2025-09-04 17:47:49,2074939256577540332,,,62.0,,
2025-09-04 17:47:32.000,2025-09-04 17:48:51,2074939518506549484,0.0,,,,
2025-09-04 17:47:52.000,2025-09-04 17:48:51,2074939518506598636,,,62.0,,
2025-09-04 17:48:52.000,2025-09-04 17:49:50,2074939766713057516,,,62.0,,
2025-09-04 17:49:53.000,2025-09-04 17:50:52,2074940023790289132,,,62.0,,
2025-09-04 17:50:53.000,2025-09-04 17:51:52,2074940276027212012,,,62.0,,
2025-09-04 17:51:54.000,2025-09-04 17:52:52,2074940528675307756,,,62.0,,
2025-09-04 17:52:54.000,2025-09-04 17:53:52,2074940779029233900,,,62.0,,
2025-09-04 17:53:55.000,2025-09-04 17:54:30,2074940940270764268,,,62.0,,
2025-09-04 17:58:49.000,2025-09-04 17:59:53,2074942293239988460,,,62.0,553280.0,0.0
2025-09-04 17:58:52.000,2025-09-04 17:59:53,2074942293240004844,0.0,,,,
2025-09-04 17:59:49.000,2025-09-04 18:02:23,2074942925145391340,,,62.0,,
2025-09-04 18:00:50.000,2025-09-04 18:02:23,2074942925145522412,,,62.0,,
2025-09-04 18:01:50.000,2025-09-04 18:02:23,2074942925145653484,,,62.0,,
2025-09-04 18:02:50.000,2025-09-04 18:03:24,2074943180087853292,,,62.0,,
2025-09-04 18:03:51.000,2025-09-04 18:04:25,2074943434908582124,,,62.0,,
2025-09-04 18:05:07.000,2025-09-04 18:10:34,2074944981637791980,,,62.0,,
2025-09-04 18:09:39.000,2025-09-04 18:10:34,2074944981637824748,,,62.0,,
2025-09-04 18:10:39.000,2025-09-04 18:11:36,2074945241995034860,,,62.0,,
2025-09-04 18:11:40.000,2025-09-04 18:14:20,2074945929928016108,,,62.0,,
2025-09-04 18:12:40.000,2025-09-04 18:14:20,2074945929932194028,,,62.0,,
2025-09-04 18:13:40.000,2025-09-04 18:14:20,2074945929932325100,,,62.0,,
2025-09-04 18:14:41.000,2025-09-04 18:15:05,2074946120336834796,,,62.0,,
2025-09-05 06:28:34.000,2025-09-05 06:29:27,2075130928136470764,,,62.0,,
2025-09-05 06:28:47.000,2025-09-05 06:29:27,2075130928136585452,7.252433837283239,,,,
2025-09-05 06:28:59.000,2025-09-05 06:29:27,2075130928136831212,,,,,2.0
2025-09-05 06:29:01.000,2025-09-05 06:28:57,2075130805071380716,,56.99999999999999,,,
2025-09-05 06:29:09.000,2025-09-05 06:30:29,2075131189374484716,,,,,0.0
2025-09-05 06:29:13.001,2025-09-05 06:30:29,2075131189416558828,5.968997512146037,,,,
2025-09-05 06:29:19.000,2025-09-05 06:30:29,2075131189416804588,,,,,18.0
2025-09-05 06:29:24.000,2025-09-05 06:30:29,2075131189416870124,23.80746603122473,,,,
2025-09-05 06:29:30.000,2025-09-05 06:30:29,2075131189416886508,,,,,24.0
2025-09-05 06:29:36.000,2025-09-05 06:30:29,2075131189416902892,16.816164260094947,,,,
2025-09-05 06:29:39.000,2025-09-05 06:30:29,2075131189416919276,,,62.0,553300.0,
2025-09-05 06:29:40.000,2025-09-05 06:30:29,2075131189416935660,,,,,23.0
2025-09-05 06:29:57.000,2025-09-05 06:30:29,2075131189417214188,,,,,45.0
2025-09-05 06:30:07.000,2025-09-05 06:30:29,2075131189417361644,,,,,41.0
2025-09-05 06:30:17.000,2025-09-05 06:31:54,2075131547236729068,,,,,46.0
2025-09-05 06:30:26.000,2025-09-05 06:30:28,2075131183200469228,,66.0,,,
2025-09-05 06:30:27.000,2025-09-05 06:31:54,2075131547236843756,,,,,31.0
2025-09-05 06:30:35.000,2025-09-05 06:31:54,2075131547237007596,,,62.0,553310.0,
2025-09-05 06:30:37.000,2025-09-05 06:31:54,2075131547237023980,,,,,37.0
2025-09-05 06:30:43.000,2025-09-05 06:31:54,2075131547237040364,38.41974973300327,,,,
2025-09-05 06:30:48.000,2025-09-05 06:31:54,2075131547237056748,,,,,42.0
2025-09-05 06:30:58.000,2025-09-05 06:31:54,2075131547237073132,,,,,39.0
2025-09-05 06:31:09.000,2025-09-05 06:32:29,2075131693081034988,,,,,46.0
2025-09-05 06:31:19.000,2025-09-05 06:32:29,2075131693118783724,,,,,44.0
2025-09-05 06:31:24.000,2025-09-05 06:32:29,2075131693118800108,34.239784674078784,,,,
2025-09-05 06:31:28.000,2025-09-05 06:31:55,2075131549828776172,,59.0,,,
2025-09-05 06:31:29.000,2025-09-05 06:32:29,2075131693118816492,,,,,42.0
2025-09-05 06:31:36.000,2025-09-05 06:32:29,2075131693118849260,,,62.0,553360.0,
2025-09-05 06:31:40.000,2025-09-05 06:32:29,2075131693118882028,,,,,46.0
2025-09-05 06:31:50.000,2025-09-05 06:32:29,2075131693118914796,,,,,47.0
2025-09-05 06:31:59.000,2025-09-05 06:32:29,2075131693118947564,35.87695308882812,,,,
2025-09-05 06:32:00.000,2025-09-05 06:32:29,2075131693118963948,,,,,35.0
2025-09-05 06:32:11.000,2025-09-05 06:33:30,2075131949671776492,,,,,34.0
2025-09-05 06:32:21.000,2025-09-05 06:33:30,2075131949713735916,,,,,5.0
2025-09-05 06:32:23.000,2025-09-05 06:33:30,2075131949713768684,0.561156142159556,,,,
2025-09-05 06:32:31.001,2025-09-05 06:33:30,2075131949713932524,,,,,0.0
2025-09-05 06:32:36.000,2025-09-05 06:32:37,2075131726580941036,,54.0,,,
2025-09-05 06:32:36.000,2025-09-05 06:33:30,2075131949714276588,41.032922395007006,,62.0,553420.0,
2025-09-05 06:32:41.002,2025-09-05 06:33:30,2075131949714440428,,,,,38.0
2025-09-05 06:32:50.000,2025-09-05 06:33:30,2075131949714473196,47.89458413329465,,,,
2025-09-05 06:32:52.000,2025-09-05 06:33:30,2075131949714489580,,,,,48.0
2025-09-05 06:33:02.000,2025-09-05 06:33:30,2075131949714505964,,,,,50.0
2025-09-05 06:33:12.000,2025-09-05 06:34:31,2075132204844843244,,,,,42.0
2025-09-05 06:33:23.000,2025-09-05 06:34:31,2075132204886786284,,,,,27.0
2025-09-05 06:33:33.000,2025-09-05 06:34:31,2075132204886819052,,,,,28.0
2025-09-05 06:33:36.000,2025-09-05 06:34:31,2075132204886851820,,,62.0,553500.0,
2025-09-05 06:33:38.000,2025-09-05 06:33:39,2075131983813411052,,75.0,,,
2025-09-05 06:33:44.000,2025-09-05 06:34:31,2075132204886917356,,,,,23.0
2025-09-05 06:33:54.000,2025-09-05 06:34:31,2075132204886950124,,,,,26.0
2025-09-05 06:34:04.000,2025-09-05 06:34:31,2075132204886982892,,,,,27.0
2025-09-05 06:34:15.000,2025-09-05 06:35:32,2075132460571558124,,,,,23.0
2025-09-05 06:34:20.000,2025-09-05 06:35:32,2075132460571574508,26.36507867915327,,,,
2025-09-05 06:34:25.000,2025-09-05 06:35:32,2075132460571607276,,,,,37.0
2025-09-05 06:34:32.000,2025-09-05 06:35:32,2075132460571640044,39.76059807268485,,,,
2025-09-05 06:34:36.000,2025-09-05 06:35:32,2075132460571656428,,,,,42.0
2025-09-05 06:34:37.000,2025-09-05 06:35:32,2075132460571672812,,,62.0,553510.0,
2025-09-05 06:34:39.000,2025-09-05 06:34:39,2075132239401746668,,69.0,,,
2025-09-05 06:34:42.000,2025-09-05 06:35:32,2075132460571721964,40.72919431806256,,,,
2025-09-05 06:34:46.000,2025-09-05 06:35:32,2075132460571836652,,,,,45.0
2025-09-05 06:35:01.000,2025-09-05 06:35:32,2075132460571885804,38.777185823553744,,,,
2025-09-05 06:35:06.000,2025-09-05 06:35:32,2075132460571902188,43.92759912832512,,,,44.0
2025-09-05 06:35:17.000,2025-09-05 06:36:33,2075132716839338220,35.649157031119785,,,,35.0
2025-09-05 06:35:23.000,2025-09-05 06:36:33,2075132716881379564,43.67943106545588,,,,
2025-09-05 06:35:27.000,2025-09-05 06:36:33,2075132716881412332,,,,,57.0
2025-09-05 06:35:37.000,2025-09-05 06:36:33,2075132716881445100,,,62.0,553540.0,62.0
2025-09-05 06:35:40.000,2025-09-05 06:35:41,2075132495921152236,,64.0,,,
2025-09-05 06:35:48.000,2025-09-05 06:36:33,2075132716881510636,,,,,63.0
2025-09-05 06:35:58.000,2025-09-05 06:36:33,2075132716881527020,,,,,64.0
2025-09-05 06:36:09.000,2025-09-05 06:36:33,2075132716881543404,,,,,54.0
2025-09-05 06:36:12.000,2025-09-05 06:36:33,2075132716881559788,53.928401661861756,,,,
2025-09-05 06:36:19.000,2025-09-05 06:37:34,2075132972528304364,,,,,55.0
2025-09-05 06:36:22.000,2025-09-05 06:37:34,2075132972570247404,55.258137998728294,,,,
2025-09-05 06:36:29.000,2025-09-05 06:37:34,2075132972570263788,,,,,63.0
2025-09-05 06:36:38.000,2025-09-05 06:37:34,2075132972570280172,,,62.0,553600.0,
2025-09-05 06:36:40.000,2025-09-05 06:36:41,2075132749903036652,,60.0,,,
2025-09-05 06:36:40.000,2025-09-05 06:37:34,2075132972570296556,,,,,66.0
2025-09-05 06:36:46.000,2025-09-05 06:37:34,2075132972570427628,65.92566070116739,,,,
2025-09-05 06:36:50.000,2025-09-05 06:37:34,2075132972570476780,,,,,69.0
2025-09-05 06:37:00.000,2025-09-05 06:37:34,2075132972570493164,,,,,71.0
2025-09-05 06:37:04.000,2025-09-05 06:37:34,2075132972570509548,72.01874224474804,,,,
2025-09-05 06:37:11.000,2025-09-05 06:37:34,2075132972570525932,,,,,76.0
2025-09-05 06:37:32.000,2025-09-05 06:38:35,2075133227827200236,,,,,70.0
2025-09-05 06:37:38.000,2025-09-05 06:38:35,2075133227827216620,,,62.0,553670.0,
2025-09-05 06:37:41.000,2025-09-05 06:37:43,2075133008679010540,,63.0,,,
2025-09-05 06:37:42.000,2025-09-05 06:38:35,2075133227827233004,,,,,60.99999999999999
2025-09-05 06:38:03.000,2025-09-05 06:38:35,2075133227827298540,,,,,68.0
2025-09-05 06:38:13.000,2025-09-05 06:38:35,2075133227827331308,,,,,71.0
2025-09-05 06:38:24.000,2025-09-05 06:40:00,2075133582069743852,,,,,74.0
2025-09-05 06:38:34.000,2025-09-05 06:40:00,2075133582111719660,,,,,70.0
2025-09-05 06:38:36.000,2025-09-05 06:40:00,2075133582111752428,68.92034545982087,,,,
2025-09-05 06:38:38.000,2025-09-05 06:40:00,2075133582111768812,,,62.0,553790.0,
2025-09-05 06:38:42.000,2025-09-05 06:38:43,2075133261683622124,,56.00000000000001,,,
2025-09-05 06:38:44.000,2025-09-05 06:40:00,2075133582111817964,,,,,69.0
2025-09-05 06:38:54.000,2025-09-05 06:40:00,2075133582112030956,,,,,72.0
2025-09-05 06:39:04.000,2025-09-05 06:39:05,2075133354025418988,,56.99999999999999,,,
2025-09-05 06:39:15.000,2025-09-05 06:40:00,2075133582112194796,,,,,74.0
2025-09-05 06:39:25.000,2025-09-05 06:40:38,2075133743227470060,,,,,72.0
2025-09-05 06:39:32.000,2025-09-05 06:40:38,2075133743269413100,72.92066647323551,,,,
2025-09-05 06:39:36.000,2025-09-05 06:40:38,2075133743269429484,,,,,75.0
2025-09-05 06:39:39.000,2025-09-05 06:40:38,2075133743269445868,,,62.0,553850.0,
2025-09-05 06:39:46.000,2025-09-05 06:40:38,2075133743269478636,,,,,74.0
2025-09-05 06:39:57.000,2025-09-05 06:40:38,2075133743269495020,,,,,76.0
2025-09-05 06:40:06.000,2025-09-05 06:40:07,2075133611568627948,,60.0,,,
2025-09-05 06:40:07.000,2025-09-05 06:40:38,2075133743269527788,,,,,72.0
2025-09-05 06:40:17.000,2025-09-05 06:41:37,2075133990255198444,,,,,70.0
2025-09-05 06:40:28.000,2025-09-05 06:41:37,2075133990255231212,,,,,63.0
2025-09-05 06:40:38.000,2025-09-05 06:41:37,2075133990255263980,,,,,64.0
2025-09-05 06:40:39.000,2025-09-05 06:41:37,2075133990255280364,,,62.0,553970.0,
2025-09-05 06:40:48.000,2025-09-05 06:41:37,2075133990255313132,,,,,73.0
2025-09-05 06:40:59.000,2025-09-05 06:41:37,2075133990255329516,,,,,80.0
2025-09-05 06:41:02.000,2025-09-05 06:41:37,2075133990255345900,78.96004000321014,,,,
2025-09-05 06:41:07.000,2025-09-05 06:41:09,2075133871136981228,,62.0,,,
2025-09-05 06:41:09.000,2025-09-05 06:41:37,2075133990255378668,,,,,76.0
2025-09-05 06:41:20.000,2025-09-05 06:42:38,2075134245524750572,,,,,70.0
2025-09-05 06:41:30.000,2025-09-05 06:42:38,2075134245524766956,,,,,72.0
2025-09-05 06:41:39.000,2025-09-05 06:42:38,2075134245524783340,,,62.0,554020.0,
2025-09-05 06:41:51.000,2025-09-05 06:42:38,2075134245524832492,,,,,70.0
2025-09-05 06:42:01.000,2025-09-05 06:42:38,2075134245524848876,,,,,71.0
2025-09-05 06:42:08.000,2025-09-05 06:42:09,2075134126515552492,,66.0,,,
2025-09-05 06:42:11.000,2025-09-05 06:42:38,2075134245524898028,,,,,68.0
2025-09-05 06:42:22.000,2025-09-05 06:43:38,2075134499863134444,,,,,56.0
2025-09-05 06:42:32.000,2025-09-05 06:43:38,2075134499905077484,48.96133640353856,,,,49.0
2025-09-05 06:42:40.000,2025-09-05 06:43:38,2075134499905093868,,,62.0,,
2025-09-05 06:42:43.000,2025-09-05 06:43:38,2075134499905110252,,,,,33.0
2025-09-05 06:42:46.000,2025-09-05 06:43:38,2075134499905143020,31.509935982517117,,,,
2025-09-05 06:42:53.000,2025-09-05 06:43:38,2075134499905159404,,,,,38.0
2025-09-05 06:42:56.000,2025-09-05 06:43:38,2075134499905175788,39.27166994882305,,,,
2025-09-05 06:43:03.000,2025-09-05 06:43:38,2075134499905192172,,,,,42.0
2025-09-05 06:43:10.000,2025-09-05 06:43:11,2075134386696618220,,69.0,,,
2025-09-05 06:43:14.000,2025-09-05 06:43:38,2075134499905241324,19.160796854068536,,,,19.0
2025-09-05 06:43:24.000,2025-09-05 06:44:39,2075134754839085292,,,,,27.0
2025-09-05 06:43:40.000,2025-09-05 06:44:39,2075134754881044716,,,62.0,554070.0,
2025-09-05 06:43:56.000,2025-09-05 06:44:39,2075134754881110252,,,,,29.0
2025-09-05 06:44:11.000,2025-09-05 06:44:22,2075134683166802156,,60.0,,,
2025-09-05 06:44:16.000,2025-09-05 06:44:39,2075134754881306860,,,,,30.000000000000004
2025-09-05 06:44:27.000,2025-09-05 06:45:40,2075135010624520428,,,,,33.0
2025-09-05 06:44:37.000,2025-09-05 06:45:40,2075135010666496236,,,,,42.0
2025-09-05 06:44:40.000,2025-09-05 06:45:40,2075135010666512620,,,62.0,554090.0,
2025-09-05 06:44:43.000,2025-09-05 06:45:40,2075135010666529004,42.54600677832172,,,,
2025-09-05 06:44:47.000,2025-09-05 06:45:40,2075135010666561772,,,,,43.0
2025-09-05 06:44:58.000,2025-09-05 06:45:40,2075135010666594540,,,,,40.0
2025-09-05 06:45:08.000,2025-09-05 06:45:40,2075135010666610924,,,,,23.0
2025-09-05 06:45:12.000,2025-09-05 06:45:14,2075134900649853164,,60.0,,,
2025-09-05 06:45:18.000,2025-09-05 06:45:40,2075135010666660076,,,,,36.0
2025-09-05 06:45:29.000,2025-09-05 06:46:41,2075135265927594220,,,,,26.0
2025-09-05 06:45:33.000,2025-09-05 06:46:41,2075135265969537260,27.029946847586537,,,,
2025-09-05 06:45:39.000,2025-09-05 06:46:41,2075135265969553644,,,,,23.0
2025-09-05 06:45:40.000,2025-09-05 06:46:41,2075135265969570028,23.36113391815393,,62.0,554120.0,
2025-09-05 06:45:50.000,2025-09-05 06:46:41,2075135265969602796,,,,,21.0
2025-09-05 06:45:51.000,2025-09-05 06:46:41,2075135265969619180,18.632976720354105,,,,
2025-09-05 06:46:00.000,2025-09-05 06:46:41,2075135265969635564,,,,,16.0
2025-09-05 06:46:09.000,2025-09-05 06:46:41,2075135265969651948,14.486347669874743,,,,
2025-09-05 06:46:10.000,2025-09-05 06:46:41,2075135265969668332,,,,,13.0
2025-09-05 06:46:13.000,2025-09-05 06:46:14,2075135153402806508,,65.0,,,
2025-09-05 06:46:21.000,2025-09-05 06:46:41,2075135265969717484,,,,,15.000000000000002
2025-09-05 06:46:28.000,2025-09-05 06:47:42,2075135523764044012,14.247439609351368,,,,
2025-09-05 06:46:31.000,2025-09-05 06:47:42,2075135523764060396,,,,,14.0
2025-09-05 06:46:40.001,2025-09-05 06:47:42,2075135523764125932,,,62.0,554130.0,
2025-09-05 06:46:41.001,2025-09-05 06:47:42,2075135523764158700,,,,,0.0
2025-09-05 06:46:47.002,2025-09-05 06:47:42,2075135523764388076,19.253396877527212,,,,
2025-09-05 06:46:51.000,2025-09-05 06:47:42,2075135523764437228,,,,,16.0
2025-09-05 06:46:57.000,2025-09-05 06:47:42,2075135523764469996,27.53739497614006,,,,
2025-09-05 06:47:02.000,2025-09-05 06:47:42,2075135523764486380,,,,,31.0
2025-09-05 06:47:12.000,2025-09-05 06:47:42,2075135523764519148,,,,,18.0
2025-09-05 06:47:14.000,2025-09-05 06:47:15,2075135409448288492,,67.0,,,
2025-09-05 06:47:17.000,2025-09-05 06:47:42,2075135523764551916,15.680887972491622,,,,
2025-09-05 06:47:23.000,2025-09-05 06:48:12,2075135648796246252,,,,,13.0
2025-09-05 06:47:33.000,2025-09-05 06:48:12,2075135648833994988,,,,,3.0
2025-09-05 06:47:41.000,2025-09-05 06:48:12,2075135648834044140,,,62.0,554150.0,
2025-09-05 06:47:43.001,2025-09-05 06:48:12,2075135648834093292,,,,,0.0
2025-09-05 06:48:42.000,2025-09-05 06:49:13,2075135904405618924,,,62.0,,
2025-09-05 06:48:48.000,2025-09-05 06:49:13,2075135904405668076,0.0,,,,
2025-09-05 06:49:42.000,2025-09-05 06:50:14,2075136159704482028,,,62.0,,
2025-09-05 06:50:42.000,2025-09-05 06:51:16,2075136419675865324,,,62.0,,
2025-09-05 06:51:43.000,2025-09-05 06:52:16,2075136670381965548,,,62.0,,
2025-09-05 06:52:43.000,2025-09-05 06:53:17,2075136925081223404,,,62.0,,
2025-09-05 06:53:44.000,2025-09-05 06:54:17,2075137180409348332,,,62.0,,
2025-09-05 06:53:48.000,2025-09-05 06:54:17,2075137180409364716,0.06852401735941772,,,,
2025-09-05 06:57:36.000,2025-09-05 06:58:26,2075138221414596844,,,62.0,,
2025-09-05 06:58:05.000,2025-09-05 06:58:06,2075138138602209516,,59.0,,,
2025-09-05 06:58:07.000,2025-09-05 06:58:27,2075138226581946604,,,,,6.0
2025-09-05 06:58:18.000,2025-09-05 06:59:28,2075138481469800684,,,,,9.0
2025-09-05 06:58:25.000,2025-09-05 06:59:28,2075138481469849836,14.390043645477723,,,,
2025-09-05 06:58:28.000,2025-09-05 06:59:28,2075138481469866220,,,,,17.0
2025-09-05 06:58:38.000,2025-09-05 06:59:28,2075138481469898988,,,62.0,554170.0,
2025-09-05 06:58:39.000,2025-09-05 06:59:28,2075138481469915372,,,,,24.0
2025-09-05 06:58:49.000,2025-09-05 06:59:28,2075138481469931756,,,,,19.0
2025-09-05 06:58:54.000,2025-09-05 06:59:28,2075138481469948140,16.412428157815132,,,,
2025-09-05 06:59:00.000,2025-09-05 06:59:28,2075138481469964524,,,,,16.0
2025-09-05 06:59:07.000,2025-09-05 06:59:11,2075138411773051116,,63.0,,,
2025-09-05 06:59:10.000,2025-09-05 07:02:06,2075139145176449260,,,,,22.0
2025-09-05 06:59:12.000,2025-09-05 07:02:06,2075139145176465644,20.094205090531958,,,,
2025-09-05 06:59:20.000,2025-09-05 07:02:06,2075139145176482028,,,,,24.0
2025-09-05 06:59:21.000,2025-09-05 07:02:06,2075139145176498412,23.80746603122473,,,,
2025-09-05 06:59:31.000,2025-09-05 07:02:06,2075139145176514796,20.986869316673562,,,,20.0
2025-09-05 06:59:38.000,2025-09-05 07:02:06,2075139145176531180,,,61.0,554200.0,
2025-09-05 06:59:41.000,2025-09-05 07:02:06,2075139145176547564,,,,,26.0
2025-09-05 06:59:52.000,2025-09-05 07:02:06,2075139145176563948,,,,,17.0
2025-09-05 07:00:02.000,2025-09-05 07:02:06,2075139145176580332,,,,,19.0
2025-09-05 07:00:08.000,2025-09-05 07:00:58,2075138858701291756,,53.0,,,
2025-09-05 07:00:12.000,2025-09-05 07:02:06,2075139145176629484,,,,,29.0
2025-09-05 07:00:23.000,2025-09-05 07:02:06,2075139145176645868,,,,,32.0
2025-09-05 07:00:33.000,2025-09-05 07:02:06,2075139145176678636,,,,,38.0
2025-09-05 07:00:38.000,2025-09-05 07:02:06,2075139145176711404,,,61.0,554250.0,
2025-09-05 07:00:43.000,2025-09-05 07:02:06,2075139145176727788,,,,,34.0
2025-09-05 07:00:47.000,2025-09-05 07:02:06,2075139145176760556,35.541741003907724,,,,
2025-09-05 07:00:54.000,2025-09-05 07:02:06,2075139145176776940,,,,,35.0
2025-09-05 07:01:04.000,2025-09-05 07:02:06,2075139145176793324,,,,,34.0
2025-09-05 07:01:10.000,2025-09-05 07:01:26,2075138979715350764,,57.99999999999999,,,
2025-09-05 07:01:15.000,2025-09-05 07:02:06,2075139145176842476,,,,,32.0
2025-09-05 07:01:25.000,2025-09-05 07:02:06,2075139145176891628,,,,,25.0
2025-09-05 07:01:35.000,2025-09-05 07:02:06,2075139145176940780,,,,,26.0
2025-09-05 07:01:38.000,2025-09-05 07:02:06,2075139145176957164,,,61.0,,
2025-09-05 07:01:38.001,2025-09-05 07:02:06,2075139145176973548,,,,554290.0,
2025-09-05 07:01:46.000,2025-09-05 07:03:06,2075139399070253292,,,,,6.0
2025-09-05 07:01:56.000,2025-09-05 07:03:06,2075139399112212716,,,,,27.0
2025-09-05 07:02:06.000,2025-09-05 07:03:06,2075139399112229100,,,,,23.0
2025-09-05 07:02:10.000,2025-09-05 07:02:11,2075139167188156652,,60.0,,,
2025-09-05 07:02:13.000,2025-09-05 07:03:06,2075139399112261868,29.228271404495427,,,,
2025-09-05 07:02:17.000,2025-09-05 07:03:06,2075139399112278252,,,,,31.0
2025-09-05 07:02:27.000,2025-09-05 07:03:06,2075139399112311020,,,,,35.0
2025-09-05 07:02:38.000,2025-09-05 07:03:06,2075139399112327404,,,,,22.0
2025-09-05 07:02:39.000,2025-09-05 07:03:06,2075139399112343788,,,61.0,554300.0,
2025-09-05 07:02:48.000,2025-09-05 07:04:07,2075139654243320044,,,,,16.0
2025-09-05 07:02:50.000,2025-09-05 07:04:07,2075139654285263084,15.980912048497718,,,,
2025-09-05 07:02:58.000,2025-09-05 07:04:07,2075139654285295852,,,,,29.0
2025-09-05 07:03:09.000,2025-09-05 07:04:07,2075139654285426924,,,,,38.0
2025-09-05 07:03:12.000,2025-09-05 07:03:13,2075139425225933036,,56.99999999999999,,,
2025-09-05 07:03:19.000,2025-09-05 07:04:07,2075139654285492460,,,,,39.0
2025-09-05 07:03:29.000,2025-09-05 07:04:07,2075139654285508844,,,,,44.0
2025-09-05 07:03:39.000,2025-09-05 07:04:07,2075139654285525228,,,61.0,554330.0,
2025-09-05 07:03:40.000,2025-09-05 07:04:07,2075139654285541612,,,,,59.0
2025-09-05 07:03:50.000,2025-09-05 07:05:08,2075139909525438700,,,,,67.0
2025-09-05 07:03:57.000,2025-09-05 07:05:08,2075139909567381740,64.84224042670091,,,,
2025-09-05 07:04:01.000,2025-09-05 07:05:08,2075139909567398124,,,,,64.0
2025-09-05 07:04:11.000,2025-09-05 07:05:08,2075139909567430892,,,,,69.0
2025-09-05 07:04:12.000,2025-09-05 07:04:13,2075139679367201004,,56.99999999999999,,,
2025-09-05 07:04:21.000,2025-09-05 07:05:08,2075139909567463660,,,,,70.0
2025-09-05 07:04:39.000,2025-09-05 07:05:08,2075139909567496428,,,61.0,554430.0,
2025-09-05 07:04:42.000,2025-09-05 07:05:08,2075139909567529196,,,,,71.0
2025-09-05 07:04:53.000,2025-09-05 07:06:09,2075140164883054828,,,,,68.0
2025-09-05 07:05:03.000,2025-09-05 07:06:09,2075140164920803564,,,,,72.0
2025-09-05 07:05:13.000,2025-09-05 07:05:14,2075139933906944236,,60.0,,,
2025-09-05 07:05:13.000,2025-09-05 07:06:09,2075140164920836332,,,,,69.0
2025-09-05 07:05:24.000,2025-09-05 07:06:09,2075140164925030636,,,,,71.0
2025-09-05 07:05:28.000,2025-09-05 07:06:09,2075140164925047020,71.56315012933138,,,,
2025-09-05 07:05:34.000,2025-09-05 07:06:09,2075140164925063404,,,,,73.0
2025-09-05 07:05:39.000,2025-09-05 07:06:09,2075140164925079788,,,61.0,554500.0,
2025-09-05 07:05:45.000,2025-09-05 07:06:09,2075140164925112556,,,,,75.0
2025-09-05 07:05:55.000,2025-09-05 07:07:10,2075140421905809644,,,,,76.0
2025-09-05 07:06:05.000,2025-09-05 07:07:10,2075140421951946988,,,,,74.0
2025-09-05 07:06:14.000,2025-09-05 07:06:15,2075140189725917420,,63.0,,,
2025-09-05 07:06:16.000,2025-09-05 07:07:10,2075140421951979756,,,,,78.0
2025-09-05 07:06:26.000,2025-09-05 07:07:10,2075140421952012524,,,,,80.0
2025-09-05 07:06:36.000,2025-09-05 07:07:10,2075140421952028908,,,,,78.0
2025-09-05 07:06:40.000,2025-09-05 07:07:10,2075140421952045292,,,61.0,554610.0,
2025-09-05 07:06:57.000,2025-09-05 07:08:10,2075140671852773612,,,,,73.0
2025-09-05 07:06:58.000,2025-09-05 07:08:10,2075140671852789996,72.00022224005632,,,,
2025-09-05 07:07:15.000,2025-09-05 07:07:15,2075140443506475244,,59.0,,,
2025-09-05 07:07:18.000,2025-09-05 07:08:10,2075140671852855532,,,,,76.0
2025-09-05 07:07:28.000,2025-09-05 07:08:10,2075140671852871916,,,,,73.0
2025-09-05 07:07:39.000,2025-09-05 07:08:10,2075140671852888300,,,,,71.0
2025-09-05 07:07:40.000,2025-09-05 07:08:10,2075140671852904684,,,61.0,554620.0,
2025-09-05 07:07:49.000,2025-09-05 07:08:10,2075140671852937452,,,,,64.0
2025-09-05 07:07:59.000,2025-09-05 07:09:16,2075140951101161708,,,,,59.0
2025-09-05 07:08:10.000,2025-09-05 07:09:16,2075140951143186668,,,,,72.0
2025-09-05 07:08:16.000,2025-09-05 07:08:17,2075140700088828140,,60.0,,,
2025-09-05 07:08:20.000,2025-09-05 07:09:16,2075140951143252204,,,,,79.0
2025-09-05 07:08:29.000,2025-09-05 07:09:16,2075140951143268588,75.57643514603025,,,,
2025-09-05 07:08:30.000,2025-09-05 07:09:16,2075140951143284972,,,,,76.0
2025-09-05 07:08:40.000,2025-09-05 07:09:16,2075140951143334124,,,61.0,554700.0,
2025-09-05 07:08:41.000,2025-09-05 07:09:16,2075140951143350508,,,,,71.0
2025-09-05 07:08:51.000,2025-09-05 07:10:11,2075141181271965932,,,,,75.0
2025-09-05 07:08:56.000,2025-09-05 07:10:11,2075141181313990892,71.95762622926532,,,,
2025-09-05 07:09:02.000,2025-09-05 07:10:11,2075141181314007276,,,,,72.0
2025-09-05 07:09:12.000,2025-09-05 07:10:11,2075141181314040044,,,,,77.0
2025-09-05 07:09:14.000,2025-09-05 07:10:11,2075141181314056428,76.26908332150111,,,,
2025-09-05 07:09:17.000,2025-09-05 07:09:18,2075140959087100140,,66.0,,,
2025-09-05 07:09:22.000,2025-09-05 07:10:11,2075141181314105580,,,,,65.0
2025-09-05 07:09:27.000,2025-09-05 07:10:11,2075141181314121964,62.436491817244594,,,,
2025-09-05 07:09:33.000,2025-09-05 07:10:11,2075141181314154732,,,,,66.0
2025-09-05 07:09:41.000,2025-09-05 07:10:11,2075141181314171116,,,61.0,554760.0,
2025-09-05 07:09:43.000,2025-09-05 07:10:11,2075141181314203884,,,,,70.0
2025-09-05 07:10:04.000,2025-09-05 07:11:12,2075141437015523564,,,,,60.00000000000001
2025-09-05 07:10:14.000,2025-09-05 07:11:12,2075141437015572716,41.379246482742445,,,,42.0
2025-09-05 07:10:18.000,2025-09-05 07:10:19,2075141214859952364,,63.0,,,
2025-09-05 07:10:18.000,2025-09-05 07:11:12,2075141437015589100,34.51017674257811,,,,
2025-09-05 07:10:24.000,2025-09-05 07:11:12,2075141437015638252,,,,,40.0
2025-09-05 07:10:35.000,2025-09-05 07:11:12,2075141437015654636,,,,,37.0
2025-09-05 07:10:36.000,2025-09-05 07:11:12,2075141437015671020,37.39744547401953,,,,
2025-09-05 07:10:41.000,2025-09-05 07:11:12,2075141437015687404,,,61.0,554850.0,
2025-09-05 07:10:45.000,2025-09-05 07:11:12,2075141437015720172,,,,,40.0
2025-09-05 07:10:56.000,2025-09-05 07:12:13,2075141692645703916,,,,,34.0
2025-09-05 07:10:59.000,2025-09-05 07:12:13,2075141692687663340,32.95820034941076,,,,
2025-09-05 07:11:06.000,2025-09-05 07:12:13,2075141692687679724,,,,,32.0
2025-09-05 07:11:16.000,2025-09-05 07:12:13,2075141692687745260,,,,,30.000000000000004
2025-09-05 07:11:19.000,2025-09-05 07:11:20,2075141467432550636,,56.99999999999999,,,
2025-09-05 07:11:27.000,2025-09-05 07:12:13,2075141692687778028,,,,,27.0
2025-09-05 07:11:35.000,2025-09-05 07:12:13,2075141692687810796,16.77171624883478,,,,
2025-09-05 07:11:37.000,2025-09-05 07:12:13,2075141692691841260,,,,,18.0
2025-09-05 07:11:41.000,2025-09-05 07:12:13,2075141692691874028,,,61.0,554890.0,
2025-09-05 07:11:47.000,2025-09-05 07:12:13,2075141692691906796,,,,,20.0
2025-09-05 07:12:00.000,2025-09-05 07:13:14,2075141948024439020,21.418385425990977,,,,
2025-09-05 07:12:08.000,2025-09-05 07:13:14,2075141948024455404,,,,,26.0
2025-09-05 07:12:19.000,2025-09-05 07:13:14,2075141948024488172,,,,,32.0
2025-09-05 07:12:20.000,2025-09-05 07:12:21,2075141724929261804,,60.0,,,
2025-09-05 07:12:29.000,2025-09-05 07:13:14,2075141948024537324,,,,,34.0
2025-09-05 07:12:37.000,2025-09-05 07:13:14,2075141948024553708,14.91971577966133,,,,
2025-09-05 07:12:40.000,2025-09-05 07:13:14,2075141948024570092,,,,,8.0
2025-09-05 07:12:42.000,2025-09-05 07:13:14,2075141948024586476,,,60.0,554940.0,
2025-09-05 07:12:50.000,2025-09-05 07:13:14,2075141948024619244,,,,,14.0
2025-09-05 07:13:00.000,2025-09-05 07:13:43,2075142068535034092,,,,,15.000000000000002
2025-09-05 07:13:11.000,2025-09-05 07:13:43,2075142068576993516,,,,,0.0
2025-09-05 07:13:43.000,2025-09-05 07:14:44,2075142323385204972,,,60.0,,
2025-09-05 07:14:09.000,2025-09-05 07:14:44,2075142323385270508,0.0,,,,
2025-09-05 07:14:43.000,2025-09-05 07:15:44,2075142578033918188,,,60.0,,
2025-09-05 07:15:44.000,2025-09-05 07:16:45,2075142833064394988,,,60.0,,
2025-09-05 07:16:28.000,2025-09-05 07:16:56,2075142877414965484,,,,,7.0
2025-09-05 07:16:34.000,2025-09-05 07:16:35,2075142788747362540,,54.0,,,
2025-09-05 07:16:39.000,2025-09-05 07:17:57,2075143134215422188,,,,,17.0
2025-09-05 07:16:40.000,2025-09-05 07:17:57,2075143134215438572,16.632816213646773,,,,
2025-09-05 07:16:44.000,2025-09-05 07:17:57,2075143134215454956,,,60.0,,
2025-09-05 07:16:49.000,2025-09-05 07:17:57,2075143134215504108,,,,,10.0
2025-09-05 07:16:59.000,2025-09-05 07:17:57,2075143134215536876,,,,,0.0
2025-09-05 07:17:04.000,2025-09-05 07:17:57,2075143134215553260,8.334002111280537,,,,
2025-09-05 07:17:10.000,2025-09-05 07:17:57,2075143134215569644,,,,,14.0
2025-09-05 07:17:20.000,2025-09-05 07:17:57,2075143134215618796,,,,,15.000000000000002
2025-09-05 07:17:31.000,2025-09-05 07:17:57,2075143134215635180,,,,,10.0
2025-09-05 07:17:37.000,2025-09-05 07:17:38,2075143054787870956,,48.0,,,
2025-09-05 07:17:41.000,2025-09-05 07:18:58,2075143389170385132,,,,,0.0
2025-09-05 07:17:44.000,2025-09-05 07:18:58,2075143389170401516,,,60.0,554980.0,
2025-09-05 07:18:44.000,2025-09-05 07:19:59,2075143644096004332,,,60.0,,
2025-09-05 07:19:45.000,2025-09-05 07:20:15,2075143713604042988,,,60.0,,
2025-09-05 07:20:45.000,2025-09-05 07:21:16,2075143970240938220,,,60.0,,
2025-09-05 07:21:46.000,2025-09-05 07:22:16,2075144220875768044,,,60.0,,
2025-09-05 07:22:04.000,2025-09-05 07:23:17,2075144475553825004,0.0,,,,
2025-09-05 07:22:46.000,2025-09-05 07:23:17,2075144475553923308,,,60.0,,
2025-09-05 07:23:47.000,2025-09-05 07:24:12,2075144705431142636,,,60.0,,
2025-09-05 07:27:48.000,2025-09-05 07:28:38,2075145823791890668,,,60.0,,
2025-09-05 07:28:30.000,2025-09-05 07:28:56,2075145898782032108,,,,,9.0
2025-09-05 07:28:33.000,2025-09-05 07:28:34,2075145806058356972,,62.0,,,
2025-09-05 07:28:40.000,2025-09-05 07:30:20,2075146251912872172,,,,,8.0
2025-09-05 07:28:43.000,2025-09-05 07:30:20,2075146251954831596,11.328686869934009,,,,
2025-09-05 07:28:49.000,2025-09-05 07:30:20,2075146251954847980,,,60.0,554990.0,
2025-09-05 07:28:50.000,2025-09-05 07:30:20,2075146251954864364,,,,,9.0
2025-09-05 07:29:01.000,2025-09-05 07:30:20,2075146251954897132,,,,,8.0
2025-09-05 07:29:11.000,2025-09-05 07:30:20,2075146251954913516,,,,,0.0
2025-09-05 07:29:12.000,2025-09-05 07:30:20,2075146251954929900,0.0,,,,
2025-09-05 07:29:35.000,2025-09-05 07:30:20,2075146251955290348,,,,555010.0,
2025-09-05 07:29:50.000,2025-09-05 07:30:22,2075146257608737004,,,60.0,,
2025-09-05 07:30:51.000,2025-09-05 07:31:22,2075146512588964076,,,60.0,,
2025-09-05 07:31:51.000,2025-09-05 07:32:23,2075146767330001132,,,60.0,,
2025-09-05 07:32:52.000,2025-09-05 07:33:24,2075147022616330476,,,60.0,,
2025-09-05 07:33:52.000,2025-09-05 07:34:25,2075147277965541612,,,60.0,,
2025-09-05 07:34:14.000,2025-09-05 07:35:26,2075147532823970028,0.04444801126016285,,,,
2025-09-05 07:34:52.000,2025-09-05 07:35:26,2075147532824035564,,,60.0,,
2025-09-05 07:35:53.000,2025-09-05 07:36:26,2075147787355373804,,,60.0,,
2025-09-05 07:36:53.000,2025-09-05 07:37:27,2075148042427793644,,,60.0,,
2025-09-05 07:38:08.000,2025-09-05 08:02:53,2075154443229200620,,,60.0,,
2025-09-05 08:02:02.000,2025-09-05 08:02:53,2075154443229233388,,,60.0,,
2025-09-05 08:02:54.000,2025-09-05 08:03:54,2075154698079322348,0.0,,,,
2025-09-05 08:03:02.000,2025-09-05 08:03:54,2075154698079338732,,,60.0,,
2025-09-05 08:04:03.000,2025-09-05 08:04:55,2075154955118903532,,,60.0,,
2025-09-05 08:05:03.000,2025-09-05 08:05:55,2075155206210896108,,,60.0,,
2025-09-05 08:06:04.000,2025-09-05 08:06:56,2075155461006491884,,,60.0,,
2025-09-05 08:07:04.000,2025-09-05 08:07:33,2075155615839207660,,,60.0,,
2025-09-05 08:35:54.000,2025-09-05 08:36:44,2075162960640131308,,,60.0,,
2025-09-05 08:36:54.000,2025-09-05 08:37:28,2075163144925331692,,,60.0,,
2025-09-05 08:37:06.000,2025-09-05 08:37:07,2075163056492511468,,62.0,,,
2025-09-05 08:37:06.000,2025-09-05 08:37:28,2075163144925511916,,,,,5.0
2025-09-05 08:37:16.000,2025-09-05 08:38:29,2075163399733379308,4.937433250816424,,,,
2025-09-05 08:37:17.000,2025-09-05 08:38:29,2075163399733395692,,,,,4.0
2025-09-05 08:37:27.000,2025-09-05 08:38:29,2075163399733444844,,,,,8.0
2025-09-05 08:37:38.000,2025-09-05 08:38:29,2075163399733461228,,,,,4.0
2025-09-05 08:37:48.000,2025-09-05 08:38:29,2075163399733493996,,,,,1.0
2025-09-05 08:37:55.001,2025-09-05 08:38:29,2075163399733526764,,,60.0,555020.0,
2025-09-05 08:37:58.001,2025-09-05 08:38:29,2075163399733641452,,,,,0.0
2025-09-05 08:38:08.000,2025-09-05 08:38:29,2075163401771811052,,59.0,,,
2025-09-05 08:38:29.000,2025-09-05 08:39:30,2075163655531446508,5.372653361072184,,,,6.0
2025-09-05 08:38:40.000,2025-09-05 08:39:30,2075163655531479276,,,,,5.0
2025-09-05 08:38:50.000,2025-09-05 08:39:30,2075163655531512044,,,,,0.0
2025-09-05 08:38:56.000,2025-09-05 08:39:30,2075163655531528428,,,60.0,555030.0,
2025-09-05 08:39:00.000,2025-09-05 08:39:30,2075163655531561196,,,,,16.0
2025-09-05 08:39:04.000,2025-09-05 08:39:30,2075163655531577580,28.231895152080106,,,,
2025-09-05 08:39:10.000,2025-09-05 08:39:11,2075163576749785324,,62.0,,,
2025-09-05 08:39:11.000,2025-09-05 08:40:31,2075163910792560876,,,,,38.0
2025-09-05 08:39:23.000,2025-09-05 08:40:31,2075163910792610028,37.40300147542705,,,,
2025-09-05 08:39:42.000,2025-09-05 08:40:31,2075163910792659180,,,,,29.0
2025-09-05 08:39:47.000,2025-09-05 08:40:31,2075163910792675564,18.74965274991203,,,,
2025-09-05 08:39:52.000,2025-09-05 08:40:31,2075163910792691948,,,,,14.0
2025-09-05 08:39:56.000,2025-09-05 08:40:31,2075163910792708332,,,60.0,555050.0,
2025-09-05 08:39:58.000,2025-09-05 08:40:31,2075163910792741100,14.647471710692834,,,,
2025-09-05 08:40:03.000,2025-09-05 08:40:31,2075163910792757484,,,,,17.0
2025-09-05 08:40:11.000,2025-09-05 08:40:12,2075163833147588844,,56.99999999999999,,,
2025-09-05 08:40:23.000,2025-09-05 08:41:31,2075164166355747052,,,,,19.0
2025-09-05 08:40:30.000,2025-09-05 08:41:31,2075164166355779820,21.86101353812343,,,,
2025-09-05 08:40:34.000,2025-09-05 08:41:31,2075164166355796204,,,,,27.0
2025-09-05 08:40:44.000,2025-09-05 08:41:31,2075164166355828972,,,,,30.000000000000004
2025-09-05 08:40:54.000,2025-09-05 08:41:31,2075164166355845356,,,,,32.0
2025-09-05 08:40:56.000,2025-09-05 08:41:31,2075164166355861740,,,60.0,555070.0,
2025-09-05 08:41:05.000,2025-09-05 08:41:31,2075164166355894508,,,,,30.000000000000004
2025-09-05 08:41:12.000,2025-09-05 08:41:13,2075164090250035436,,64.0,,,
2025-09-05 08:41:15.000,2025-09-05 08:42:33,2075164424972288236,,,,,28.0
2025-09-05 08:41:21.000,2025-09-05 08:42:33,2075164424972321004,17.999592559896783,,,,
2025-09-05 08:41:26.000,2025-09-05 08:42:33,2075164424972337388,,,,,36.0
2025-09-05 08:41:36.000,2025-09-05 08:42:33,2075164424972370156,,,,,38.0
2025-09-05 08:41:46.000,2025-09-05 08:42:33,2075164424972402924,,,,,40.0
2025-09-05 08:41:57.000,2025-09-05 08:42:33,2075164424972419308,,,60.0,555120.0,38.0
2025-09-05 08:42:07.000,2025-09-05 08:42:33,2075164424972517612,,,,,34.0
2025-09-05 08:42:10.000,2025-09-05 08:42:33,2075164424972566764,35.22504892367906,,,,
2025-09-05 08:42:13.000,2025-09-05 08:42:16,2075164351525814508,,56.00000000000001,,,
2025-09-05 08:42:18.000,2025-09-05 08:43:33,2075164675099607276,,,,,44.0
2025-09-05 08:42:28.000,2025-09-05 08:43:33,2075164675099623660,,,,,47.0
2025-09-05 08:42:39.000,2025-09-05 08:43:33,2075164675099640044,,,,,41.0
2025-09-05 08:42:49.000,2025-09-05 08:43:33,2075164675099656428,,,,,43.0
2025-09-05 08:42:57.000,2025-09-05 08:43:33,2075164675099672812,,,60.0,555180.0,
2025-09-05 08:42:59.000,2025-09-05 08:43:33,2075164675099705580,,,,,37.0
2025-09-05 08:43:10.000,2025-09-05 08:43:33,2075164675099721964,,,,,25.0
2025-09-05 08:43:14.000,2025-09-05 08:43:15,2075164601116262636,,53.0,,,
2025-09-05 08:43:15.000,2025-09-05 08:44:23,2075164884798013676,16.455024168606123,,,,
2025-09-05 08:43:20.000,2025-09-05 08:44:23,2075164884798062828,,,,,28.0
2025-09-05 08:43:30.000,2025-09-05 08:44:23,2075164884798095596,,,,,17.0
2025-09-05 08:43:33.000,2025-09-05 08:44:23,2075164884798128364,10.628630692586443,,,,
2025-09-05 08:43:41.000,2025-09-05 08:44:23,2075164884798144748,,,,,0.0
2025-09-05 08:43:56.000,2025-09-05 08:44:23,2075164884798554348,,,,555250.0,
2025-09-05 08:43:58.000,2025-09-05 08:44:23,2075164884798603500,,,60.0,,
2025-09-05 08:44:59.000,2025-09-05 08:45:24,2075165139874709740,,,60.0,,
2025-09-05 08:45:04.000,2025-09-05 08:46:25,2075165396217905388,0.09074802298949916,,,,
2025-09-05 08:45:59.000,2025-09-05 08:46:25,2075165396218036460,,,60.0,,
2025-09-05 08:47:00.000,2025-09-05 08:47:26,2075165651579814124,,,60.0,,
2025-09-05 08:48:00.000,2025-09-05 08:48:26,2075165906580898028,,,60.0,,
2025-09-05 08:49:01.000,2025-09-05 08:49:27,2075166161930223852,,,60.0,,
2025-09-05 08:50:01.000,2025-09-05 08:50:28,2075166417950441708,,,60.0,,
2025-09-05 08:50:04.000,2025-09-05 08:50:28,2075166417950474476,0.0,,,,
2025-09-05 10:44:27.000,2025-09-05 10:45:23,2075195336212644076,,,60.0,,
2025-09-05 10:45:20.001,2025-09-05 10:46:40,2075195658771595500,26.850302802076712,,,,
2025-09-05 10:45:23.000,2025-09-05 10:45:24,2075195339177984236,,57.99999999999999,,,
2025-09-05 10:45:29.000,2025-09-05 10:46:40,2075195658771742956,,,60.0,555260.0,
2025-09-05 10:45:30.000,2025-09-05 10:46:40,2075195658771759340,,,,,13.0
2025-09-05 10:45:34.000,2025-09-05 10:46:40,2075195658771775724,11.967627031798848,,,,
2025-09-05 10:45:40.000,2025-09-05 10:46:40,2075195658771792108,,,,,17.0
2025-09-05 10:45:51.000,2025-09-05 10:46:40,2075195658771808492,,,,,26.0
2025-09-05 10:46:01.000,2025-09-05 10:46:40,2075195658771841260,,,,,41.0
2025-09-05 10:46:11.000,2025-09-05 10:46:40,2075195658771857644,,,,,47.0
2025-09-05 10:46:22.000,2025-09-05 10:47:36,2075195893044248812,,,,,55.0
2025-09-05 10:46:24.000,2025-09-05 10:46:26,2075195599057060076,,56.99999999999999,,,
2025-09-05 10:46:29.000,2025-09-05 10:47:36,2075195893048426732,,,60.0,555270.0,
2025-09-05 10:46:32.000,2025-09-05 10:47:36,2075195893048459500,,,,,49.0
2025-09-05 10:46:41.000,2025-09-05 10:47:36,2075195893048475884,39.73837406705477,,,,
2025-09-05 10:46:43.000,2025-09-05 10:47:36,2075195893048492268,,,,,43.0
2025-09-05 10:46:53.000,2025-09-05 10:47:36,2075195893048508652,,,,,46.0
2025-09-05 10:47:03.000,2025-09-05 10:47:36,2075195893048557804,,,,,55.0
2025-09-05 10:47:14.000,2025-09-05 10:47:36,2075195893048574188,,,,,42.0
2025-09-05 10:47:21.000,2025-09-05 10:48:37,2075196149257470188,25.337218418762,,,,
2025-09-05 10:47:24.000,2025-09-05 10:48:37,2075196149257486572,,,,,34.0
2025-09-05 10:47:25.000,2025-09-05 10:47:27,2075195856084009196,,51.0,,,
2025-09-05 10:47:29.000,2025-09-05 10:48:37,2075196149257519340,,,60.0,,
2025-09-05 10:47:35.000,2025-09-05 10:48:37,2075196149257552108,,,,,53.0
2025-09-05 10:47:45.000,2025-09-05 10:48:37,2075196149257584876,,,,,57.0
2025-09-05 10:47:53.000,2025-09-05 10:48:37,2075196149257617644,36.50107724693957,,,,
2025-09-05 10:47:55.000,2025-09-05 10:48:37,2075196149257634028,,,,,36.0
2025-09-05 10:48:06.000,2025-09-05 10:48:37,2075196149257666796,,,,,42.0
2025-09-05 10:48:16.000,2025-09-05 10:48:37,2075196149257715948,3.537320896121294,,,,1.0
2025-09-05 10:48:25.000,2025-09-05 10:49:38,2075196404078264556,38.28640569922278,,,,
2025-09-05 10:48:26.000,2025-09-05 10:49:38,2075196404078280940,,,,,43.0
2025-09-05 10:48:27.000,2025-09-05 10:48:28,2075196112397926636,,51.0,,,
2025-09-05 10:48:29.000,2025-09-05 10:49:38,2075196404078313708,,,60.0,555360.0,
2025-09-05 10:48:37.000,2025-09-05 10:49:38,2075196404078346476,,,,,50.0
2025-09-05 10:48:39.000,2025-09-05 10:49:38,2075196404078362860,50.56516880984277,,,,
2025-09-05 10:48:47.000,2025-09-05 10:49:38,2075196404078379244,,,,,49.0
2025-09-05 10:48:57.000,2025-09-05 10:49:38,2075196404078412012,,,,,34.0
2025-09-05 10:49:08.000,2025-09-05 10:49:38,2075196404078444780,,,,,33.0
2025-09-05 10:49:18.000,2025-09-05 10:50:38,2075196659557466348,,,,,34.0
2025-09-05 10:49:28.000,2025-09-05 10:49:29,2075196368162390252,,67.0,,,
2025-09-05 10:49:29.000,2025-09-05 10:50:38,2075196659557515500,,,,,22.0
2025-09-05 10:49:30.000,2025-09-05 10:50:38,2075196659557531884,,,60.0,555420.0,
2025-09-05 10:49:39.000,2025-09-05 10:50:38,2075196659557581036,,,,,23.0
2025-09-05 10:49:49.000,2025-09-05 10:50:38,2075196659557597420,16.299456129195555,,,,16.0
2025-09-05 10:50:00.000,2025-09-05 10:50:38,2075196659557630188,,,,,22.0
2025-09-05 10:50:01.000,2025-09-05 10:50:38,2075196659557646572,21.494317445227086,,,,
2025-09-05 10:50:10.000,2025-09-05 10:50:38,2075196659557662956,18.01996456505769,,,,15.000000000000002
2025-09-05 10:50:20.000,2025-09-05 10:51:39,2075196914105581804,,,,,23.0
2025-09-05 10:50:22.000,2025-09-05 10:51:39,2075196914105614572,28.074475112200364,,,,
2025-09-05 10:50:29.000,2025-09-05 10:50:30,2075196624321118444,,57.99999999999999,,,
2025-09-05 10:50:31.000,2025-09-05 10:51:39,2075196914105647340,,,60.0,555430.0,26.0
2025-09-05 10:50:32.000,2025-09-05 10:51:39,2075196914105680108,28.620815250606533,,,,
2025-09-05 10:50:39.000,2025-09-05 10:51:39,2075196914105696492,32.8711563273596,,,,
2025-09-05 10:50:41.000,2025-09-05 10:51:39,2075196914105712876,,,,,35.0
2025-09-05 10:50:45.000,2025-09-05 10:51:39,2075196914105729260,37.3992974744887,,,,
2025-09-05 10:50:51.000,2025-09-05 10:51:39,2075196914105745644,,,,,42.0
2025-09-05 10:51:01.000,2025-09-05 10:51:39,2075196914105762028,41.33294647101311,,,,
2025-09-05 10:51:12.000,2025-09-05 10:51:39,2075196914105794796,,,,,44.0
2025-09-05 10:51:20.000,2025-09-05 10:52:40,2075197168259449068,39.7291140647089,,,,
2025-09-05 10:51:23.000,2025-09-05 10:52:40,2075197168259465452,,,,,32.0
2025-09-05 10:51:29.000,2025-09-05 10:52:40,2075197168259481836,37.41596547871126,,,,
2025-09-05 10:51:30.000,2025-09-05 10:51:31,2075196880005906668,,50.0,,,
2025-09-05 10:51:31.000,2025-09-05 10:52:40,2075197168259498220,,,60.0,555440.0,
2025-09-05 10:51:33.000,2025-09-05 10:52:40,2075197168259530988,,,,,51.0
2025-09-05 10:51:37.000,2025-09-05 10:52:40,2075197168259547372,49.966972658299746,,,,
2025-09-05 10:51:41.000,2025-09-05 10:52:40,2075197168259563756,48.894664386648316,,,,
2025-09-05 10:51:53.000,2025-09-05 10:52:40,2075197168259596524,,,,,44.0
2025-09-05 10:52:04.000,2025-09-05 10:52:40,2075197168259662060,,,,,59.0
2025-09-05 10:52:14.000,2025-09-05 10:52:40,2075197168259678444,,,,,63.0
2025-09-05 10:52:25.000,2025-09-05 10:53:41,2075197424309141740,,,,,60.99999999999999
2025-09-05 10:52:31.000,2025-09-05 10:52:32,2075197134243627244,,66.0,,,
2025-09-05 10:52:31.000,2025-09-05 10:53:41,2075197424309158124,,,60.0,555540.0,
2025-09-05 10:52:35.000,2025-09-05 10:53:41,2075197424309223660,,,,,64.0
2025-09-05 10:52:45.000,2025-09-05 10:53:41,2075197424309240044,,,,,62.0
2025-09-05 10:52:52.000,2025-09-05 10:53:41,2075197424309272812,64.81816442060166,,,,
2025-09-05 10:52:56.000,2025-09-05 10:53:41,2075197424309289196,,,,,71.0
2025-09-05 10:53:05.000,2025-09-05 10:53:41,2075197424309354732,71.48907011056444,,,,
2025-09-05 10:53:06.000,2025-09-05 10:53:41,2075197424309371116,,,,,72.0
2025-09-05 10:53:17.000,2025-09-05 10:53:41,2075197424309387500,,,,,68.0
2025-09-05 10:53:27.000,2025-09-05 10:54:41,2075197678093877484,,,,,59.0
2025-09-05 10:53:31.000,2025-09-05 10:53:32,2075197387642503404,,67.0,,,
2025-09-05 10:53:31.000,2025-09-05 10:54:41,2075197678093893868,,,60.0,555560.0,
2025-09-05 10:53:33.000,2025-09-05 10:54:41,2075197678093926636,47.016735910906434,,,,
2025-09-05 10:53:48.000,2025-09-05 10:54:41,2075197678093975788,,,,,75.0
2025-09-05 10:53:58.000,2025-09-05 10:54:41,2075197678094008556,,,,,67.0
2025-09-05 10:54:08.000,2025-09-05 10:54:41,2075197678094041324,,,,,66.0
2025-09-05 10:54:19.000,2025-09-05 10:54:41,2075197678094057708,,,,,55.0
2025-09-05 10:54:29.000,2025-09-05 10:55:42,2075197932566511852,,,,,64.0
2025-09-05 10:54:31.000,2025-09-05 10:55:42,2075197932566528236,,,60.0,555610.0,
2025-09-05 10:54:32.000,2025-09-05 10:54:33,2075197644577177836,,67.0,,,
2025-09-05 10:54:39.000,2025-09-05 10:55:42,2075197932566577388,,,,,56.0
2025-09-05 10:54:43.000,2025-09-05 10:55:42,2075197932566593772,56.111910215017254,,,,
2025-09-05 10:54:50.000,2025-09-05 10:55:42,2075197932566610156,,,,,52.0
2025-09-05 10:54:51.000,2025-09-05 10:55:42,2075197932566626540,52.86720539302537,,,,
2025-09-05 10:55:00.000,2025-09-05 10:55:42,2075197932566659308,,,,,60.00000000000001
2025-09-05 10:55:11.000,2025-09-05 10:55:42,2075197932566692076,,,,,68.0
2025-09-05 10:55:21.000,2025-09-05 10:55:42,2075197932566839532,,,,,72.0
2025-09-05 10:55:31.000,2025-09-05 10:56:45,2075198198577627372,,,60.0,555660.0,66.0
2025-09-05 10:55:33.000,2025-09-05 10:55:38,2075197917592813804,,56.00000000000001,,,
2025-09-05 10:55:42.000,2025-09-05 10:56:45,2075198198577676524,,,,,60.00000000000001
2025-09-05 10:55:52.000,2025-09-05 10:56:45,2075198198577692908,,,,,53.0
2025-09-05 10:56:02.000,2025-09-05 10:56:45,2075198198577725676,,,,,60.00000000000001
2025-09-05 10:56:11.000,2025-09-05 10:56:45,2075198198577742060,61.66420762159927,,,,
2025-09-05 10:56:13.000,2025-09-05 10:56:45,2075198198577758444,,,,,62.0
2025-09-05 10:56:23.000,2025-09-05 10:57:45,2075198447425683692,63.06061597535604,,,,63.0
2025-09-05 10:56:32.000,2025-09-05 10:57:45,2075198447425700076,,,60.0,555740.0,
2025-09-05 10:56:34.000,2025-09-05 10:56:36,2075198161185423596,,56.00000000000001,,,
2025-09-05 10:56:34.000,2025-09-05 10:57:45,2075198447425732844,,,,,60.00000000000001
2025-09-05 10:56:43.000,2025-09-05 10:57:45,2075198447425765612,56.5971343379407,,,,
2025-09-05 10:56:44.000,2025-09-05 10:57:45,2075198447425781996,,,,,58.0
2025-09-05 10:56:53.000,2025-09-05 10:57:45,2075198447425798380,60.08815522233266,,,,
2025-09-05 10:56:54.000,2025-09-05 10:57:45,2075198447425814764,,,,,60.99999999999999
2025-09-05 10:57:15.000,2025-09-05 10:57:45,2075198447425863916,54.291393753819754,,,,55.0
2025-09-05 10:57:26.000,2025-09-05 10:58:49,2075198717203316972,,,,,48.0
2025-09-05 10:57:32.000,2025-09-05 10:58:49,2075198717203333356,,,60.0,555830.0,
2025-09-05 10:57:33.000,2025-09-05 10:58:49,2075198717203349740,51.904165149055174,,,,
2025-09-05 10:57:35.000,2025-09-05 10:57:38,2075198417339941100,,62.0,,,
2025-09-05 10:57:36.000,2025-09-05 10:58:49,2075198717203366124,,,,,57.0
2025-09-05 10:57:43.000,2025-09-05 10:58:49,2075198717203398892,57.241630501213066,,,,
2025-09-05 10:57:46.000,2025-09-05 10:58:49,2075198717203415276,,,,,51.0
2025-09-05 10:57:57.000,2025-09-05 10:58:49,2075198717203464428,,,,,59.0
2025-09-05 10:58:07.000,2025-09-05 10:58:49,2075198717203513580,,,,,68.0
2025-09-05 10:58:17.000,2025-09-05 10:58:49,2075198717203529964,,,,,73.0
2025-09-05 10:58:28.000,2025-09-05 10:59:45,2075198952285667564,,,,,75.0
2025-09-05 10:58:32.000,2025-09-05 10:59:45,2075198952285864172,,,60.0,555850.0,
2025-09-05 10:58:36.000,2025-09-05 10:58:38,2075198672550756588,,48.0,,,
2025-09-05 10:58:38.000,2025-09-05 10:59:45,2075198952285896940,,,,,63.0
2025-09-05 10:58:47.000,2025-09-05 10:59:45,2075198952285929708,63.44027607153662,,,,
2025-09-05 10:58:49.000,2025-09-05 10:59:45,2075198952285946092,,,,,66.0
2025-09-05 10:58:59.000,2025-09-05 10:59:45,2075198952285962476,,,,,73.0
2025-09-05 10:59:09.000,2025-09-05 10:59:45,2075198952285995244,,,,,69.0
2025-09-05 10:59:20.000,2025-09-05 10:59:45,2075198952286011628,,,,,67.0
2025-09-05 10:59:30.000,2025-09-05 11:00:45,2075199202786296044,,,,,65.0
2025-09-05 10:59:32.000,2025-09-05 11:00:45,2075199202786312428,,,59.0,556040.0,
2025-09-05 10:59:37.000,2025-09-05 10:59:38,2075198921763717356,,59.0,,,
2025-09-05 10:59:41.000,2025-09-05 11:00:45,2075199202786361580,,,,,73.0
2025-09-05 10:59:51.000,2025-09-05 11:00:45,2075199202786377964,,,,,72.0
2025-09-05 11:00:01.000,2025-09-05 11:00:45,2075199202786410732,,,,,62.0
2025-09-05 11:00:12.000,2025-09-05 11:00:45,2075199202786459884,,,,,65.0
2025-09-05 11:00:15.000,2025-09-05 11:00:45,2075199202786476268,61.51789958453456,,,,
2025-09-05 11:00:22.000,2025-09-05 11:00:45,2075199202786590956,,,,,56.0
2025-09-05 11:00:32.000,2025-09-05 11:03:25,2075199875032563948,,,59.0,556130.0,63.0
2025-09-05 11:00:36.000,2025-09-05 11:03:25,2075199875032596716,61.714211634266945,,,,
2025-09-05 11:00:37.000,2025-09-05 11:00:40,2075199184260038892,,56.99999999999999,,,
2025-09-05 11:00:43.000,2025-09-05 11:03:25,2075199875032629484,,,,,71.0
2025-09-05 11:00:53.000,2025-09-05 11:03:25,2075199875032645868,,,,,72.0
2025-09-05 11:01:04.000,2025-09-05 11:03:25,2075199875032662252,,,,,69.0
2025-09-05 11:01:14.000,2025-09-05 11:03:25,2075199875032695020,,,,,68.0
2025-09-05 11:01:33.000,2025-09-05 11:03:25,2075199875032760556,,,59.0,556220.0,
2025-09-05 11:01:38.000,2025-09-05 11:02:18,2075199593846505708,,63.0,,,
2025-09-05 11:01:45.000,2025-09-05 11:03:25,2075199875032826092,,,,,65.0
2025-09-05 11:01:56.000,2025-09-05 11:03:25,2075199875032842476,,,,,73.0
2025-09-05 11:02:06.000,2025-09-05 11:03:25,2075199875032875244,70.90383796230562,,,,71.0
2025-09-05 11:02:16.000,2025-09-05 11:03:25,2075199875032891628,,,,,70.0
2025-09-05 11:02:33.000,2025-09-05 11:03:25,2075199875032924396,,,59.0,556290.0,
2025-09-05 11:02:37.000,2025-09-05 11:03:25,2075199875032957164,,,,,72.0
2025-09-05 11:02:39.000,2025-09-05 11:02:40,2075199687454884076,,62.0,,,
2025-09-05 11:02:47.000,2025-09-05 11:03:25,2075199875033039084,,,,,71.0
2025-09-05 11:02:58.000,2025-09-05 11:03:25,2075199875033055468,,,,,69.0
2025-09-05 11:03:08.000,2025-09-05 11:04:26,2075200129257717996,,,,,71.0
2025-09-05 11:03:19.000,2025-09-05 11:04:26,2075200129257734380,,,,,70.0
2025-09-05 11:03:29.000,2025-09-05 11:04:26,2075200129257767148,,,,,66.0
2025-09-05 11:03:33.000,2025-09-05 11:04:26,2075200129257799916,,,59.0,556310.0,
2025-09-05 11:03:35.000,2025-09-05 11:04:26,2075200129257816300,68.7351454129035,,,,
2025-09-05 11:03:39.000,2025-09-05 11:04:26,2075200129257849068,,,,,69.0
2025-09-05 11:03:40.000,2025-09-05 11:03:42,2075199948130877676,,59.0,,,
2025-09-05 11:03:50.000,2025-09-05 11:04:26,2075200129257914604,,,,,64.0
2025-09-05 11:04:00.000,2025-09-05 11:04:26,2075200129257947372,,,,,60.00000000000001
2025-09-05 11:04:10.000,2025-09-05 11:05:25,2075200377250152684,,,,,53.0
2025-09-05 11:04:21.000,2025-09-05 11:05:25,2075200377250169068,,,,,47.0
2025-09-05 11:04:31.000,2025-09-05 11:05:25,2075200377250218220,,,,,21.0
2025-09-05 11:04:33.000,2025-09-05 11:05:25,2075200377250234604,24.127862112391735,,,,
2025-09-05 11:04:34.000,2025-09-05 11:05:25,2075200377250250988,,,59.0,556330.0,
2025-09-05 11:04:39.000,2025-09-05 11:05:25,2075200377250283756,34.46017272991043,,,,
2025-09-05 11:04:41.000,2025-09-05 11:04:52,2075200241354670316,,54.0,,,
2025-09-05 11:04:41.000,2025-09-05 11:05:25,2075200377250300140,,,,,41.0
2025-09-05 11:04:52.000,2025-09-05 11:05:25,2075200377250349292,,,,,52.0
2025-09-05 11:04:57.000,2025-09-05 11:05:25,2075200377250365676,57.528690573934945,,,,
2025-09-05 11:05:02.000,2025-09-05 11:05:25,2075200377250382060,,,,,64.0
2025-09-05 11:05:13.000,2025-09-05 11:06:27,2075200637968089324,,,,,71.0
2025-09-05 11:05:23.000,2025-09-05 11:06:27,2075200637968171244,,,,,70.0
2025-09-05 11:05:33.000,2025-09-05 11:06:27,2075200637968204012,,,,,71.0
2025-09-05 11:05:34.000,2025-09-05 11:06:27,2075200637968220396,,,59.0,556360.0,
2025-09-05 11:05:42.000,2025-09-05 11:05:45,2075200460528025836,,57.99999999999999,,,
2025-09-05 11:05:44.000,2025-09-05 11:06:27,2075200637968253164,,,,,72.0
2025-09-05 11:06:04.000,2025-09-05 11:06:27,2075200637968302316,,,,,70.0
2025-09-05 11:06:15.000,2025-09-05 11:07:28,2075200893577347308,,,,,71.0
2025-09-05 11:06:25.000,2025-09-05 11:07:28,2075200893577363692,,,,,69.0
2025-09-05 11:06:27.000,2025-09-05 11:07:28,2075200893577380076,68.07953724681612,,,,
2025-09-05 11:06:35.000,2025-09-05 11:07:28,2075200893577396460,,,59.0,,
2025-09-05 11:06:36.000,2025-09-05 11:07:28,2075200893577412844,,,,,67.0
2025-09-05 11:06:41.000,2025-09-05 11:07:28,2075200893577445612,66.92018495311352,,,,
2025-09-05 11:06:43.000,2025-09-05 11:06:45,2075200715201970412,,63.0,,,
2025-09-05 11:06:46.000,2025-09-05 11:07:28,2075200893577478380,,,,,68.0
2025-09-05 11:06:56.000,2025-09-05 11:07:28,2075200893577494764,,,,,71.0
2025-09-05 11:07:07.000,2025-09-05 11:08:29,2075201148993667308,,,,,72.0
2025-09-05 11:07:17.000,2025-09-05 11:08:29,2075201148993700076,,,,,63.0
2025-09-05 11:07:28.000,2025-09-05 11:08:29,2075201148993716460,,,,,59.0
2025-09-05 11:07:34.000,2025-09-05 11:08:29,2075201148993732844,61.240099514158544,,,,
2025-09-05 11:07:35.000,2025-09-05 11:08:29,2075201148993749228,,,59.0,,
2025-09-05 11:07:44.000,2025-09-05 11:07:46,2075200970635084012,,56.99999999999999,,,
2025-09-05 11:07:48.000,2025-09-05 11:08:29,2075201148993814764,,,,,62.0
2025-09-05 11:07:59.000,2025-09-05 11:08:29,2075201148993831148,,,,,53.0
2025-09-05 11:08:09.000,2025-09-05 11:09:31,2075201407966953708,,,,,40.0
2025-09-05 11:08:19.000,2025-09-05 11:09:31,2075201407966986476,,,,,18.0
2025-09-05 11:08:30.000,2025-09-05 11:09:31,2075201407967183084,,,,,0.0
2025-09-05 11:08:36.000,2025-09-05 11:09:31,2075201407967330540,,,60.0,556370.0,
2025-09-05 11:08:40.000,2025-09-05 11:09:31,2075201407967363308,,,,,34.0
2025-09-05 11:08:44.000,2025-09-05 11:08:45,2075201218208071916,,66.0,,,
2025-09-05 11:08:50.000,2025-09-05 11:09:31,2075201407967412460,,,,,12.0
2025-09-05 11:09:01.000,2025-09-05 11:09:31,2075201407967445228,,,,,36.0
2025-09-05 11:09:04.000,2025-09-05 11:09:31,2075201407967461612,36.69924129714113,,,,
2025-09-05 11:09:11.000,2025-09-05 11:10:30,2075201655787241708,,,,,22.0
2025-09-05 11:09:21.000,2025-09-05 11:10:30,2075201655787274476,,,,,12.0
2025-09-05 11:09:32.000,2025-09-05 11:10:30,2075201655787340012,,,,,38.0
2025-09-05 11:09:36.000,2025-09-05 11:10:30,2075201655787356396,,,60.0,556390.0,
2025-09-05 11:09:42.000,2025-09-05 11:10:30,2075201655787405548,,,,,42.0
2025-09-05 11:09:46.000,2025-09-05 11:09:48,2075201481149006060,,63.0,,,
2025-09-05 11:09:52.000,2025-09-05 11:10:30,2075201655787487468,,,,,35.0
2025-09-05 11:10:01.000,2025-09-05 11:10:30,2075201655787553004,9.647070443924513,,,,
2025-09-05 11:10:03.000,2025-09-05 11:10:30,2075201655787569388,,,,,3.0
2025-09-05 11:10:13.000,2025-09-05 11:11:36,2075201935278883052,30.572823745115347,,,,34.0
2025-09-05 11:10:23.000,2025-09-05 11:11:36,2075201935278899436,,,,,48.0
2025-09-05 11:10:34.000,2025-09-05 11:11:36,2075201935279014124,,,,,60.99999999999999
2025-09-05 11:10:37.000,2025-09-05 11:11:36,2075201935279030508,,,60.0,556430.0,
2025-09-05 11:10:44.000,2025-09-05 11:11:36,2075201935279079660,,,,,55.0
2025-09-05 11:10:46.000,2025-09-05 11:10:49,2075201735588053228,,59.0,,,
2025-09-05 11:10:54.000,2025-09-05 11:11:36,2075201935279145196,,,,,52.0
2025-09-05 11:11:05.000,2025-09-05 11:11:36,2075201935279177964,32.00997610919395,,,,31.0
2025-09-05 11:11:11.000,2025-09-05 11:12:31,2075202166364045548,41.0051423879694,,,,
2025-09-05 11:11:15.000,2025-09-05 11:12:31,2075202166364061932,,,,,42.0
2025-09-05 11:11:18.000,2025-09-05 11:12:31,2075202166364078316,36.04918913246125,,,,
2025-09-05 11:11:24.000,2025-09-05 11:12:31,2075202166364094700,39.05868989486811,,,,
2025-09-05 11:11:25.000,2025-09-05 11:12:31,2075202166364111084,,,,,38.0
2025-09-05 11:11:36.000,2025-09-05 11:12:31,2075202166364127468,,,,,83.0
2025-09-05 11:11:37.000,2025-09-05 11:12:31,2075202166364143852,,,60.0,556470.0,
2025-09-05 11:11:46.000,2025-09-05 11:12:31,2075202166364176620,,,,,97.0
2025-09-05 11:11:47.000,2025-09-05 11:11:51,2075201998508048620,,54.0,,,
2025-09-05 11:11:57.000,2025-09-05 11:12:31,2075202166364225772,,,,,107.0
2025-09-05 11:12:07.000,2025-09-05 11:12:31,2075202166364242156,,,,,105.0
2025-09-05 11:12:17.000,2025-09-05 11:13:34,2075202428231221484,,,,,97.0
2025-09-05 11:12:28.000,2025-09-05 11:13:34,2075202428231237868,,,,,99.0
2025-09-05 11:12:37.000,2025-09-05 11:13:34,2075202428231254252,,,59.0,556690.0,
2025-09-05 11:12:38.000,2025-09-05 11:13:34,2075202428231270636,,,,,98.0
2025-09-05 11:12:48.000,2025-09-05 11:12:51,2075202248551432428,,57.99999999999999,,,
2025-09-05 11:12:49.000,2025-09-05 11:13:34,2075202428231303404,,,,,99.0
2025-09-05 11:12:56.000,2025-09-05 11:13:34,2075202428231352556,100.45991344984475,,,,
2025-09-05 11:12:59.000,2025-09-05 11:13:34,2075202428231368940,,,,,100.0
2025-09-05 11:13:09.000,2025-09-05 11:13:34,2075202428231418092,,,,,98.0
2025-09-05 11:13:20.000,2025-09-05 11:14:34,2075202680963252460,,,,,95.0
2025-09-05 11:13:30.000,2025-09-05 11:14:34,2075202680963268844,,,,,96.0
2025-09-05 11:13:37.000,2025-09-05 11:14:34,2075202680963301612,,,59.0,556800.0,
2025-09-05 11:13:40.000,2025-09-05 11:14:34,2075202680963317996,,,,,97.0
2025-09-05 11:13:50.000,2025-09-05 11:13:52,2075202506400497900,,54.0,,,
2025-09-05 11:13:51.000,2025-09-05 11:14:34,2075202680963350764,,,,,89.0
2025-09-05 11:14:01.000,2025-09-05 11:14:34,2075202680963383532,,,,,88.0
2025-09-05 11:14:12.000,2025-09-05 11:14:34,2075202680963399916,,,,,95.0
2025-09-05 11:14:22.000,2025-09-05 11:15:39,2075202951768457452,,,,,102.0
2025-09-05 11:14:25.000,2025-09-05 11:15:39,2075202951768473836,100.76549352725837,,,,
2025-09-05 11:14:32.000,2025-09-05 11:15:39,2075202951768522988,,,,,100.0
2025-09-05 11:14:38.000,2025-09-05 11:15:39,2075202951768539372,,,59.0,556940.0,
2025-09-05 11:14:43.000,2025-09-05 11:15:39,2075202951768588524,,,,,96.0
2025-09-05 11:14:51.000,2025-09-05 11:14:53,2075202759342162156,,56.00000000000001,,,
2025-09-05 11:14:53.000,2025-09-05 11:15:39,2075202951768604908,,,,,88.0
2025-09-05 11:15:03.000,2025-09-05 11:15:39,2075202951768621292,,,,,89.0
2025-09-05 11:15:14.000,2025-09-05 11:16:34,2075203183637954796,,,,,97.0
2025-09-05 11:15:34.000,2025-09-05 11:16:34,2075203183638069484,,,,,94.0
2025-09-05 11:15:38.000,2025-09-05 11:16:34,2075203183638085868,,,59.0,557030.0,
2025-09-05 11:15:45.000,2025-09-05 11:16:34,2075203183638118636,,,,,92.0
2025-09-05 11:15:52.000,2025-09-05 11:15:56,2075203022664761580,,59.0,,,
2025-09-05 11:15:55.000,2025-09-05 11:16:34,2075203183638151404,93.38897565854052,,,,94.0
2025-09-05 11:16:05.000,2025-09-05 11:16:34,2075203183638184172,,,,,96.0
2025-09-05 11:16:16.000,2025-09-05 11:17:34,2075203436094292204,,,,,94.0
2025-09-05 11:16:26.000,2025-09-05 11:17:34,2075203436094308588,,,,,93.0
2025-09-05 11:16:37.000,2025-09-05 11:17:34,2075203436094324972,,,,,91.0
2025-09-05 11:16:38.000,2025-09-05 11:17:34,2075203436094341356,,,59.0,557180.0,
2025-09-05 11:16:53.000,2025-09-05 11:16:55,2075203273781936364,,56.99999999999999,,,
2025-09-05 11:16:57.000,2025-09-05 11:17:34,2075203436094406892,96.16327236136235,,,,98.0
2025-09-05 11:17:08.000,2025-09-05 11:17:34,2075203436094439660,,,,,101.0
2025-09-05 11:17:18.000,2025-09-05 11:18:35,2075203693073924332,,,,,100.0
2025-09-05 11:17:29.000,2025-09-05 11:18:35,2075203693073940716,,,,,101.0
2025-09-05 11:17:38.000,2025-09-05 11:18:35,2075203693073973484,,,59.0,557240.0,
2025-09-05 11:17:39.000,2025-09-05 11:18:35,2075203693073989868,,,,,90.0
2025-09-05 11:17:49.000,2025-09-05 11:18:35,2075203693074022636,,,,,87.0
2025-09-05 11:17:54.000,2025-09-05 11:17:57,2075203530506895596,,56.99999999999999,,,
2025-09-05 11:18:00.000,2025-09-05 11:18:35,2075203693074071788,,,,,84.0
2025-09-05 11:18:10.000,2025-09-05 11:18:35,2075203693074104556,,,,,100.0
2025-09-05 11:18:21.000,2025-09-05 11:19:36,2075203949484310764,,,,,103.0
2025-09-05 11:18:28.000,2025-09-05 11:19:36,2075203949484327148,95.00947606906729,,,,
2025-09-05 11:18:31.000,2025-09-05 11:19:36,2075203949484343532,,,,,94.0
2025-09-05 11:18:38.000,2025-09-05 11:19:36,2075203949484359916,,,59.0,557260.0,
2025-09-05 11:18:41.000,2025-09-05 11:19:36,2075203949484376300,,,,,87.0
2025-09-05 11:18:55.000,2025-09-05 11:18:59,2075203794265702636,,56.00000000000001,,,
2025-09-05 11:19:02.000,2025-09-05 11:19:36,2075203949484458220,,,,,85.0
2025-09-05 11:19:12.000,2025-09-05 11:19:36,2075203949484474604,,,,,90.0
2025-09-05 11:19:23.000,2025-09-05 11:20:37,2075204201578758380,,,,,91.0
2025-09-05 11:19:33.000,2025-09-05 11:20:37,2075204201578791148,,,,,95.0
2025-09-05 11:19:38.000,2025-09-05 11:20:37,2075204201578823916,,,59.0,557490.0,
2025-09-05 11:19:44.000,2025-09-05 11:20:37,2075204201578856684,,,,,86.0
2025-09-05 11:19:54.000,2025-09-05 11:20:37,2075204201578873068,,,,,85.0
2025-09-05 11:19:56.000,2025-09-05 11:19:58,2075204039972225260,,59.0,,,
2025-09-05 11:19:58.000,2025-09-05 11:20:37,2075204201578889452,84.9901535308389,,,,
2025-09-05 11:20:04.000,2025-09-05 11:20:37,2075204201578922220,,,,,87.0
2025-09-05 11:20:15.000,2025-09-05 11:20:37,2075204201578954988,,,,,98.0
2025-09-05 11:20:25.000,2025-09-05 11:21:39,2075204463269773548,,,,,95.0
2025-09-05 11:20:35.000,2025-09-05 11:21:39,2075204463269888236,,,,,93.0
2025-09-05 11:20:39.000,2025-09-05 11:21:39,2075204463269904620,,,57.99999999999999,557540.0,
2025-09-05 11:20:46.000,2025-09-05 11:21:39,2075204463269937388,,,,,90.0
2025-09-05 11:20:56.000,2025-09-05 11:21:39,2075204463269953772,,,,,88.0
2025-09-05 11:20:57.000,2025-09-05 11:20:59,2075204297070477548,,54.0,,,
2025-09-05 11:21:07.000,2025-09-05 11:21:39,2075204463270002924,,,,,87.0
2025-09-05 11:21:17.000,2025-09-05 11:21:39,2075204463270035692,,,,,94.0
2025-09-05 11:21:27.000,2025-09-05 11:22:39,2075204715599102188,,,,,92.0
2025-09-05 11:21:28.000,2025-09-05 11:22:39,2075204715599118572,91.01285905659097,,,,
2025-09-05 11:21:38.000,2025-09-05 11:22:39,2075204715599134956,,,,,98.0
2025-09-05 11:21:39.000,2025-09-05 11:22:39,2075204715599151340,,,57.99999999999999,557670.0,
2025-09-05 11:21:48.000,2025-09-05 11:22:39,2075204715599184108,,,,,96.0
2025-09-05 11:21:58.000,2025-09-05 11:22:00,2075204553455698156,,56.00000000000001,,,
2025-09-05 11:21:59.000,2025-09-05 11:22:39,2075204715599200492,,,,,95.0
2025-09-05 11:22:09.000,2025-09-05 11:22:39,2075204715599249644,,,,,92.0
2025-09-05 11:22:19.000,2025-09-05 11:23:39,2075204966129074412,,,,,95.0
2025-09-05 11:22:30.000,2025-09-05 11:23:39,2075204966129107180,,,,,98.0
2025-09-05 11:22:39.000,2025-09-05 11:23:39,2075204966129139948,,,57.99999999999999,557780.0,
2025-09-05 11:22:40.000,2025-09-05 11:23:39,2075204966129156332,,,,,95.0
2025-09-05 11:22:50.000,2025-09-05 11:23:39,2075204966129189100,,,,,92.0
2025-09-05 11:22:59.000,2025-09-05 11:23:01,2075204808431632620,,56.99999999999999,,,
2025-09-05 11:22:59.000,2025-09-05 11:23:39,2075204966129205484,92.2036953582695,,,,
2025-09-05 11:23:01.000,2025-09-05 11:23:39,2075204966129221868,,,,,94.0
2025-09-05 11:23:11.000,2025-09-05 11:23:39,2075204966129254636,,,,,98.0
2025-09-05 11:23:22.000,2025-09-05 11:24:40,2075205221813862636,,,,,97.0
2025-09-05 11:23:32.000,2025-09-05 11:24:40,2075205221818040556,,,,,96.0
2025-09-05 11:23:39.000,2025-09-05 11:24:40,2075205221818056940,,,57.99999999999999,557960.0,
2025-09-05 11:23:53.000,2025-09-05 11:24:40,2075205221818106092,,,,,94.0
2025-09-05 11:24:00.000,2025-09-05 11:24:03,2075205066578460908,,60.0,,,
2025-09-05 11:24:03.000,2025-09-05 11:24:40,2075205221818155244,,,,,97.0
2025-09-05 11:24:14.000,2025-09-05 11:24:40,2075205221818188012,,,,,98.0
2025-09-05 11:24:24.000,2025-09-05 11:25:41,2075205477431509228,,,,,93.0
2025-09-05 11:24:29.000,2025-09-05 11:25:41,2075205477431525612,89.57015069110484,,,,
2025-09-05 11:24:34.000,2025-09-05 11:25:41,2075205477431574764,,,,,85.0
2025-09-05 11:24:40.000,2025-09-05 11:25:41,2075205477431607532,,,57.99999999999999,558030.0,
2025-09-05 11:24:45.000,2025-09-05 11:25:41,2075205477431623916,,,,,82.0
2025-09-05 11:24:55.000,2025-09-05 11:25:41,2075205477431640300,,,,,85.0
2025-09-05 11:25:01.000,2025-09-05 11:25:03,2075205320841363692,,63.0,,,
2025-09-05 11:25:06.000,2025-09-05 11:25:41,2075205477431689452,,,,,82.0
2025-09-05 11:25:27.000,2025-09-05 11:26:43,2075205739005083884,83.95118126763259,,,,85.0
2025-09-05 11:25:37.000,2025-09-05 11:26:43,2075205739005182188,,,,,84.0
2025-09-05 11:25:40.000,2025-09-05 11:26:43,2075205739005198572,,,57.99999999999999,558040.0,
2025-09-05 11:25:47.000,2025-09-05 11:26:43,2075205739005231340,,,,,77.0
2025-09-05 11:25:58.000,2025-09-05 11:26:43,2075205739005280492,,,,,71.0
2025-09-05 11:26:02.000,2025-09-05 11:26:05,2075205577843163372,,56.00000000000001,,,
2025-09-05 11:26:08.000,2025-09-05 11:26:43,2075205739005329644,,,,,75.0
2025-09-05 11:26:18.000,2025-09-05 11:26:43,2075205739005362412,,,,,84.0
2025-09-05 11:26:29.000,2025-09-05 11:27:43,2075205991204405484,,,,,73.0
2025-09-05 11:26:39.000,2025-09-05 11:27:43,2075205991204421868,,,,,66.0
2025-09-05 11:26:40.000,2025-09-05 11:27:43,2075205991204438252,,,57.99999999999999,558080.0,
2025-09-05 11:26:49.000,2025-09-05 11:27:43,2075205991204487404,,,,,45.0
2025-09-05 11:26:58.000,2025-09-05 11:27:43,2075205991204520172,36.36588121268991,,,,
2025-09-05 11:27:00.000,2025-09-05 11:27:43,2075205991204536556,,,,,29.0
2025-09-05 11:27:03.000,2025-09-05 11:27:05,2075205831334297836,,57.99999999999999,,,
2025-09-05 11:27:10.000,2025-09-05 11:27:43,2075205991204618476,,,,,11.0
2025-09-05 11:27:21.000,2025-09-05 11:27:43,2075205991204651244,,,,,16.0
2025-09-05 11:27:29.000,2025-09-05 11:28:43,2075206241696694508,35.90843709680407,,,,
2025-09-05 11:27:31.000,2025-09-05 11:28:43,2075206241696710892,,,,,37.0
2025-09-05 11:27:40.000,2025-09-05 11:28:43,2075206241696727276,,,57.99999999999999,558100.0,
2025-09-05 11:27:41.000,2025-09-05 11:28:43,2075206241696743660,,,,,73.0
2025-09-05 11:27:52.000,2025-09-05 11:28:43,2075206241696792812,,,,,89.0
2025-09-05 11:27:54.000,2025-09-05 11:28:43,2075206241696809196,90.49244692475324,,,,
2025-09-05 11:28:03.000,2025-09-05 11:28:06,2075206086075351276,,54.0,,,
2025-09-05 11:28:13.000,2025-09-05 11:28:43,2075206241696874732,,,,,84.0
2025-09-05 11:28:23.000,2025-09-05 11:28:43,2075206241696907500,,,,,79.0
2025-09-05 11:28:33.000,2025-09-05 11:29:45,2075206502502744300,,,,,64.0
2025-09-05 11:28:41.000,2025-09-05 11:29:45,2075206502502777068,,,57.99999999999999,558290.0,
2025-09-05 11:28:44.000,2025-09-05 11:29:45,2075206502502793452,,,,,21.0
2025-09-05 11:28:54.000,2025-09-05 11:29:45,2075206502502842604,,,,,17.0
2025-09-05 11:29:05.000,2025-09-05 11:29:07,2075206342569623788,,56.99999999999999,,,
2025-09-05 11:29:05.000,2025-09-05 11:29:45,2075206502502858988,,,,,29.0
2025-09-05 11:29:07.000,2025-09-05 11:29:45,2075206502502875372,30.300579676146853,,,,
2025-09-05 11:29:15.000,2025-09-05 11:29:45,2075206502502908140,,,,,60.00000000000001
2025-09-05 11:29:25.000,2025-09-05 11:30:45,2075206753812742380,,,,,81.0
2025-09-05 11:29:36.000,2025-09-05 11:30:45,2075206753812775148,,,,,86.0
2025-09-05 11:29:41.000,2025-09-05 11:30:45,2075206753812807916,,,56.99999999999999,558360.0,
2025-09-05 11:29:46.000,2025-09-05 11:30:45,2075206753812824300,,,,,89.0
2025-09-05 11:29:57.000,2025-09-05 11:30:45,2075206753812840684,,,,,79.0
2025-09-05 11:30:06.000,2025-09-05 11:30:08,2075206598833225964,,62.0,,,
2025-09-05 11:30:07.000,2025-09-05 11:30:45,2075206753812857068,,,,,66.0
2025-09-05 11:30:17.000,2025-09-05 11:30:45,2075206753812922604,,,,,64.0
2025-09-05 11:30:28.000,2025-09-05 11:31:48,2075207017965830380,,,,,32.0
2025-09-05 11:30:37.000,2025-09-05 11:31:48,2075207017965846764,21.73878150715798,,,,
2025-09-05 11:30:38.000,2025-09-05 11:31:48,2075207017965879532,,,,,21.0
2025-09-05 11:30:42.000,2025-09-05 11:31:48,2075207017965945068,,,56.99999999999999,558370.0,
2025-09-05 11:30:48.000,2025-09-05 11:31:48,2075207017965977836,,,,,12.0
2025-09-05 11:30:58.000,2025-09-05 11:31:48,2075207017966026988,,,,,1.0
2025-09-05 11:31:09.000,2025-09-05 11:31:48,2075207017966223596,,,,,0.0
2025-09-05 11:31:13.000,2025-09-05 11:31:14,2075206875913126124,,48.0,,,
2025-09-05 11:31:15.000,2025-09-05 11:31:48,2075207017966354668,22.266601640872416,,,,
2025-09-05 11:31:19.000,2025-09-05 11:31:48,2075207017966387436,,,,,43.0
2025-09-05 11:31:21.000,2025-09-05 11:31:48,2075207017966403820,49.20580046546945,,,,
2025-09-05 11:31:29.000,2025-09-05 11:32:48,2075207270433554668,,,,,81.0
2025-09-05 11:31:39.000,2025-09-05 11:32:48,2075207270433571052,,,,,86.0
2025-09-05 11:31:43.000,2025-09-05 11:32:48,2075207270433587436,,,56.99999999999999,558490.0,
2025-09-05 11:31:50.000,2025-09-05 11:32:48,2075207270433620204,,,,,79.0
2025-09-05 11:32:00.000,2025-09-05 11:32:48,2075207270433636588,,,,,84.0
2025-09-05 11:32:05.000,2025-09-05 11:32:48,2075207270433652972,78.7322439455018,,,,
2025-09-05 11:32:11.000,2025-09-05 11:32:48,2075207270433685740,,,,,56.0
2025-09-05 11:32:13.000,2025-09-05 11:32:18,2075207143727857900,,56.99999999999999,,,
2025-09-05 11:32:21.000,2025-09-05 11:32:48,2075207270433751276,,,,,32.0
2025-09-05 11:32:31.000,2025-09-05 11:34:01,2075207574096986348,,,,,24.0
2025-09-05 11:32:42.000,2025-09-05 11:34:01,2075207574101164268,,,,,32.0
2025-09-05 11:32:43.000,2025-09-05 11:34:01,2075207574101180652,,,56.99999999999999,558560.0,
2025-09-05 11:32:45.000,2025-09-05 11:34:01,2075207574101197036,27.30959891843173,,,,
2025-09-05 11:32:52.000,2025-09-05 11:34:01,2075207574101229804,,,,,38.0
2025-09-05 11:33:02.000,2025-09-05 11:34:01,2075207574101246188,,,,,60.00000000000001
2025-09-05 11:33:13.000,2025-09-05 11:34:01,2075207574101278956,,,,,54.0
2025-09-05 11:33:14.000,2025-09-05 11:33:19,2075207400624767212,,60.0,,,
2025-09-05 11:33:23.000,2025-09-05 11:34:01,2075207574101344492,,,,,43.0
2025-09-05 11:33:28.000,2025-09-05 11:34:01,2075207574101360876,26.13543062097576,,,,
2025-09-05 11:33:33.000,2025-09-05 11:34:51,2075207783950598380,,,,,51.0
2025-09-05 11:33:43.000,2025-09-05 11:34:51,2075207783950614764,,,56.99999999999999,558590.0,
2025-09-05 11:33:44.000,2025-09-05 11:34:51,2075207783950631148,,,,,69.0
2025-09-05 11:33:54.000,2025-09-05 11:34:51,2075207783950680300,,,,,91.0
2025-09-05 11:34:05.000,2025-09-05 11:34:51,2075207783950696684,,,,,92.0
2025-09-05 11:34:15.000,2025-09-05 11:34:17,2075207643168784620,,53.0,,,
2025-09-05 11:34:15.000,2025-09-05 11:34:51,2075207783950713068,,,,,82.0
2025-09-05 11:34:25.000,2025-09-05 11:34:51,2075207783950778604,,,,,79.0
2025-09-05 11:34:36.000,2025-09-05 11:35:51,2075208036212818156,,,,,81.0
2025-09-05 11:34:43.000,2025-09-05 11:35:51,2075208036212834540,,,56.99999999999999,558740.0,
2025-09-05 11:34:46.000,2025-09-05 11:35:51,2075208036212850924,,,,,78.0
2025-09-05 11:34:57.000,2025-09-05 11:35:51,2075208036212883692,,,,,76.0
2025-09-05 11:34:59.000,2025-09-05 11:35:51,2075208036212900076,72.33173032403835,,,,
2025-09-05 11:35:07.000,2025-09-05 11:35:51,2075208036212916460,,,,,71.0
2025-09-05 11:35:16.000,2025-09-05 11:35:22,2075207914569597164,,56.99999999999999,,,
2025-09-05 11:35:18.000,2025-09-05 11:35:51,2075208036212949228,,,,,75.0
2025-09-05 11:35:28.000,2025-09-05 11:35:51,2075208036212981996,71.01495799045604,,,,71.0
2025-09-05 11:35:36.000,2025-09-05 11:36:52,2075208294045057260,51.152252958570756,,,,
2025-09-05 11:35:38.000,2025-09-05 11:36:52,2075208294045073644,,,,,45.0
2025-09-05 11:35:43.000,2025-09-05 11:36:52,2075208294045155564,13.615907449363222,,56.99999999999999,558830.0,
2025-09-05 11:35:49.000,2025-09-05 11:36:52,2075208294045188332,,,,,23.0
2025-09-05 11:35:53.000,2025-09-05 11:36:52,2075208294045204716,37.88822559835049,,,,
2025-09-05 11:35:59.000,2025-09-05 11:36:52,2075208294045221100,,,,,44.0
2025-09-05 11:36:09.000,2025-09-05 11:36:52,2075208294045237484,,,,,25.0
2025-09-05 11:36:15.000,2025-09-05 11:36:52,2075208294045253868,14.753035737435722,,,,
2025-09-05 11:36:16.000,2025-09-05 11:36:19,2075208152625758444,,60.0,,,
2025-09-05 11:36:20.000,2025-09-05 11:36:52,2075208294045303020,,,,,15.000000000000002
2025-09-05 11:36:28.000,2025-09-05 11:36:52,2075208294045319404,9.40816238340114,,,,
2025-09-05 11:36:30.000,2025-09-05 11:36:52,2075208294045335788,,,,,11.0
2025-09-05 11:36:41.000,2025-09-05 11:37:52,2075208545434861804,,,,,13.0
2025-09-05 11:36:44.000,2025-09-05 11:37:52,2075208545434878188,,,56.99999999999999,558890.0,
2025-09-05 11:36:51.000,2025-09-05 11:37:52,2075208545434910956,,,,,16.0
2025-09-05 11:37:01.000,2025-09-05 11:37:52,2075208545434927340,,,,,6.0
2025-09-05 11:37:12.000,2025-09-05 11:37:52,2075208545434943724,,,,,7.0
2025-09-05 11:37:17.000,2025-09-05 11:37:19,2075208407937188076,,48.0,,,
2025-09-05 11:37:22.000,2025-09-05 11:37:52,2075208545435009260,5.2559773315142575,,,,6.0
2025-09-05 11:37:32.000,2025-09-05 11:38:52,2075208796740780268,,,,,4.0
2025-09-05 11:37:43.000,2025-09-05 11:38:52,2075208796740813036,,,,,6.0
2025-09-05 11:37:44.000,2025-09-05 11:38:52,2075208796740829420,,,56.99999999999999,558930.0,
2025-09-05 11:37:53.000,2025-09-05 11:38:52,2075208796740878572,,,,,3.0
2025-09-05 11:38:01.000,2025-09-05 11:38:52,2075208796740894956,0.0,,,,
2025-09-05 11:38:03.000,2025-09-05 11:38:52,2075208796740911340,,,,,6.0
2025-09-05 11:38:14.000,2025-09-05 11:38:52,2075208796740944108,,,,,9.0
2025-09-05 11:38:18.000,2025-09-05 11:38:26,2075208689081385196,,63.0,,,
2025-09-05 11:38:24.000,2025-09-05 11:38:52,2075208796740993260,,,,,11.0
2025-09-05 11:38:27.000,2025-09-05 11:38:52,2075208796741009644,8.21177008031509,,,,
2025-09-05 11:38:35.000,2025-09-05 11:39:44,2075209014190276844,,,,,2.0
2025-09-05 11:38:44.000,2025-09-05 11:39:44,2075209014190424300,,,56.99999999999999,558970.0,
2025-09-05 11:38:45.000,2025-09-05 11:39:44,2075209014190457068,,,,,0.0
2025-09-05 11:39:15.002,2025-09-05 11:39:44,2075209014190686444,,,,558990.0,
2025-09-05 11:39:44.000,2025-09-05 11:40:43,2075209260026855660,,,56.99999999999999,,
2025-09-05 11:40:44.000,2025-09-05 11:41:44,2075209518312095980,,,56.99999999999999,,
2025-09-05 11:41:45.000,2025-09-05 11:42:45,2075209771916493036,,,56.99999999999999,,
2025-09-05 11:42:45.000,2025-09-05 11:43:45,2075210025587998956,,,56.99999999999999,,
2025-09-05 11:43:29.000,2025-09-05 11:44:46,2075210278986858732,0.0,,,,
2025-09-05 11:43:46.000,2025-09-05 11:44:46,2075210278986891500,,,56.99999999999999,,
2025-09-05 11:44:46.000,2025-09-05 11:45:47,2075210534629753068,,,56.99999999999999,,
2025-09-05 11:45:46.000,2025-09-05 11:46:30,2075210718080188652,,,56.99999999999999,,
2025-09-05 12:39:46.000,2025-09-05 12:40:36,2075224332660916460,,,56.99999999999999,,
2025-09-05 12:40:47.000,2025-09-05 12:41:26,2075224541411508460,,,56.99999999999999,,
2025-09-05 12:41:15.000,2025-09-05 12:41:16,2075224499237699820,,56.00000000000001,,,
2025-09-05 12:41:48.000,2025-09-05 12:42:51,2075224896287621356,,,56.99999999999999,559010.0,
2025-09-05 12:42:16.000,2025-09-05 12:42:51,2075224898678046956,,56.99999999999999,,,
2025-09-05 12:42:43.000,2025-09-05 12:43:28,2075225052428730604,,,,,6.0
2025-09-05 12:42:48.000,2025-09-05 12:43:28,2075225052428763372,,,56.99999999999999,559020.0,
2025-09-05 12:43:03.000,2025-09-05 12:43:28,2075225052428828908,7.117237803033578,,,,
2025-09-05 12:43:14.000,2025-09-05 12:44:28,2075225303449338092,,,,,16.0
2025-09-05 12:43:17.000,2025-09-05 12:43:19,2075225013715222764,,56.00000000000001,,,
2025-09-05 12:43:24.000,2025-09-05 12:44:28,2075225303457759468,,,,,11.0
2025-09-05 12:43:26.000,2025-09-05 12:44:28,2075225303457775852,10.882354756863206,,,,
2025-09-05 12:43:34.000,2025-09-05 12:44:28,2075225303457792236,,,,,13.0
2025-09-05 12:43:43.000,2025-09-05 12:44:28,2075225303457808620,14.082611567594933,,,,
2025-09-05 12:43:45.000,2025-09-05 12:44:28,2075225303457825004,,,,,15.000000000000002
2025-09-05 12:43:48.000,2025-09-05 12:44:28,2075225303457841388,,,56.99999999999999,559030.0,
2025-09-05 12:43:55.000,2025-09-05 12:44:28,2075225303457857772,,,,,14.0
2025-09-05 12:44:05.000,2025-09-05 12:44:28,2075225303457874156,,,,,12.0
2025-09-05 12:44:19.000,2025-09-05 12:44:20,2075225270528245996,,40.0,,,
2025-09-05 12:44:26.000,2025-09-05 12:45:28,2075225558605693164,,,,,1.0
2025-09-05 12:44:33.000,2025-09-05 12:45:28,2075225558605742316,12.838067252310372,,,,
2025-09-05 12:44:36.000,2025-09-05 12:45:28,2075225558605758700,,,,,16.0
2025-09-05 12:44:44.000,2025-09-05 12:45:28,2075225558605775084,25.761326526202723,,,,
2025-09-05 12:44:47.000,2025-09-05 12:45:28,2075225558605791468,,,,,32.0
2025-09-05 12:44:48.000,2025-09-05 12:45:28,2075225558605807852,,,56.00000000000001,559060.0,
2025-09-05 12:44:57.000,2025-09-05 12:45:28,2075225558605824236,,,,,30.000000000000004
2025-09-05 12:45:08.000,2025-09-05 12:45:28,2075225558605840620,,,,,31.0
2025-09-05 12:45:18.000,2025-09-05 12:46:29,2075225813900329196,,,,,22.0
2025-09-05 12:45:20.000,2025-09-05 12:45:21,2075225528247419116,,56.00000000000001,,,
2025-09-05 12:45:28.000,2025-09-05 12:46:29,2075225813900361964,,,,,1.0
2025-09-05 12:45:39.000,2025-09-05 12:46:29,2075225813900394732,,,,,10.0
2025-09-05 12:45:44.000,2025-09-05 12:46:29,2075225813900427500,15.154919839246359,,,,
2025-09-05 12:45:48.000,2025-09-05 12:46:29,2075225813900443884,,,56.00000000000001,559090.0,
2025-09-05 12:45:49.000,2025-09-05 12:46:29,2075225813900460268,,,,,24.0
2025-09-05 12:45:51.000,2025-09-05 12:46:29,2075225813900476652,31.065455869915493,,,,
2025-09-05 12:46:00.000,2025-09-05 12:46:29,2075225813900509420,,,,,35.0
2025-09-05 12:46:09.000,2025-09-05 12:46:29,2075225813900624108,25.722434516350077,,,,
2025-09-05 12:46:10.000,2025-09-05 12:47:30,2075226068834320620,,,,,23.0
2025-09-05 12:46:20.000,2025-09-05 12:47:30,2075226068834369772,,,,,33.0
2025-09-05 12:46:21.000,2025-09-05 12:46:22,2075225781545484524,,56.99999999999999,,,
2025-09-05 12:46:31.000,2025-09-05 12:47:30,2075226068834402540,,,,,26.0
2025-09-05 12:46:41.000,2025-09-05 12:47:30,2075226068834418924,,,,,23.0
2025-09-05 12:46:44.000,2025-09-05 12:47:30,2075226068834435308,18.28665263261867,,,,
2025-09-05 12:46:48.000,2025-09-05 12:47:30,2075226068834468076,,,56.00000000000001,559120.0,
2025-09-05 12:46:51.000,2025-09-05 12:47:30,2075226068834484460,,,,,26.0
2025-09-05 12:47:02.000,2025-09-05 12:47:30,2075226068834500844,,,,,22.0
2025-09-05 12:47:12.000,2025-09-05 12:48:31,2075226324699447532,,,,,7.0
2025-09-05 12:47:22.000,2025-09-05 12:47:23,2075226038245277932,,51.0,,,
2025-09-05 12:47:22.000,2025-09-05 12:48:31,2075226324707885292,,,,,2.0
2025-09-05 12:47:33.000,2025-09-05 12:48:31,2075226324708131052,,,,,0.0
2025-09-05 12:47:43.000,2025-09-05 12:48:31,2075226324708229356,,,,,15.000000000000002
2025-09-05 12:47:46.000,2025-09-05 12:48:31,2075226324708245740,13.789995493465526,,,,
2025-09-05 12:47:49.000,2025-09-05 12:48:31,2075226324708262124,,,56.00000000000001,559140.0,
2025-09-05 12:47:53.000,2025-09-05 12:48:31,2075226324708278508,,,,,26.0
2025-09-05 12:48:04.000,2025-09-05 12:48:31,2075226324708294892,,,,,19.0
2025-09-05 12:48:14.000,2025-09-05 12:49:32,2075226579927040236,,,,,15.000000000000002
2025-09-05 12:48:22.000,2025-09-05 12:48:24,2075226295259627756,,48.0,,,
2025-09-05 12:48:25.000,2025-09-05 12:49:32,2075226579935461612,,,,,18.0
2025-09-05 12:48:35.000,2025-09-05 12:49:32,2075226579935477996,,,,,13.0
2025-09-05 12:48:40.000,2025-09-05 12:49:32,2075226579935494380,20.00901306894998,,,,
2025-09-05 12:48:45.000,2025-09-05 12:49:32,2075226579935510764,,,,,48.0
2025-09-05 12:48:49.000,2025-09-05 12:49:32,2075226579935527148,,,56.00000000000001,559180.0,
2025-09-05 12:48:56.000,2025-09-05 12:49:32,2075226579935576300,,,,,62.0
2025-09-05 12:49:06.000,2025-09-05 12:49:32,2075226579935592684,59.862211165093505,,,,60.99999999999999
2025-09-05 12:49:16.000,2025-09-05 12:50:36,2075226848349913324,,,,,81.0
2025-09-05 12:49:24.000,2025-09-05 12:49:25,2075226549946155244,,60.0,,,
2025-09-05 12:49:27.000,2025-09-05 12:50:36,2075226848358400236,,,,,78.0
2025-09-05 12:49:37.000,2025-09-05 12:50:36,2075226848358416620,,,,,75.0
2025-09-05 12:49:47.000,2025-09-05 12:50:36,2075226848358433004,,,,,78.0
2025-09-05 12:49:50.000,2025-09-05 12:50:36,2075226848358449388,,,56.00000000000001,559280.0,
2025-09-05 12:49:58.000,2025-09-05 12:50:36,2075226848358482156,,,,,77.0
2025-09-05 12:50:08.000,2025-09-05 12:50:36,2075226848358498540,,,,,70.0
2025-09-05 12:50:19.000,2025-09-05 12:51:34,2075227091007176940,,,,,60.99999999999999
2025-09-05 12:50:25.000,2025-09-05 12:50:26,2075226806360752364,,53.0,,,
2025-09-05 12:50:27.000,2025-09-05 12:51:34,2075227091007242476,47.36305999864187,,,,
2025-09-05 12:50:29.000,2025-09-05 12:51:34,2075227091007258860,,,,,47.0
2025-09-05 12:50:39.000,2025-09-05 12:51:34,2075227091007291628,,,,,32.0
2025-09-05 12:50:47.000,2025-09-05 12:51:34,2075227091007308012,19.264508880342248,,,,
2025-09-05 12:50:50.000,2025-09-05 12:51:34,2075227091007324396,,,56.00000000000001,559310.0,27.0
2025-09-05 12:50:58.000,2025-09-05 12:51:34,2075227091007357164,29.93388358325051,,,,
2025-09-05 12:51:00.000,2025-09-05 12:51:34,2075227091007373548,,,,,28.0
2025-09-05 12:51:10.000,2025-09-05 12:51:34,2075227091007471852,,,,,29.0
2025-09-05 12:51:21.000,2025-09-05 12:52:35,2075227345957945580,20.46645718483582,,,,20.0
2025-09-05 12:51:26.000,2025-09-05 12:51:27,2075227062997614828,,53.0,,,
2025-09-05 12:51:31.000,2025-09-05 12:52:35,2075227345966563564,,,,,3.0
2025-09-05 12:51:41.000,2025-09-05 12:52:35,2075227345966629100,,,,,42.0
2025-09-05 12:51:51.000,2025-09-05 12:52:35,2075227345966661868,,,56.00000000000001,559330.0,
2025-09-05 12:51:52.000,2025-09-05 12:52:35,2075227345966678252,,,,,40.0
2025-09-05 12:52:12.000,2025-09-05 12:52:35,2075227345966776556,,,,,37.0
2025-09-05 12:52:23.000,2025-09-05 12:53:35,2075227600220864748,,,,,32.0
2025-09-05 12:52:26.000,2025-09-05 12:53:35,2075227600229253356,22.75367776426503,,,,
2025-09-05 12:52:27.000,2025-09-05 12:52:29,2075227321802948844,,56.00000000000001,,,
2025-09-05 12:52:33.000,2025-09-05 12:53:35,2075227600229318892,,,,,17.0
2025-09-05 12:52:38.000,2025-09-05 12:53:35,2075227600229335276,28.226339150672587,,,,
2025-09-05 12:52:43.000,2025-09-05 12:53:35,2075227600229351660,,,,,41.0
2025-09-05 12:52:52.000,2025-09-05 12:53:35,2075227600229384428,,,56.00000000000001,559360.0,
2025-09-05 12:52:54.000,2025-09-05 12:53:35,2075227600229400812,,,,,33.0
2025-09-05 12:53:04.000,2025-09-05 12:53:35,2075227600229449964,,,,,15.000000000000002
2025-09-05 12:53:14.000,2025-09-05 12:53:35,2075227600229466348,,,,,28.0
2025-09-05 12:53:21.000,2025-09-05 12:54:36,2075227856413130988,5.430065375616562,,,,
2025-09-05 12:53:25.000,2025-09-05 12:54:36,2075227856413163756,,,,,0.0
2025-09-05 12:53:35.000,2025-09-05 12:53:38,2075227609712558316,,54.0,,,
2025-09-05 12:53:53.000,2025-09-05 12:54:36,2075227856413540588,,,56.00000000000001,559380.0,
2025-09-05 12:53:56.000,2025-09-05 12:54:36,2075227856413556972,,,,,2.0
2025-09-05 12:54:06.000,2025-09-05 12:54:36,2075227856413606124,,,,,9.0
2025-09-05 12:54:16.000,2025-09-05 12:54:36,2075227856413638892,18.847808774778223,,,,19.0
2025-09-05 12:54:27.000,2025-09-05 12:55:37,2075228111972090092,,,,,16.0
2025-09-05 12:54:32.000,2025-09-05 12:55:37,2075228111972122860,8.930346262354387,,,,
2025-09-05 12:54:37.000,2025-09-05 12:54:38,2075227862801072364,,63.0,,,
2025-09-05 12:54:37.000,2025-09-05 12:55:37,2075228111972155628,,,,,0.0
2025-09-05 12:54:53.000,2025-09-05 12:55:37,2075228111972237548,,,55.00000000000001,559400.0,
2025-09-05 12:55:38.000,2025-09-05 12:55:39,2075228117256896748,,54.0,,,
2025-09-05 12:55:54.000,2025-09-05 12:56:39,2075228368965533932,,,55.00000000000001,559410.0,
2025-09-05 12:56:03.000,2025-09-05 12:56:39,2075228368965583084,0.0,,,,
2025-09-05 12:56:21.000,2025-09-05 12:57:39,2075228623681356012,,,,,1.0
2025-09-05 12:56:31.000,2025-09-05 12:57:39,2075228623689761004,,,,,0.0
2025-09-05 12:56:38.000,2025-09-05 12:56:40,2075228373432402156,,56.99999999999999,,,
2025-09-05 12:56:40.000,2025-09-05 12:57:39,2075228623689777388,,,,559420.0,
2025-09-05 12:56:52.000,2025-09-05 12:57:39,2075228623689826540,,,,,6.0
2025-09-05 12:56:54.000,2025-09-05 12:57:39,2075228623689859308,,,55.00000000000001,,
2025-09-05 12:57:02.000,2025-09-05 12:57:39,2075228623689908460,,,,,7.0
2025-09-05 12:57:23.000,2025-09-05 12:58:40,2075228878707638508,,,,,14.0
2025-09-05 12:57:34.000,2025-09-05 12:58:40,2075228878711865580,,,,,17.0
2025-09-05 12:57:39.000,2025-09-05 12:57:41,2075228630983639276,,54.0,,,
2025-09-05 12:57:44.000,2025-09-05 12:58:40,2075228878711898348,,,,,15.000000000000002
2025-09-05 12:57:53.000,2025-09-05 12:58:40,2075228878711931116,15.960540043336813,,,,
2025-09-05 12:57:54.000,2025-09-05 12:58:40,2075228878711947500,,,55.00000000000001,559430.0,17.0
2025-09-05 12:58:05.000,2025-09-05 12:58:40,2075228878711996652,,,,,12.0
2025-09-05 12:58:14.000,2025-09-05 12:58:40,2075228878712013036,7.730249958329991,,,,
2025-09-05 12:58:15.000,2025-09-05 12:58:40,2075228878712029420,,,,,9.0
2025-09-05 12:58:25.000,2025-09-05 12:59:41,2075229134451114220,,,,,2.0
2025-09-05 12:58:36.000,2025-09-05 12:59:41,2075229134451163372,,,,,0.0
2025-09-05 12:58:47.000,2025-09-05 12:58:50,2075228919061020908,,56.00000000000001,,,
2025-09-05 12:58:55.000,2025-09-05 12:59:41,2075229134451491052,,,55.00000000000001,559440.0,
2025-09-05 12:59:48.000,2025-09-05 12:59:49,2075229166277542124,,56.00000000000001,,,
2025-09-05 12:59:55.000,2025-09-05 13:00:42,2075229391796928748,,,55.00000000000001,559450.0,
2025-09-05 12:59:58.000,2025-09-05 13:00:42,2075229391796945132,36.98630136986302,,,,
2025-09-05 12:59:59.000,2025-09-05 13:00:42,2075229391796961516,,,,,37.0
2025-09-05 13:00:06.000,2025-09-05 13:00:42,2075229391797010668,43.11086692141962,,,,
2025-09-05 13:00:09.000,2025-09-05 13:00:42,2075229391797027052,,,,,40.0
2025-09-05 13:00:19.000,2025-09-05 13:00:42,2075229391797043436,,,,,27.0
2025-09-05 13:00:30.000,2025-09-05 13:01:42,2075229643597676780,24.60197423250014,,,,23.0
2025-09-05 13:00:40.000,2025-09-05 13:01:42,2075229643597693164,,,,,43.0
2025-09-05 13:00:43.000,2025-09-05 13:01:42,2075229643597709548,41.125522418465685,,,,
2025-09-05 13:00:48.000,2025-09-05 13:00:49,2075229419626037484,,66.0,,,
2025-09-05 13:00:50.000,2025-09-05 13:01:42,2075229643597742316,,,,,25.0
2025-09-05 13:00:53.000,2025-09-05 13:01:42,2075229643597791468,18.970040805743672,,,,
2025-09-05 13:00:56.000,2025-09-05 13:01:42,2075229643597807852,,,55.00000000000001,559500.0,
2025-09-05 13:01:01.000,2025-09-05 13:01:42,2075229643597840620,,,,,17.0
2025-09-05 13:01:08.000,2025-09-05 13:01:42,2075229643597857004,28.20226314457333,,,,
2025-09-05 13:01:11.000,2025-09-05 13:01:42,2075229643597873388,,,,,35.0
2025-09-05 13:01:21.000,2025-09-05 13:01:42,2075229643597988076,33.33600844512215,,,,
2025-09-05 13:01:22.000,2025-09-05 13:01:42,2075229643598004460,,,,,32.0
2025-09-05 13:01:32.000,2025-09-05 13:02:43,2075229899039211756,,,,,18.0
2025-09-05 13:01:35.000,2025-09-05 13:02:43,2075229899039228140,12.169495082938754,,,,
2025-09-05 13:01:42.000,2025-09-05 13:02:43,2075229899039244524,,,,,15.000000000000002
2025-09-05 13:01:48.000,2025-09-05 13:02:43,2075229899039260908,27.287374912801646,,,,
2025-09-05 13:01:49.000,2025-09-05 13:01:51,2075229678456537324,,50.0,,,
2025-09-05 13:01:53.000,2025-09-05 13:02:43,2075229899039310060,,,,,38.0
2025-09-05 13:01:56.000,2025-09-05 13:02:43,2075229899039326444,,,55.00000000000001,559530.0,
2025-09-05 13:02:03.000,2025-09-05 13:02:43,2075229899039375596,,,,,37.0
2025-09-05 13:02:13.000,2025-09-05 13:02:43,2075229899039391980,,,,,29.0
2025-09-05 13:02:24.000,2025-09-05 13:03:44,2075230154161914092,,,,,30.000000000000004
2025-09-05 13:02:34.000,2025-09-05 13:03:44,2075230154170335468,,,,,26.0
2025-09-05 13:02:42.000,2025-09-05 13:03:44,2075230154170351852,11.537962922950609,,,,
2025-09-05 13:02:45.000,2025-09-05 13:03:44,2075230154170368236,,,,,11.0
2025-09-05 13:02:50.000,2025-09-05 13:03:07,2075229998096056556,,63.0,,,
2025-09-05 13:02:55.000,2025-09-05 13:03:44,2075230154170417388,,,,,15.000000000000002
2025-09-05 13:02:56.000,2025-09-05 13:03:44,2075230154170433772,,,55.00000000000001,559550.0,
2025-09-05 13:02:59.000,2025-09-05 13:03:44,2075230154170466540,26.05023859939378,,,,
2025-09-05 13:03:05.000,2025-09-05 13:03:44,2075230154170499308,,,,,28.0
2025-09-05 13:03:16.000,2025-09-05 13:03:44,2075230154170548460,,,,,25.0
2025-09-05 13:03:26.000,2025-09-05 13:04:45,2075230410324852972,,,,,39.0
2025-09-05 13:03:36.000,2025-09-05 13:04:45,2075230410324902124,,,,,33.0
2025-09-05 13:03:47.000,2025-09-05 13:04:45,2075230410324934892,,,,,9.0
2025-09-05 13:03:48.000,2025-09-05 13:04:45,2075230410324951276,7.819145980850316,,,,
2025-09-05 13:03:51.000,2025-09-05 13:04:22,2075230314505961708,,51.0,,,
2025-09-05 13:03:56.000,2025-09-05 13:04:45,2075230410325016812,,,55.00000000000001,559580.0,
2025-09-05 13:03:57.000,2025-09-05 13:04:45,2075230410325033196,,,,,8.0
2025-09-05 13:04:08.000,2025-09-05 13:04:45,2075230410325065964,,,,,1.0
2025-09-05 13:04:18.000,2025-09-05 13:04:45,2075230410325197036,,,,,0.0
2025-09-05 13:04:56.000,2025-09-05 13:05:57,2075230709659746540,,,55.00000000000001,,
2025-09-05 13:05:18.000,2025-09-05 13:05:57,2075230709659812076,0.0,,,,
2025-09-05 13:05:57.000,2025-09-05 13:06:57,2075230964291748076,,,55.00000000000001,,
2025-09-05 13:06:57.000,2025-09-05 13:07:58,2075231218336661740,,,55.00000000000001,,
2025-09-05 13:07:57.000,2025-09-05 13:08:59,2075231473010508012,,,55.00000000000001,,
2025-09-05 13:08:58.000,2025-09-05 13:09:59,2075231727684452588,,,55.00000000000001,,
2025-09-05 13:09:58.000,2025-09-05 13:11:00,2075231983037890796,,,55.00000000000001,,
2025-09-05 13:10:59.000,2025-09-05 13:11:36,2075232132451614956,,,55.00000000000001,,
2025-09-05 13:11:14.000,2025-09-05 13:11:15,2075232047063892204,,56.99999999999999,,,
2025-09-05 13:11:14.000,2025-09-05 13:11:36,2075232132451795180,,,,,19.0
2025-09-05 13:11:16.000,2025-09-05 13:12:37,2075232387498770668,12.78435923870434,,,,
2025-09-05 13:11:24.000,2025-09-05 13:12:37,2075232387507175660,,,,,29.0
2025-09-05 13:11:27.000,2025-09-05 13:12:37,2075232387507192044,31.291399927154654,,,,
2025-09-05 13:11:35.000,2025-09-05 13:12:37,2075232387507208428,,,,,33.0
2025-09-05 13:11:43.000,2025-09-05 13:12:37,2075232387507224812,31.361775944983243,,,,
2025-09-05 13:11:45.000,2025-09-05 13:12:37,2075232387507257580,,,,,30.000000000000004
2025-09-05 13:11:56.000,2025-09-05 13:12:37,2075232387507273964,,,,,17.0
2025-09-05 13:11:58.000,2025-09-05 13:12:37,2075232387507290348,17.18286035299129,,,,
2025-09-05 13:11:59.000,2025-09-05 13:12:37,2075232387507306732,,,55.00000000000001,559620.0,
2025-09-05 13:12:06.000,2025-09-05 13:12:37,2075232387507355884,,,,,31.0
2025-09-05 13:12:16.000,2025-09-05 13:12:17,2075232307035259116,,53.0,,,
2025-09-05 13:12:27.000,2025-09-05 13:13:38,2075232642818670828,,,,,51.0
2025-09-05 13:12:30.000,2025-09-05 13:13:38,2075232642818687212,56.93790242426862,,,,
2025-09-05 13:12:37.000,2025-09-05 13:13:38,2075232642818719980,,,,,53.0
2025-09-05 13:12:48.000,2025-09-05 13:13:38,2075232642818736364,,,,,37.0
2025-09-05 13:12:56.000,2025-09-05 13:13:38,2075232642818752748,23.038885836517746,,,,
2025-09-05 13:12:58.000,2025-09-05 13:13:38,2075232642818769132,,,,,26.0
2025-09-05 13:12:59.000,2025-09-05 13:13:38,2075232642818785516,,,55.00000000000001,559670.0,
2025-09-05 13:13:09.000,2025-09-05 13:13:38,2075232642818834668,,,,,38.0
2025-09-05 13:13:16.000,2025-09-05 13:13:38,2075232642818867436,21.7517455104422,,,,
2025-09-05 13:13:17.000,2025-09-05 13:13:22,2075232578507374828,,45.0,,,
2025-09-05 13:13:19.000,2025-09-05 13:14:38,2075232897849098476,,,,,13.0
2025-09-05 13:13:25.000,2025-09-05 13:14:38,2075232897857503468,36.601085272274936,,,,
2025-09-05 13:13:29.000,2025-09-05 13:14:38,2075232897857519852,,,,,51.0
2025-09-05 13:13:40.000,2025-09-05 13:14:38,2075232897857552620,,,,,78.0
2025-09-05 13:13:44.000,2025-09-05 13:14:38,2075232897857569004,76.99136350447877,,,,
2025-09-05 13:13:50.000,2025-09-05 13:14:38,2075232897857585388,,,,,75.0
2025-09-05 13:13:59.000,2025-09-05 13:14:38,2075232897857601772,,,55.00000000000001,559750.0,
2025-09-05 13:14:00.000,2025-09-05 13:14:38,2075232897857618156,,,,,79.0
2025-09-05 13:14:11.000,2025-09-05 13:14:38,2075232897857650924,,,,,85.0
2025-09-05 13:14:19.000,2025-09-05 13:14:21,2075232823920296172,,59.0,,,
2025-09-05 13:14:21.000,2025-09-05 13:15:39,2075233154460811500,,,,,77.0
2025-09-05 13:14:28.000,2025-09-05 13:15:39,2075233154460827884,49.491008537722166,,,,
2025-09-05 13:14:32.000,2025-09-05 13:15:39,2075233154460844268,,,,,31.0
2025-09-05 13:14:42.000,2025-09-05 13:15:39,2075233154460893420,,,,,32.0
2025-09-05 13:14:44.000,2025-09-05 13:15:39,2075233154460909804,31.987752103563867,,,,
2025-09-05 13:14:51.000,2025-09-05 13:15:39,2075233154460958956,32.68225227950391,,,,
2025-09-05 13:14:52.000,2025-09-05 13:15:39,2075233154460975340,,,,,42.0
2025-09-05 13:14:59.000,2025-09-05 13:15:39,2075233154461008108,,,55.00000000000001,559760.0,
2025-09-05 13:15:03.000,2025-09-05 13:15:39,2075233154461024492,,,,,93.0
2025-09-05 13:15:13.000,2025-09-05 13:15:39,2075233154461057260,,,,,105.0
2025-09-05 13:15:20.000,2025-09-05 13:15:32,2075233124693836012,,56.99999999999999,,,
2025-09-05 13:15:23.000,2025-09-05 13:16:43,2075233419884757228,,,,,89.0
2025-09-05 13:15:24.000,2025-09-05 13:16:43,2075233419884773612,90.90359102890974,,,,
2025-09-05 13:15:34.000,2025-09-05 13:16:43,2075233419884789996,,,,,88.0
2025-09-05 13:15:44.000,2025-09-05 13:16:43,2075233419884822764,,,,,81.0
2025-09-05 13:15:54.000,2025-09-05 13:16:43,2075233419884855532,,,,,65.0
2025-09-05 13:16:00.000,2025-09-05 13:16:43,2075233419884871916,,,55.00000000000001,559930.0,
2025-09-05 13:16:05.000,2025-09-05 13:16:43,2075233419884888300,,,,,53.0
2025-09-05 13:16:10.000,2025-09-05 13:16:43,2075233419884937452,28.263379160056054,,,,
2025-09-05 13:16:15.000,2025-09-05 13:16:43,2075233419885035756,,,,,29.0
2025-09-05 13:16:19.000,2025-09-05 13:16:43,2075233419885068524,30.237611660194958,,,,
2025-09-05 13:16:21.000,2025-09-05 13:16:22,2075233334723608812,,54.0,,,
2025-09-05 13:16:25.000,2025-09-05 13:17:42,2075233666308522220,,,,,42.0
2025-09-05 13:16:36.000,2025-09-05 13:17:42,2075233666308538604,,,,,77.0
2025-09-05 13:16:43.000,2025-09-05 13:17:42,2075233666308571372,84.64753344404181,,,,
2025-09-05 13:16:46.000,2025-09-05 13:17:42,2075233666308604140,,,,,86.0
2025-09-05 13:16:57.000,2025-09-05 13:17:42,2075233666308620524,,,,,83.0
2025-09-05 13:17:00.000,2025-09-05 13:17:42,2075233666308636908,,,55.00000000000001,559990.0,
2025-09-05 13:17:07.000,2025-09-05 13:17:42,2075233666308653292,,,,,75.0
2025-09-05 13:17:17.000,2025-09-05 13:17:42,2075233666308669676,,,,,77.0
2025-09-05 13:17:22.000,2025-09-05 13:17:24,2075233593717702892,,56.00000000000001,,,
2025-09-05 13:17:28.000,2025-09-05 13:18:43,2075233923100590316,,,,,63.0
2025-09-05 13:17:38.000,2025-09-05 13:18:43,2075233923100623084,,,,,32.0
2025-09-05 13:17:48.000,2025-09-05 13:18:43,2075233923100655852,,,,,11.0
2025-09-05 13:17:55.000,2025-09-05 13:18:43,2075233923100688620,15.586435948563777,,,,
2025-09-05 13:17:59.000,2025-09-05 13:18:43,2075233923100705004,,,,,25.0
2025-09-05 13:18:00.000,2025-09-05 13:18:43,2075233923100721388,,,55.00000000000001,,
2025-09-05 13:18:03.000,2025-09-05 13:18:43,2075233923100737772,29.041219357108904,,,,
2025-09-05 13:18:09.000,2025-09-05 13:18:43,2075233923100770540,,,,,34.0
2025-09-05 13:18:20.000,2025-09-05 13:18:43,2075233923100803308,,,,,70.0
2025-09-05 13:18:23.000,2025-09-05 13:18:25,2075233847292723436,,46.0,,,
2025-09-05 13:18:30.000,2025-09-05 13:19:43,2075234177686454508,,,,,76.0
2025-09-05 13:18:51.000,2025-09-05 13:19:43,2075234177686503660,,,,,83.0
2025-09-05 13:19:00.000,2025-09-05 13:19:43,2075234177686520044,,,55.00000000000001,560080.0,
2025-09-05 13:19:01.000,2025-09-05 13:19:43,2075234177686536428,,,,,80.0
2025-09-05 13:19:12.000,2025-09-05 13:19:43,2075234177686569196,,,,,81.0
2025-09-05 13:19:24.000,2025-09-05 13:19:27,2075234109981982956,,56.99999999999999,,,
2025-09-05 13:19:32.000,2025-09-05 13:20:44,2075234432821772524,,,,,79.0
2025-09-05 13:19:33.000,2025-09-05 13:20:44,2075234432821788908,77.91921573953465,,,,
2025-09-05 13:19:43.000,2025-09-05 13:20:44,2075234432821821676,,,,,80.0
2025-09-05 13:19:50.000,2025-09-05 13:20:44,2075234432821870828,79.31747609376062,,,,
2025-09-05 13:19:53.000,2025-09-05 13:20:44,2075234432821903596,,,,,83.0
2025-09-05 13:20:00.000,2025-09-05 13:20:44,2075234432821919980,,,55.00000000000001,560190.0,
2025-09-05 13:20:04.000,2025-09-05 13:20:44,2075234432821936364,,,,,89.0
2025-09-05 13:20:14.000,2025-09-05 13:20:44,2075234432821969132,,,,,87.0
2025-09-05 13:20:24.000,2025-09-05 13:20:28,2075234365637394668,,51.0,,,
2025-09-05 13:20:35.000,2025-09-05 13:21:45,2075234687768346860,,,,,97.0
2025-09-05 13:20:45.000,2025-09-05 13:21:45,2075234687768379628,,,,,98.0
2025-09-05 13:20:55.000,2025-09-05 13:21:45,2075234687768396012,,,,,97.0
2025-09-05 13:21:01.000,2025-09-05 13:21:45,2075234687768412396,,,55.00000000000001,560370.0,
2025-09-05 13:21:16.000,2025-09-05 13:21:45,2075234687768461548,,,,,96.0
2025-09-05 13:21:20.000,2025-09-05 13:21:45,2075234687768543468,93.19451560927729,,,,
2025-09-05 13:21:25.000,2025-09-05 13:21:26,2075234608336601324,,54.0,,,
2025-09-05 13:21:26.000,2025-09-05 13:22:46,2075234942379360492,,,,,90.0
2025-09-05 13:21:37.000,2025-09-05 13:22:46,2075234942387798252,,,,,94.0
2025-09-05 13:21:57.000,2025-09-05 13:22:46,2075234942387847404,,,,,95.0
2025-09-05 13:22:01.000,2025-09-05 13:22:46,2075234942387863788,,,54.0,560470.0,
2025-09-05 13:22:08.000,2025-09-05 13:22:46,2075234942387880172,,,,,97.0
2025-09-05 13:22:18.000,2025-09-05 13:22:46,2075234942387929324,,,,,99.0
2025-09-05 13:22:26.000,2025-09-05 13:22:27,2075234863559999724,,59.0,,,
2025-09-05 13:22:29.000,2025-09-05 13:23:46,2075235196432548076,,,,,101.0
2025-09-05 13:22:39.000,2025-09-05 13:23:46,2075235196432580844,,,,,100.0
2025-09-05 13:22:49.000,2025-09-05 13:23:46,2075235196432597228,,,,,95.0
2025-09-05 13:22:52.000,2025-09-05 13:23:46,2075235196432613612,95.11689209627934,,,,
2025-09-05 13:23:00.000,2025-09-05 13:23:46,2075235196432629996,,,,,98.0
2025-09-05 13:23:01.000,2025-09-05 13:23:46,2075235196432646380,,,55.00000000000001,560530.0,
2025-09-05 13:23:10.000,2025-09-05 13:23:46,2075235196432695532,,,,,92.0
2025-09-05 13:23:21.000,2025-09-05 13:23:46,2075235196432711916,,,,,102.0
2025-09-05 13:23:27.000,2025-09-05 13:23:28,2075235118716289260,,51.0,,,
2025-09-05 13:23:31.000,2025-09-05 13:24:47,2075235450720633068,,,,,98.0
2025-09-05 13:23:41.000,2025-09-05 13:24:47,2075235450720665836,,,,,95.0
2025-09-05 13:23:52.000,2025-09-05 13:24:47,2075235450720682220,,,,,101.0
2025-09-05 13:24:01.000,2025-09-05 13:24:47,2075235450720698604,,,55.00000000000001,560590.0,
2025-09-05 13:24:02.000,2025-09-05 13:24:47,2075235450720714988,,,,,102.0
2025-09-05 13:24:12.000,2025-09-05 13:24:47,2075235450720764140,,,,,97.0
2025-09-05 13:24:22.000,2025-09-05 13:24:47,2075235450720796908,94.89650404044771,,,,
2025-09-05 13:24:23.000,2025-09-05 13:24:47,2075235450720813292,,,,,98.0
2025-09-05 13:24:28.000,2025-09-05 13:24:30,2075235378402427116,,53.0,,,
2025-09-05 13:24:33.000,2025-09-05 13:27:25,2075236114452545772,,,,,105.0
2025-09-05 13:24:44.000,2025-09-05 13:27:25,2075236114452578540,,,,,96.0
2025-09-05 13:24:54.000,2025-09-05 13:27:25,2075236114452611308,,,,,92.0
2025-09-05 13:25:01.000,2025-09-05 13:27:25,2075236114452627692,,,55.00000000000001,560680.0,
2025-09-05 13:25:04.000,2025-09-05 13:27:25,2075236114452644076,,,,,88.0
2025-09-05 13:25:15.000,2025-09-05 13:27:25,2075236114452676844,,,,,77.0
2025-09-05 13:25:25.000,2025-09-05 13:27:25,2075236114452693228,,,,,76.0
2025-09-05 13:25:29.000,2025-09-05 13:25:30,2075235633026040044,,51.0,,,
2025-09-05 13:25:46.000,2025-09-05 13:27:25,2075236114452775148,,,,,79.0
2025-09-05 13:25:52.000,2025-09-05 13:27:25,2075236114452807916,80.58609641514444,,,,
2025-09-05 13:25:56.000,2025-09-05 13:27:25,2075236114452824300,,,,,82.0
2025-09-05 13:26:01.000,2025-09-05 13:27:25,2075236114452840684,,,54.0,560770.0,
2025-09-05 13:26:07.000,2025-09-05 13:27:25,2075236114452857068,,,,,85.0
2025-09-05 13:26:17.000,2025-09-05 13:27:25,2075236114452889836,,,,,91.0
2025-09-05 13:26:27.000,2025-09-05 13:27:25,2075236114453004524,,,,,98.0
2025-09-05 13:26:30.000,2025-09-05 13:26:46,2075235947951161580,,53.0,,,
2025-09-05 13:26:38.000,2025-09-05 13:27:25,2075236114453070060,,,,,99.0
2025-09-05 13:26:48.000,2025-09-05 13:27:25,2075236114453102828,,,,,96.0
2025-09-05 13:26:59.000,2025-09-05 13:27:25,2075236114453119212,,,,,91.0
2025-09-05 13:27:02.000,2025-09-05 13:27:25,2075236114453135596,,,55.00000000000001,560800.0,
2025-09-05 13:27:09.000,2025-09-05 13:28:26,2075236369508073708,,,,,88.0
2025-09-05 13:27:19.000,2025-09-05 13:28:26,2075236369508106476,,,,,97.0
2025-09-05 13:27:24.000,2025-09-05 13:28:26,2075236369508122860,96.9262965546618,,,,
2025-09-05 13:27:30.000,2025-09-05 13:28:26,2075236369508139244,,,,,98.0
2025-09-05 13:27:31.000,2025-09-05 13:27:42,2075236184145002732,,56.00000000000001,,,
2025-09-05 13:27:40.000,2025-09-05 13:28:26,2075236369508188396,,,,,92.0
2025-09-05 13:27:51.000,2025-09-05 13:28:26,2075236369508204780,,,,,86.0
2025-09-05 13:28:01.000,2025-09-05 13:28:26,2075236369508221164,,,,,87.0
2025-09-05 13:28:02.000,2025-09-05 13:28:26,2075236369508237548,,,54.0,560940.0,
2025-09-05 13:28:11.000,2025-09-05 13:29:27,2075236624836378860,,,,,88.0
2025-09-05 13:28:22.000,2025-09-05 13:29:27,2075236624836395244,,,,,95.0
2025-09-05 13:28:31.000,2025-09-05 13:28:32,2075236395571495148,,54.0,,,
2025-09-05 13:28:43.000,2025-09-05 13:29:27,2075236624836493548,,,,,96.0
2025-09-05 13:28:53.000,2025-09-05 13:29:27,2075236624836526316,,,,,107.0
2025-09-05 13:28:54.000,2025-09-05 13:29:27,2075236624836542700,106.17889089865237,,,,
2025-09-05 13:29:02.000,2025-09-05 13:29:27,2075236624836559084,,,54.0,561050.0,
2025-09-05 13:29:03.000,2025-09-05 13:29:27,2075236624836575468,,,,,110.0
2025-09-05 13:29:14.000,2025-09-05 13:30:28,2075236882219827436,,,,,106.0
2025-09-05 13:29:24.000,2025-09-05 13:30:28,2075236882219843820,,,,,111.0
2025-09-05 13:29:32.000,2025-09-05 13:29:33,2075236652166414572,,53.0,,,
2025-09-05 13:29:35.000,2025-09-05 13:30:28,2075236882219876588,,,,,108.0
2025-09-05 13:29:45.000,2025-09-05 13:30:28,2075236882219925740,,,,,103.0
2025-09-05 13:29:55.000,2025-09-05 13:30:28,2075236882219974892,,,,,109.0
2025-09-05 13:30:03.000,2025-09-05 13:30:28,2075236882220007660,,,54.0,561210.0,
2025-09-05 13:30:06.000,2025-09-05 13:30:28,2075236882220024044,,,,,107.0
2025-09-05 13:30:16.000,2025-09-05 13:31:28,2075237132460392684,,,,,102.0
2025-09-05 13:30:26.000,2025-09-05 13:31:28,2075237132460409068,93.56121170217364,,,,
2025-09-05 13:30:27.000,2025-09-05 13:31:28,2075237132460425452,,,,,95.0
2025-09-05 13:30:33.000,2025-09-05 13:30:34,2075236907364647148,,53.0,,,
2025-09-05 13:30:37.000,2025-09-05 13:31:28,2075237132460458220,,,,,97.0
2025-09-05 13:30:47.000,2025-09-05 13:31:28,2075237132460490988,,,,,101.0
2025-09-05 13:30:58.000,2025-09-05 13:31:28,2075237132460523756,,,,,103.0
2025-09-05 13:31:03.000,2025-09-05 13:31:28,2075237132460556524,,,54.0,561270.0,
2025-09-05 13:31:08.000,2025-09-05 13:31:28,2075237132460572908,,,,,104.0
2025-09-05 13:31:19.000,2025-09-05 13:32:29,2075237387666981100,,,,,101.0
2025-09-05 13:31:29.000,2025-09-05 13:32:29,2075237387667095788,,,,,95.0
2025-09-05 13:31:34.000,2025-09-05 13:31:43,2075237194385064172,,53.0,,,
2025-09-05 13:31:39.000,2025-09-05 13:32:29,2075237387667144940,,,,,94.0
2025-09-05 13:31:49.000,2025-09-05 13:32:29,2075237387667177708,,,,,95.0
2025-09-05 13:31:57.000,2025-09-05 13:32:29,2075237387667194092,94.41313191799343,,,,
2025-09-05 13:32:00.000,2025-09-05 13:32:29,2075237387667210476,,,,,96.0
2025-09-05 13:32:03.000,2025-09-05 13:32:29,2075237387667226860,,,54.0,561440.0,
2025-09-05 13:32:10.000,2025-09-05 13:33:29,2075237642265510124,,,,,102.0
2025-09-05 13:32:21.000,2025-09-05 13:33:29,2075237642265542892,,,,,108.0
2025-09-05 13:32:31.000,2025-09-05 13:33:29,2075237642265559276,,,,,107.0
2025-09-05 13:32:35.000,2025-09-05 13:32:41,2075237438598414572,,56.00000000000001,,,
2025-09-05 13:32:41.000,2025-09-05 13:33:29,2075237642265608428,,,,,108.0
2025-09-05 13:32:52.000,2025-09-05 13:33:29,2075237642265641196,,,,,105.0
2025-09-05 13:33:02.000,2025-09-05 13:33:29,2075237642265657580,,,,,102.0
2025-09-05 13:33:03.000,2025-09-05 13:33:29,2075237642265673964,,,54.0,561490.0,
2025-09-05 13:33:13.000,2025-09-05 13:34:30,2075237897891610860,,,,,103.0
2025-09-05 13:33:23.000,2025-09-05 13:34:30,2075237897891643628,,,,,109.0
2025-09-05 13:33:27.000,2025-09-05 13:34:30,2075237897891660012,106.61966701031565,,,,
2025-09-05 13:33:33.000,2025-09-05 13:34:30,2075237897891676396,,,,,107.0
2025-09-05 13:33:36.000,2025-09-05 13:33:39,2075237680358097132,,49.0,,,
2025-09-05 13:33:44.000,2025-09-05 13:34:30,2075237897891725548,,,,,111.0
2025-09-05 13:33:54.000,2025-09-05 13:34:30,2075237897891741932,,,,,102.0
2025-09-05 13:34:03.000,2025-09-05 13:34:30,2075237897891758316,,,54.0,561650.0,
2025-09-05 13:34:05.000,2025-09-05 13:34:30,2075237897891774700,,,,,110.0
2025-09-05 13:34:15.000,2025-09-05 13:35:31,2075238152921956588,,,,,116.0
2025-09-05 13:34:25.000,2025-09-05 13:35:31,2075238152921972972,,,,,113.0
2025-09-05 13:34:36.000,2025-09-05 13:34:39,2075237932695814380,,50.0,,,
2025-09-05 13:34:36.000,2025-09-05 13:35:31,2075238152921989356,,,,,110.0
2025-09-05 13:34:46.000,2025-09-05 13:35:31,2075238152922054892,,,,,108.0
2025-09-05 13:34:51.000,2025-09-05 13:35:31,2075238152922071276,102.46192595702125,,,,
2025-09-05 13:34:56.000,2025-09-05 13:35:31,2075238152922104044,,,,,101.0
2025-09-05 13:35:04.000,2025-09-05 13:35:31,2075238152922120428,,,53.0,561940.0,
2025-09-05 13:35:07.000,2025-09-05 13:35:31,2075238152922136812,,,,,105.0
2025-09-05 13:35:17.000,2025-09-05 13:36:32,2075238407202029804,,,,,110.0
2025-09-05 13:35:28.000,2025-09-05 13:36:32,2075238407202046188,,,,,108.0
2025-09-05 13:35:37.000,2025-09-05 13:35:39,2075238184173797612,,53.0,,,
2025-09-05 13:35:41.000,2025-09-05 13:36:32,2075238407202095340,106.19555890287494,,,,
2025-09-05 13:35:48.000,2025-09-05 13:36:32,2075238407202128108,,,,,107.0
2025-09-05 13:35:59.000,2025-09-05 13:36:32,2075238407202160876,,,,,108.0
2025-09-05 13:36:04.000,2025-09-05 13:36:32,2075238407202193644,,,53.0,562020.0,
2025-09-05 13:36:09.000,2025-09-05 13:36:32,2075238407202210028,,,,,100.0
2025-09-05 13:36:30.000,2025-09-05 13:37:33,2075238664627159276,,,,,97.0
2025-09-05 13:36:38.000,2025-09-05 13:36:40,2075238439506149612,,53.0,,,
2025-09-05 13:36:40.000,2025-09-05 13:37:33,2075238664627192044,,,,,94.0
2025-09-05 13:36:50.000,2025-09-05 13:37:33,2075238664627257580,,,,,92.0
2025-09-05 13:36:54.000,2025-09-05 13:37:33,2075238664627273964,91.97034329915363,,,,
2025-09-05 13:37:01.000,2025-09-05 13:37:33,2075238664627290348,,,,,94.0
2025-09-05 13:37:04.000,2025-09-05 13:37:33,2075238664627306732,,,53.0,562040.0,
2025-09-05 13:37:11.000,2025-09-05 13:37:33,2075238664627323116,,,,,97.0
2025-09-05 13:37:22.000,2025-09-05 13:38:33,2075238914951676140,,,,,96.0
2025-09-05 13:37:32.000,2025-09-05 13:38:33,2075238914951692524,,,,,93.0
2025-09-05 13:37:39.000,2025-09-05 13:37:40,2075238694256279788,,56.00000000000001,,,
2025-09-05 13:37:42.000,2025-09-05 13:38:33,2075238914951708908,89.71275472723121,,,,90.0
2025-09-05 13:37:53.000,2025-09-05 13:38:33,2075238914951758060,,,,,89.0
2025-09-05 13:38:03.000,2025-09-05 13:38:33,2075238914951774444,,,,,83.0
2025-09-05 13:38:04.000,2025-09-05 13:38:33,2075238914951790828,,,53.0,562080.0,
2025-09-05 13:38:14.000,2025-09-05 13:39:35,2075239174654427372,,,,,100.0
2025-09-05 13:38:24.000,2025-09-05 13:39:35,2075239174654460140,,,,,105.0
2025-09-05 13:38:34.000,2025-09-05 13:39:35,2075239174654476524,,,,,100.0
2025-09-05 13:38:40.000,2025-09-05 13:38:41,2075238947692216556,,51.0,,,
2025-09-05 13:38:45.000,2025-09-05 13:39:35,2075239174654525676,,,,,92.0
2025-09-05 13:38:55.000,2025-09-05 13:39:35,2075239174654558444,,,,,89.0
2025-09-05 13:39:05.000,2025-09-05 13:39:35,2075239174654574828,,,53.0,562250.0,
2025-09-05 13:39:06.000,2025-09-05 13:39:35,2075239174654591212,,,,,99.0
2025-09-05 13:39:13.000,2025-09-05 13:39:35,2075239174654607596,100.96736157839827,,,,
2025-09-05 13:39:16.000,2025-09-05 13:40:35,2075239425616396524,,,,,103.0
2025-09-05 13:39:27.000,2025-09-05 13:40:35,2075239425658323180,,,,,99.0
2025-09-05 13:39:37.000,2025-09-05 13:40:35,2075239425658339564,,,,,100.0
2025-09-05 13:39:41.000,2025-09-05 13:39:43,2075239209702015212,,53.0,,,
2025-09-05 13:39:47.000,2025-09-05 13:40:35,2075239425658405100,,,,,106.0
2025-09-05 13:39:58.000,2025-09-05 13:40:35,2075239425658487020,,,,,102.0
2025-09-05 13:40:05.000,2025-09-05 13:40:35,2075239425658503404,,,53.0,562430.0,
2025-09-05 13:40:08.000,2025-09-05 13:40:35,2075239425658536172,,,,,97.0
2025-09-05 13:40:19.000,2025-09-05 13:41:35,2075239679896125676,,,,,103.0
2025-09-05 13:40:29.000,2025-09-05 13:41:35,2075239679896142060,,,,,105.0
2025-09-05 13:40:39.000,2025-09-05 13:41:35,2075239679896158444,,,,,103.0
2025-09-05 13:40:42.000,2025-09-05 13:40:43,2075239460324245740,,50.0,,,
2025-09-05 13:40:44.000,2025-09-05 13:41:35,2075239679896174828,97.80229277658084,,,,
2025-09-05 13:40:50.000,2025-09-05 13:41:35,2075239679896223980,,,,,95.0
2025-09-05 13:41:00.000,2025-09-05 13:41:35,2075239679900254444,,,,,81.0
2025-09-05 13:41:05.000,2025-09-05 13:41:35,2075239679900270828,,,53.0,562520.0,
2025-09-05 13:41:11.000,2025-09-05 13:41:35,2075239679900287212,,,,,79.0
2025-09-05 13:41:21.000,2025-09-05 13:42:36,2075239935455019244,,,,,85.0
2025-09-05 13:41:31.000,2025-09-05 13:42:36,2075239935455084780,,,,,79.0
2025-09-05 13:41:42.000,2025-09-05 13:42:36,2075239935455133932,,,,,51.0
2025-09-05 13:41:43.000,2025-09-05 13:41:44,2075239716285841644,,57.99999999999999,,,
2025-09-05 13:41:52.000,2025-09-05 13:42:36,2075239935455199468,,,,,19.0
2025-09-05 13:41:53.000,2025-09-05 13:42:36,2075239935455215852,19.04967682591813,,,,
2025-09-05 13:42:02.000,2025-09-05 13:42:36,2075239935455281388,,,,,24.0
2025-09-05 13:42:05.000,2025-09-05 13:42:36,2075239935455297772,23.93710606406687,,53.0,562600.0,
2025-09-05 13:42:13.000,2025-09-05 13:42:36,2075239935455314156,,,,,27.0
2025-09-05 13:42:15.000,2025-09-05 13:42:36,2075239935455330540,26.87252680770679,,,,
2025-09-05 13:42:23.000,2025-09-05 13:43:37,2075240191479529708,,,,,29.0
2025-09-05 13:42:25.000,2025-09-05 13:43:37,2075240191479546092,27.976319087334172,,,,
2025-09-05 13:42:33.000,2025-09-05 13:43:37,2075240191479595244,,,,,30.000000000000004
2025-09-05 13:42:38.000,2025-09-05 13:43:37,2075240191479611628,29.47829146783384,,,,
2025-09-05 13:42:44.000,2025-09-05 13:42:46,2075239974780797164,,45.0,,,
2025-09-05 13:42:44.000,2025-09-05 13:43:37,2075240191479628012,,,,,28.0
2025-09-05 13:42:45.000,2025-09-05 13:43:37,2075240191479644396,28.002247093902596,,,,
2025-09-05 13:42:52.000,2025-09-05 13:43:37,2075240191479693548,29.809799551815885,,,,
2025-09-05 13:42:54.000,2025-09-05 13:43:37,2075240191479709932,,,,,30.000000000000004
2025-09-05 13:43:05.000,2025-09-05 13:43:37,2075240191479726316,,,,,49.0
2025-09-05 13:43:06.000,2025-09-05 13:43:37,2075240191479742700,,,53.0,562610.0,
2025-09-05 13:43:08.000,2025-09-05 13:43:37,2075240191479759084,55.217393988406485,,,,
2025-09-05 13:43:15.000,2025-09-05 13:43:37,2075240191479775468,,,,,73.0
2025-09-05 13:43:16.000,2025-09-05 13:43:37,2075240191479791852,72.39655034045943,,,,
2025-09-05 13:43:25.000,2025-09-05 13:44:38,2075240447462097132,,,,,66.0
2025-09-05 13:43:36.000,2025-09-05 13:44:38,2075240447462146284,,,,,15.000000000000002
2025-09-05 13:43:43.000,2025-09-05 13:44:38,2075240447462195436,9.321118361349987,,,,
2025-09-05 13:43:46.000,2025-09-05 13:44:38,2075240447462310124,,,,,0.0
2025-09-05 13:43:52.000,2025-09-05 13:44:38,2075240447462473964,42.833066851043604,,,,
2025-09-05 13:43:53.000,2025-09-05 13:43:53,2075240259607609580,,59.0,,,
2025-09-05 13:43:56.000,2025-09-05 13:44:38,2075240447462523116,,,,,50.0
2025-09-05 13:44:05.000,2025-09-05 13:44:38,2075240447462539500,18.69038873489848,,,,
2025-09-05 13:44:07.000,2025-09-05 13:44:38,2075240447462555884,,,53.0,562700.0,18.0
2025-09-05 13:44:17.000,2025-09-05 13:44:38,2075240447462588652,,,,,8.0
2025-09-05 13:44:19.000,2025-09-05 13:45:39,2075240703406899436,6.687573694185336,,,,
2025-09-05 13:44:37.000,2025-09-05 13:45:39,2075240703448940780,,,,,1.0
2025-09-05 13:45:07.000,2025-09-05 13:45:39,2075240703449088236,,,53.0,,
2025-09-05 13:46:07.000,2025-09-05 13:46:40,2075240958290657516,,,53.0,,
2025-09-05 13:47:07.000,2025-09-05 13:48:14,2075241351909212396,,,53.0,,
2025-09-05 13:48:08.000,2025-09-05 13:49:15,2075241606964855020,,,53.0,,
2025-09-05 13:48:58.000,2025-09-05 13:49:22,2075241638439043308,,,,,6.0
2025-09-05 13:49:01.000,2025-09-05 13:49:02,2075241555102269676,,53.0,,,
2025-09-05 13:49:08.000,2025-09-05 13:50:23,2075241894340853996,,,,,1.0
2025-09-05 13:49:09.000,2025-09-05 13:50:23,2075241894340870380,,,53.0,562720.0,
2025-09-05 13:49:19.000,2025-09-05 13:50:23,2075241894340903148,1.5445683912906591,,,,
2025-09-05 13:49:29.000,2025-09-05 13:50:23,2075241894341099756,,,,,0.0
2025-09-05 13:49:39.000,2025-09-05 13:50:23,2075241894341247212,,,,,5.0
2025-09-05 13:49:49.000,2025-09-05 13:50:23,2075241894341296364,,,,,8.0
2025-09-05 13:50:03.000,2025-09-05 13:50:07,2075241824993149164,,56.99999999999999,,,
2025-09-05 13:50:03.000,2025-09-05 13:50:23,2075241894341411052,9.685962453777156,,,,
2025-09-05 13:50:10.000,2025-09-05 13:51:24,2075242149602935020,,,53.0,562730.0,14.0
2025-09-05 13:50:16.000,2025-09-05 13:51:24,2075242149602967788,37.55116151296092,,,,
2025-09-05 13:50:20.000,2025-09-05 13:51:24,2075242149602984172,,,,,47.0
2025-09-05 13:50:31.000,2025-09-05 13:51:24,2075242149603016940,,,,,57.0
2025-09-05 13:50:41.000,2025-09-05 13:51:24,2075242149603033324,,,,,62.0
2025-09-05 13:50:51.000,2025-09-05 13:51:24,2075242149603049708,,,,,69.0
2025-09-05 13:51:02.000,2025-09-05 13:51:24,2075242149607112940,,,,,67.0
2025-09-05 13:51:04.000,2025-09-05 13:51:07,2075242076152266988,,56.99999999999999,,,
2025-09-05 13:51:10.000,2025-09-05 13:52:25,2075242404260511980,,,52.0,562820.0,
2025-09-05 13:51:12.000,2025-09-05 13:52:25,2075242404260528364,,,,,74.0
2025-09-05 13:51:23.000,2025-09-05 13:52:25,2075242404260544748,,,,,80.0
2025-09-05 13:51:33.000,2025-09-05 13:52:25,2075242404260577516,,,,,83.0
2025-09-05 13:51:43.000,2025-09-05 13:52:25,2075242404260593900,,,,,76.0
2025-09-05 13:51:47.000,2025-09-05 13:52:25,2075242404260610284,73.10031051874533,,,,
2025-09-05 13:51:54.000,2025-09-05 13:52:25,2075242404260626668,,,,,73.0
2025-09-05 13:52:04.000,2025-09-05 13:52:25,2075242404260659436,,,,,76.0
2025-09-05 13:52:05.000,2025-09-05 13:52:06,2075242326380249324,,48.0,,,
2025-09-05 13:52:10.000,2025-09-05 13:53:31,2075242680819957996,,,52.0,562930.0,
2025-09-05 13:52:15.000,2025-09-05 13:53:31,2075242680819974380,,,,,66.0
2025-09-05 13:52:25.000,2025-09-05 13:53:31,2075242680819990764,,,,,69.0
2025-09-05 13:52:46.000,2025-09-05 13:53:31,2075242680820023532,,,,,74.0
2025-09-05 13:52:56.000,2025-09-05 13:53:31,2075242680820056300,,,,,71.0
2025-09-05 13:53:06.000,2025-09-05 13:53:07,2075242582903898348,,51.0,,,
2025-09-05 13:53:07.000,2025-09-05 13:54:57,2075243042733818092,,,,,75.0
2025-09-05 13:53:11.000,2025-09-05 13:54:57,2075243042775777516,,,52.0,562980.0,
2025-09-05 13:53:17.000,2025-09-05 13:54:57,2075243042775793900,,,,,81.0
2025-09-05 13:53:18.000,2025-09-05 13:54:57,2075243042775810284,79.2563600782779,,,,
2025-09-05 13:53:27.000,2025-09-05 13:54:57,2075243042775843052,,,,,77.0
2025-09-05 13:53:38.000,2025-09-05 13:54:57,2075243042775859436,,,,,78.0
2025-09-05 13:53:48.000,2025-09-05 13:54:57,2075243042775875820,,,,,80.0
2025-09-05 13:53:59.000,2025-09-05 13:54:57,2075243042775908588,,,,,77.0
2025-09-05 13:54:07.000,2025-09-05 13:54:58,2075243046563217644,,53.0,,,
2025-09-05 13:54:09.000,2025-09-05 13:55:29,2075243177970778348,,,,,79.0
2025-09-05 13:54:11.000,2025-09-05 13:55:29,2075243177970794732,,,52.0,563060.0,
2025-09-05 13:54:19.000,2025-09-05 13:55:29,2075243177970811116,,,,,68.0
2025-09-05 13:54:29.000,2025-09-05 13:55:29,2075243177970860268,,,,,70.0
2025-09-05 13:54:40.000,2025-09-05 13:55:29,2075243177970876652,,,,,68.0
2025-09-05 13:54:48.000,2025-09-05 13:55:29,2075243177970893036,60.723391383259155,,,,
2025-09-05 13:54:50.000,2025-09-05 13:55:29,2075243177970909420,,,,,63.0
2025-09-05 13:55:01.000,2025-09-05 13:55:29,2075243177970958572,,,,,76.0
2025-09-05 13:55:08.000,2025-09-05 13:55:11,2075243099730215148,,50.0,,,
2025-09-05 13:55:11.000,2025-09-05 13:56:28,2075243424637812972,,,52.0,563100.0,80.0
2025-09-05 13:55:21.000,2025-09-05 13:56:28,2075243424637829356,,,,,73.0
2025-09-05 13:55:32.000,2025-09-05 13:56:28,2075243424637878508,,,,,76.0
2025-09-05 13:55:42.000,2025-09-05 13:56:28,2075243424637911276,,,,,73.0
2025-09-05 13:55:52.000,2025-09-05 13:56:28,2075243424637927660,,,,,74.0
2025-09-05 13:56:10.000,2025-09-05 13:56:11,2075243352361533676,,48.0,,,
2025-09-05 13:56:11.000,2025-09-05 13:57:29,2075243680289013996,,,52.0,563170.0,
2025-09-05 13:56:13.000,2025-09-05 13:57:29,2075243680289046764,,,,,71.0
2025-09-05 13:56:19.000,2025-09-05 13:57:29,2075243680289063148,74.44301085889609,,,,
2025-09-05 13:56:24.000,2025-09-05 13:57:29,2075243680289079532,,,,,80.0
2025-09-05 13:56:34.000,2025-09-05 13:57:29,2075243680289112300,,,,,77.0
2025-09-05 13:56:44.000,2025-09-05 13:57:29,2075243680289128684,,,,,72.0
2025-09-05 13:57:05.000,2025-09-05 13:57:29,2075243680289177836,,,,,69.0
2025-09-05 13:57:11.000,2025-09-05 13:57:14,2075243618053914860,,59.0,,,
2025-09-05 13:57:11.000,2025-09-05 13:58:30,2075243936758137068,,,51.0,563250.0,
2025-09-05 13:57:15.000,2025-09-05 13:58:30,2075243936758186220,,,,,64.0
2025-09-05 13:57:26.000,2025-09-05 13:58:30,2075243936758202604,,,,,69.0
2025-09-05 13:57:36.000,2025-09-05 13:58:30,2075243936758235372,,,,,44.0
2025-09-05 13:57:47.000,2025-09-05 13:58:30,2075243936758300908,,,,,0.0
2025-09-05 13:57:50.000,2025-09-05 13:58:30,2075243936758333676,0.0,,,,
2025-09-05 13:58:04.000,2025-09-05 13:58:30,2075243936758644972,39.52724601356899,,,,
2025-09-05 13:58:07.000,2025-09-05 13:58:30,2075243936758661356,,,,,55.0
2025-09-05 13:58:11.000,2025-09-05 13:58:14,2075243867749220588,,43.0,,,
2025-09-05 13:58:12.000,2025-09-05 13:59:31,2075244192002474220,,,51.0,563270.0,
2025-09-05 13:58:17.000,2025-09-05 13:59:31,2075244192044433644,,,,,84.0
2025-09-05 13:58:28.000,2025-09-05 13:59:31,2075244192044450028,,,,,88.0
2025-09-05 13:58:38.000,2025-09-05 13:59:31,2075244192044482796,,,,,89.0
2025-09-05 13:58:49.000,2025-09-05 13:59:31,2075244192044499180,,,,,86.0
2025-09-05 13:58:59.000,2025-09-05 13:59:31,2075244192044515564,,,,,84.0
2025-09-05 13:59:09.000,2025-09-05 13:59:31,2075244192044630252,,,,,86.0
2025-09-05 13:59:12.000,2025-09-05 13:59:14,2075244119986274540,,53.0,,,
2025-09-05 13:59:13.000,2025-09-05 14:00:32,2075244447070748908,,,51.0,563390.0,
2025-09-05 13:59:30.000,2025-09-05 14:00:32,2075244447070847212,,,,,83.0
2025-09-05 13:59:34.000,2025-09-05 14:00:32,2075244447070863596,80.5953564174903,,,,
2025-09-05 13:59:51.000,2025-09-05 14:00:32,2075244447070912748,,,,,87.0
2025-09-05 14:00:01.000,2025-09-05 14:00:32,2075244447070961900,,,,,85.0
2025-09-05 14:00:12.000,2025-09-05 14:01:33,2075244702008869100,,,,,81.0
2025-09-05 14:00:13.000,2025-09-05 14:00:16,2075244379534000364,,46.0,,,
2025-09-05 14:00:13.000,2025-09-05 14:01:33,2075244702050844908,,,52.0,,
2025-09-05 14:00:22.000,2025-09-05 14:01:33,2075244702050894060,,,,,60.99999999999999
2025-09-05 14:00:33.000,2025-09-05 14:01:33,2075244702050943212,,,,,65.0
2025-09-05 14:00:43.000,2025-09-05 14:01:33,2075244702050959596,,,,,81.0
2025-09-05 14:00:53.000,2025-09-05 14:01:33,2075244702050975980,,,,,87.0
2025-09-05 14:01:04.000,2025-09-05 14:01:33,2075244702051008748,,,,,80.0
2025-09-05 14:01:05.000,2025-09-05 14:01:33,2075244702051025132,77.19323155561865,,,,
2025-09-05 14:01:13.000,2025-09-05 14:02:37,2075244972914770156,,,51.0,563470.0,
2025-09-05 14:01:14.000,2025-09-05 14:01:16,2075244632874156268,,48.0,,,
2025-09-05 14:01:14.000,2025-09-05 14:02:37,2075244972956713196,,,,,74.0
2025-09-05 14:01:23.000,2025-09-05 14:02:37,2075244972956762348,76.80245945662307,,,,
2025-09-05 14:01:24.000,2025-09-05 14:02:37,2075244972956778732,,,,,78.0
2025-09-05 14:01:35.000,2025-09-05 14:02:37,2075244972956827884,,,,,81.0
2025-09-05 14:01:45.000,2025-09-05 14:02:37,2075244972956844268,,,,,68.0
2025-09-05 14:01:56.000,2025-09-05 14:02:37,2075244972956860652,,,,,67.0
2025-09-05 14:02:06.000,2025-09-05 14:02:37,2075244972956893420,,,,,73.0
2025-09-05 14:02:13.000,2025-09-05 14:02:37,2075244972956909804,,,51.0,563530.0,
2025-09-05 14:02:15.000,2025-09-05 14:02:16,2075244885169930476,,51.0,,,
2025-09-05 14:02:16.000,2025-09-05 14:03:34,2075245212707324140,,,,,76.0
2025-09-05 14:02:27.000,2025-09-05 14:03:34,2075245212749316332,,,,,65.0
2025-09-05 14:02:33.000,2025-09-05 14:03:34,2075245212749349100,46.45743176921606,,,,
2025-09-05 14:02:37.000,2025-09-05 14:03:34,2075245212749365484,,,,,36.0
2025-09-05 14:02:38.000,2025-09-05 14:03:34,2075245212749381868,33.72678054411774,,,,
2025-09-05 14:02:44.000,2025-09-05 14:03:34,2075245212749398252,38.495681752239385,,,,
2025-09-05 14:02:47.000,2025-09-05 14:03:34,2075245212749414636,,,,,43.0
2025-09-05 14:02:53.000,2025-09-05 14:03:34,2075245212749431020,41.37739448227327,,,,
2025-09-05 14:02:58.000,2025-09-05 14:03:34,2075245212749447404,40.321754214844404,,,,40.0
2025-09-05 14:03:08.000,2025-09-05 14:03:34,2075245212749480172,,,,,44.0
2025-09-05 14:03:14.000,2025-09-05 14:03:34,2075245212749496556,,,51.0,563630.0,
2025-09-05 14:03:16.000,2025-09-05 14:03:17,2075245140917616876,,43.0,,,
2025-09-05 14:03:19.000,2025-09-05 14:04:37,2075245474335424748,37.323365455252585,,,,37.0
2025-09-05 14:03:29.000,2025-09-05 14:04:37,2075245474335457516,,,,,24.0
2025-09-05 14:03:39.000,2025-09-05 14:04:37,2075245474335506668,,,,,30.000000000000004
2025-09-05 14:03:48.000,2025-09-05 14:04:37,2075245474335523052,26.420638693228472,,,,
2025-09-05 14:03:50.000,2025-09-05 14:04:37,2075245474335539436,,,,,20.0
2025-09-05 14:04:00.000,2025-09-05 14:04:37,2075245474335572204,,,,,22.0
2025-09-05 14:04:10.000,2025-09-05 14:04:37,2075245474335703276,,,,,21.0
2025-09-05 14:04:15.000,2025-09-05 14:04:37,2075245474335736044,,,51.0,563690.0,
2025-09-05 14:04:17.000,2025-09-05 14:04:18,2075245396950532332,,40.0,,,
2025-09-05 14:04:21.000,2025-09-05 14:05:37,2075245725586850028,,,,,47.0
2025-09-05 14:04:30.000,2025-09-05 14:05:37,2075245725586899180,42.899738867933856,,,,
2025-09-05 14:04:31.000,2025-09-05 14:05:37,2075245725586915564,,,,,43.0
2025-09-05 14:04:42.000,2025-09-05 14:05:37,2075245725586948332,,,,,37.0
2025-09-05 14:04:52.000,2025-09-05 14:05:37,2075245725586981100,,,,,32.0
2025-09-05 14:05:02.000,2025-09-05 14:05:37,2075245725587013868,,,,,52.0
2025-09-05 14:05:10.000,2025-09-05 14:05:37,2075245725587046636,46.031471661306156,,,,
2025-09-05 14:05:13.000,2025-09-05 14:05:37,2075245725587063020,,,,,47.0
2025-09-05 14:05:15.000,2025-09-05 14:05:37,2075245725587079404,,,51.0,563730.0,
2025-09-05 14:05:18.000,2025-09-05 14:05:20,2075245654115877100,,54.0,,,
2025-09-05 14:05:23.000,2025-09-05 14:06:37,2075245976808898796,,,,,40.0
2025-09-05 14:05:30.000,2025-09-05 14:06:37,2075245976808931564,19.386740911307697,,,,
2025-09-05 14:05:33.000,2025-09-05 14:06:37,2075245976808947948,,,,,22.0
2025-09-05 14:05:50.000,2025-09-05 14:06:37,2075245976808997100,24.514930210448988,,,,
2025-09-05 14:05:54.000,2025-09-05 14:06:37,2075245976809013484,,,,,26.0
2025-09-05 14:05:58.000,2025-09-05 14:06:37,2075245976809029868,28.71526727453438,,,,
2025-09-05 14:06:05.000,2025-09-05 14:06:37,2075245976809062636,,,,,47.0
2025-09-05 14:06:15.000,2025-09-05 14:06:37,2075245976809079020,,,51.0,563750.0,40.0
2025-09-05 14:06:19.000,2025-09-05 14:06:21,2075245911411261676,,48.0,,,
2025-09-05 14:06:25.000,2025-09-05 14:07:39,2075246239108038892,,,,,36.0
2025-09-05 14:06:36.000,2025-09-05 14:07:39,2075246239108071660,,,,,32.0
2025-09-05 14:06:40.000,2025-09-05 14:07:39,2075246239108104428,32.57668825276102,,,,
2025-09-05 14:06:46.000,2025-09-05 14:07:39,2075246239108120812,,,,,45.0
2025-09-05 14:06:56.000,2025-09-05 14:07:39,2075246239108137196,,,,,51.0
2025-09-05 14:07:07.000,2025-09-05 14:07:39,2075246239108186348,,,,,40.0
2025-09-05 14:07:12.000,2025-09-05 14:07:39,2075246239108202732,41.05699840110627,,,,
2025-09-05 14:07:15.000,2025-09-05 14:07:39,2075246239108219116,,,51.0,563790.0,
2025-09-05 14:07:17.000,2025-09-05 14:07:39,2075246239108235500,,,,,47.0
2025-09-05 14:07:20.000,2025-09-05 14:08:38,2075246487859626220,36.499225246470395,,,,
2025-09-05 14:07:21.000,2025-09-05 14:07:27,2075246188025626860,,41.0,,,
2025-09-05 14:07:27.000,2025-09-05 14:08:38,2075246487859675372,44.62765530567268,,,,
2025-09-05 14:07:28.000,2025-09-05 14:08:38,2075246487859691756,,,,,50.0
2025-09-05 14:07:38.000,2025-09-05 14:08:38,2075246487859724524,,,,,58.0
2025-09-05 14:07:47.000,2025-09-05 14:08:38,2075246487859740908,46.768567848037186,,,,
2025-09-05 14:07:48.000,2025-09-05 14:08:38,2075246487859757292,,,,,49.0
2025-09-05 14:08:09.000,2025-09-05 14:08:38,2075246487859806444,,,,,39.0
2025-09-05 14:08:11.000,2025-09-05 14:08:38,2075246487859822828,30.47096371931081,,,,
2025-09-05 14:08:15.000,2025-09-05 14:08:38,2075246487859855596,,,51.0,563900.0,
2025-09-05 14:08:19.000,2025-09-05 14:09:39,2075246741988311276,,,,,15.000000000000002
2025-09-05 14:08:22.000,2025-09-05 14:08:23,2075246422499786988,,50.0,,,
2025-09-05 14:08:24.000,2025-09-05 14:09:39,2075246742030254316,22.968509818689153,,,,
2025-09-05 14:08:30.000,2025-09-05 14:09:39,2075246742030287084,,,,,22.0
2025-09-05 14:08:40.000,2025-09-05 14:09:39,2075246742030319852,,,,,10.0
2025-09-05 14:08:42.000,2025-09-05 14:09:39,2075246742030352620,7.985826023075926,,,,
2025-09-05 14:08:51.000,2025-09-05 14:09:39,2075246742030369004,,,,,9.0
2025-09-05 14:09:01.000,2025-09-05 14:09:39,2075246742030418156,,,,,3.0
2025-09-05 14:09:16.000,2025-09-05 14:09:39,2075246742030549228,,,50.0,563920.0,
2025-09-05 14:09:21.001,2025-09-05 14:10:39,2075246994825232620,,,,,0.0
2025-09-05 14:09:27.000,2025-09-05 14:09:31,2075246707653738732,,35.0,,,
2025-09-05 14:09:32.000,2025-09-05 14:10:39,2075246994825412844,,,,,2.0
2025-09-05 14:09:42.000,2025-09-05 14:10:39,2075246994825445612,,,,,0.0
2025-09-05 14:10:12.000,2025-09-05 14:10:39,2075246994825543916,0.0,,,,
2025-09-05 14:10:16.000,2025-09-05 14:10:39,2075246994825576684,,,50.0,563930.0,
2025-09-05 14:10:29.000,2025-09-05 14:10:31,2075246958833828076,,48.0,,,
2025-09-05 14:11:17.000,2025-09-05 14:12:32,2075247468206964972,,,50.0,,
2025-09-05 14:12:17.000,2025-09-05 14:13:33,2075247723593892076,,,50.0,,
2025-09-05 14:13:18.000,2025-09-05 14:14:34,2075247980176212204,,,50.0,,
2025-09-05 14:14:18.000,2025-09-05 14:15:34,2075248231800897772,,,50.0,,
2025-09-05 14:15:19.000,2025-09-05 14:16:35,2075248487871545580,,,50.0,,
2025-09-05 14:16:19.000,2025-09-05 14:17:36,2075248744487469292,,,50.0,,
2025-09-05 14:17:20.000,2025-09-05 14:17:42,2075248769149976812,,,50.0,,
2025-09-05 14:30:26.000,2025-09-05 14:31:19,2075252193962787052,,,50.0,,
2025-09-05 14:30:43.000,2025-09-05 14:31:19,2075252193962885356,18.692240735367655,,,,
2025-09-05 14:30:59.000,2025-09-05 14:31:29,2075252236170035436,9.919314512893012,,,,
2025-09-05 14:31:07.000,2025-09-05 14:31:29,2075252236170182892,,,,,8.0
2025-09-05 14:31:10.000,2025-09-05 14:31:13,2075252169925198060,,48.0,,,
2025-09-05 14:31:27.000,2025-09-05 14:32:29,2075252489468346604,,,50.0,563960.0,
2025-09-05 14:31:28.000,2025-09-05 14:32:29,2075252489468395756,,,,,0.0
2025-09-05 14:31:38.000,2025-09-05 14:32:29,2075252489468641516,,,,,3.0
2025-09-05 14:31:48.000,2025-09-05 14:32:29,2075252489468657900,5.196713316500707,,,,4.0
2025-09-05 14:31:59.000,2025-09-05 14:32:29,2075252489468674284,,,,,1.0
2025-09-05 14:32:09.000,2025-09-05 14:32:38,2075252525790920940,,,,,0.0
2025-09-05 14:32:28.000,2025-09-05 14:33:37,2075252772063690988,,,50.0,,
2025-09-05 14:33:28.000,2025-09-05 14:34:37,2075253026087518444,,,50.0,,
2025-09-05 14:34:28.000,2025-09-05 14:35:38,2075253282690842860,,,50.0,,
2025-09-05 14:35:29.000,2025-09-05 14:36:38,2075253533715759340,,,50.0,,
2025-09-05 14:36:30.000,2025-09-05 14:37:39,2075253789769613548,,,50.0,,
2025-09-05 14:36:48.000,2025-09-05 14:37:39,2075253789769662700,0.22409205676998772,,,,
2025-09-05 14:37:30.000,2025-09-05 14:38:36,2075254027699929324,,,50.0,,
2025-09-05 14:38:37.000,2025-09-05 14:42:42,2075255058609471724,,,50.0,,
2025-09-05 14:41:47.000,2025-09-05 14:42:42,2075255058609520876,,,50.0,,
2025-09-05 14:42:15.000,2025-09-05 14:42:17,2075254952988508396,,45.0,,,
2025-09-05 14:42:18.000,2025-09-05 14:42:42,2075255058609848556,,,,,7.0
2025-09-05 14:42:24.000,2025-09-05 14:43:40,2075255303779156204,9.09887830504917,,,,
2025-09-05 14:42:29.000,2025-09-05 14:43:40,2075255303779172588,,,,,9.0
2025-09-05 14:42:39.000,2025-09-05 14:43:40,2075255303779188972,,,,,7.0
2025-09-05 14:42:49.000,2025-09-05 14:43:40,2075255303779221740,,,49.0,563990.0,
2025-09-05 14:42:50.000,2025-09-05 14:43:40,2075255303779238124,,,,,2.0
2025-09-05 14:43:00.000,2025-09-05 14:43:40,2075255303779451116,,,,,0.0
2025-09-05 14:43:16.002,2025-09-05 14:43:40,2075255303783350508,,,,564000.0,
2025-09-05 14:43:49.000,2025-09-05 14:44:42,2075255563616289004,,,49.0,,
2025-09-05 14:44:50.000,2025-09-05 14:45:43,2075255818751639788,,,49.0,,
2025-09-05 14:45:50.000,2025-09-05 14:46:44,2075256074402840812,,,49.0,,
2025-09-05 14:46:51.000,2025-09-05 14:47:45,2075256329487827180,,,49.0,,
2025-09-05 14:47:25.000,2025-09-05 14:48:46,2075256584837021932,0.0,,,,
2025-09-05 14:47:51.000,2025-09-05 14:48:46,2075256584841232620,,,49.0,,
2025-09-05 14:48:51.000,2025-09-05 14:49:47,2075256840148533484,,,49.0,,
2025-09-05 14:51:09.000,2025-09-05 14:52:13,2075257454635253996,,,49.0,564000.0,0.0
2025-09-05 14:51:13.000,2025-09-05 14:52:13,2075257454635286764,0.0,,,,
2025-09-05 14:52:09.000,2025-09-05 14:53:12,2075257701822120172,,,49.0,,
2025-09-05 14:53:09.000,2025-09-05 14:54:14,2075257961294364908,,,49.0,,
2025-09-05 14:54:10.000,2025-09-05 14:55:14,2075258211581149420,,,49.0,,
2025-09-05 14:55:10.000,2025-09-05 14:56:14,2075258467089662188,,,49.0,,
2025-09-05 14:56:11.000,2025-09-05 14:57:15,2075258721633648876,,,49.0,,
2025-09-05 14:56:13.000,2025-09-05 14:57:15,2075258721633681644,0.135196034249662,,,,
2025-09-05 14:57:27.000,2025-09-06 07:58:26,2075515709667934444,,,49.0,,
2025-09-06 07:57:31.000,2025-09-06 07:58:27,2075515715422519532,,,49.0,,
2025-09-06 07:58:32.000,2025-09-06 07:59:28,2075515971749052652,,,49.0,,
2025-09-06 07:59:33.000,2025-09-06 08:00:29,2075516227366715628,,,49.0,,
2025-09-06 08:00:33.000,2025-09-06 08:01:30,2075516483064053996,,,49.0,,
2025-09-06 08:01:03.000,2025-09-06 08:01:30,2075516483064135916,0.0,,,,
2025-09-06 08:01:33.000,2025-09-06 08:02:31,2075516737649934572,,,49.0,,
2025-09-06 08:02:34.000,2025-09-06 08:03:32,2075516992692977900,,,49.0,,
2025-09-06 08:03:34.000,2025-09-06 08:04:33,2075517248121880812,,,49.0,,
2025-09-06 08:04:34.000,2025-09-06 08:05:33,2075517501969547500,,,49.0,,
2025-09-06 08:05:35.000,2025-09-06 08:06:34,2075517755947253996,,,49.0,,
2025-09-06 08:06:35.000,2025-09-06 08:07:34,2075518010554073324,,,49.0,,
2025-09-06 08:07:35.000,2025-09-06 08:08:35,2075518265458737388,,,49.0,,
2025-09-06 08:08:36.000,2025-09-06 08:09:36,2075518519348314348,,,49.0,,
2025-09-06 08:09:52.000,2025-09-07 08:10:55,2075881241600590060,,,49.0,,
2025-09-07 08:10:00.000,2025-09-07 08:10:57,2075881247841730796,,,49.0,,
2025-09-07 09:02:14.000,2025-09-07 09:03:10,2075894388646543596,,,49.0,,
2025-09-07 09:03:15.000,2025-09-07 09:04:11,2075894643169493228,,,49.0,,
2025-09-07 09:04:15.000,2025-09-07 09:05:12,2075894898845843692,,,49.0,,
2025-09-07 09:05:16.000,2025-09-07 09:06:12,2075895153125523692,,,49.0,,
2025-09-07 09:06:16.000,2025-09-07 09:07:13,2075895407837249772,,,49.0,,
2025-09-07 09:07:16.000,2025-09-07 09:08:14,2075895662687355116,,,49.0,,
2025-09-07 09:08:17.000,2025-09-07 09:09:14,2075895917323518188,,,49.0,,
2025-09-07 09:09:18.000,2025-09-07 09:10:15,2075896170852417772,,,49.0,,
2025-09-07 09:10:18.000,2025-09-07 09:11:16,2075896425627042028,,,49.0,,
2025-09-07 09:11:18.000,2025-09-07 09:12:16,2075896680200306924,,,49.0,,
2025-09-07 09:12:19.000,2025-09-07 09:13:17,2075896935914488044,,,49.0,,
2025-09-07 09:13:19.000,2025-09-08 04:41:07,2076190829055066348,,,49.0,,
2025-09-08 04:40:17.000,2025-09-08 04:41:08,2076190834767692012,,,49.0,,
2025-09-08 04:40:28.000,2025-09-08 04:41:08,2076190834809716972,0.13704803471883545,,,,
2025-09-08 04:41:17.000,2025-09-08 04:44:17,2076191626946298092,,,49.0,564010.0,
2025-09-08 04:41:19.000,2025-09-08 04:41:20,2076190885892063468,,48.0,,,
2025-09-08 04:41:20.000,2025-09-08 04:44:17,2076191626946330860,0.16112404081809034,,,,
2025-09-08 04:42:00.000,2025-09-08 04:44:17,2076191626946445548,,,,,9.0
2025-09-08 04:42:11.000,2025-09-08 04:44:17,2076191626946461932,,,,,16.0
2025-09-08 04:42:16.000,2025-09-08 04:44:17,2076191626946478316,21.927685555013678,,,,
2025-09-08 04:42:18.000,2025-09-08 04:44:17,2076191626946494700,,,49.0,564030.0,
2025-09-08 04:42:21.000,2025-09-08 04:43:28,2076191419478835436,,46.0,,,
2025-09-08 04:42:21.000,2025-09-08 04:44:17,2076191626946511084,,,,,25.0
2025-09-08 04:42:31.000,2025-09-08 04:44:17,2076191626946543852,,,,,39.0
2025-09-08 04:42:42.000,2025-09-08 04:44:17,2076191626946560236,,,,,40.0
2025-09-08 04:42:51.000,2025-09-08 04:44:17,2076191626946593004,41.57370653200566,,,,
2025-09-08 04:42:52.000,2025-09-08 04:44:17,2076191626946609388,,,,,42.0
2025-09-08 04:43:03.000,2025-09-08 04:44:17,2076191626946625772,,,,,23.0
2025-09-08 04:43:05.000,2025-09-08 04:44:17,2076191626946642156,15.679035972022447,,,,
2025-09-08 04:43:13.000,2025-09-08 04:44:17,2076191626946674924,,,,,21.0
2025-09-08 04:43:18.000,2025-09-08 04:44:17,2076191626946707692,38.021569632130976,,49.0,564140.0,
2025-09-08 04:43:23.000,2025-09-08 04:43:31,2076191434901291244,,46.0,,,
2025-09-08 04:43:24.000,2025-09-08 04:44:17,2076191626946724076,,,,,54.0
2025-09-08 04:43:34.000,2025-09-08 04:44:17,2076191626946756844,,,,,62.0
2025-09-08 04:43:44.000,2025-09-08 04:44:17,2076191626946773228,,,,,67.0
2025-09-08 04:43:55.000,2025-09-08 04:45:14,2076191864825839852,,,,,63.0
2025-09-08 04:44:05.000,2025-09-08 04:45:14,2076191864825856236,,,,,66.0
2025-09-08 04:44:13.000,2025-09-08 04:45:14,2076191864830034156,66.74980090994957,,,,
2025-09-08 04:44:15.000,2025-09-08 04:45:14,2076191864830050540,,,,,68.0
2025-09-08 04:44:19.000,2025-09-08 04:45:14,2076191864830066924,,,49.0,564190.0,
2025-09-08 04:44:25.000,2025-09-08 04:44:26,2076191662870102252,,50.0,,,
2025-09-08 04:44:26.000,2025-09-08 04:45:14,2076191864830099692,,,,,66.0
2025-09-08 04:44:31.000,2025-09-08 04:45:14,2076191864830132460,65.91454869835235,,,,
2025-09-08 04:44:36.000,2025-09-08 04:45:14,2076191864830148844,,,,,69.0
2025-09-08 04:44:46.000,2025-09-08 04:45:14,2076191864830165228,61.67902362535266,,,,
2025-09-08 04:44:47.000,2025-09-08 04:45:14,2076191864830181612,,,,,62.0
2025-09-08 04:44:51.000,2025-09-08 04:45:14,2076191864830214380,60.94748344002914,,,,
2025-09-08 04:45:07.000,2025-09-08 04:46:15,2076192119512367340,,,,,50.0
2025-09-08 04:45:14.000,2025-09-08 04:46:15,2076192119512383724,47.39639600708699,,,,
2025-09-08 04:45:18.000,2025-09-08 04:46:15,2076192119512400108,,,,,51.0
2025-09-08 04:45:19.000,2025-09-08 04:46:15,2076192119512416492,53.545037564742856,,49.0,564240.0,
2025-09-08 04:45:27.000,2025-09-08 04:45:30,2076191932509323500,,53.0,,,
2025-09-08 04:45:28.000,2025-09-08 04:46:15,2076192119512432876,,,,,59.0
2025-09-08 04:45:39.000,2025-09-08 04:46:15,2076192119512465644,,,,,50.0
2025-09-08 04:45:49.000,2025-09-08 04:46:15,2076192119512482028,,,,,48.0
2025-09-08 04:46:00.000,2025-09-08 04:47:15,2076192374899343596,,,,,47.0
2025-09-08 04:46:09.000,2025-09-08 04:47:15,2076192374899491052,48.50574428812189,,,,
2025-09-08 04:46:10.000,2025-09-08 04:47:15,2076192374899507436,,,,,49.0
2025-09-08 04:46:13.000,2025-09-08 04:47:15,2076192374899523820,49.263212480013834,,,,
2025-09-08 04:46:19.000,2025-09-08 04:47:15,2076192374899540204,,,49.0,564260.0,
2025-09-08 04:46:20.000,2025-09-08 04:47:15,2076192374899556588,,,,,52.0
2025-09-08 04:46:28.000,2025-09-08 04:46:30,2076192182842163436,,35.0,,,
2025-09-08 04:46:28.000,2025-09-08 04:47:15,2076192374899572972,17.97922055473588,,,,
2025-09-08 04:46:30.000,2025-09-08 04:47:15,2076192374899605740,,,,,15.000000000000002
2025-09-08 04:46:38.000,2025-09-08 04:47:15,2076192374899638508,28.968991338811136,,,,
2025-09-08 04:46:41.000,2025-09-08 04:47:15,2076192374899654892,,,,,23.0
2025-09-08 04:46:51.000,2025-09-08 04:47:15,2076192374899687660,,,,,0.0
2025-09-08 04:47:19.000,2025-09-08 04:48:16,2076192629913354476,,,49.0,564300.0,
2025-09-08 04:47:30.000,2025-09-08 04:47:31,2076192441471336684,,46.0,,,
2025-09-08 04:47:43.000,2025-09-08 04:48:16,2076192629913436396,,,,,7.0
2025-09-08 04:47:46.000,2025-09-08 04:48:16,2076192629913469164,5.5078493953218475,,,,
2025-09-08 04:47:53.000,2025-09-08 04:48:16,2076192629913501932,,,,,9.0
2025-09-08 04:48:14.000,2025-09-08 04:49:17,2076192884645708012,,,,,4.0
2025-09-08 04:48:19.000,2025-09-08 04:49:17,2076192884645740780,,,49.0,564320.0,
2025-09-08 04:48:25.000,2025-09-08 04:49:17,2076192884645773548,,,,,0.0
2025-09-08 04:48:31.000,2025-09-08 04:48:32,2076192694589194476,,51.0,,,
2025-09-08 04:49:20.000,2025-09-08 04:50:18,2076193139122536684,,,49.0,564330.0,
2025-09-08 04:49:32.000,2025-09-08 04:49:34,2076192957072933100,,50.0,,,
2025-09-08 04:49:37.000,2025-09-08 04:50:18,2076193139122602220,,,,,6.0
2025-09-08 04:49:48.000,2025-09-08 04:50:18,2076193139122618604,,,,,10.0
2025-09-08 04:49:58.000,2025-09-08 04:51:19,2076193394622726380,,,,,24.0
2025-09-08 04:50:00.000,2025-09-08 04:51:19,2076193394622742764,24.86866230006112,,,,
2025-09-08 04:50:09.000,2025-09-08 04:51:19,2076193394622759148,,,,,18.0
2025-09-08 04:50:19.000,2025-09-08 04:51:19,2076193394622808300,,,,,0.0
2025-09-08 04:50:20.000,2025-09-08 04:51:19,2076193394622824684,,,49.0,564340.0,
2025-09-08 04:50:27.000,2025-09-08 04:51:19,2076193394622857452,13.658503460154211,,,,
2025-09-08 04:50:29.000,2025-09-08 04:51:19,2076193394622890220,,,,,16.0
2025-09-08 04:50:33.000,2025-09-08 04:50:35,2076193211851735276,,54.0,,,
2025-09-08 04:50:40.000,2025-09-08 04:51:19,2076193394622922988,,,,,38.0
2025-09-08 04:50:50.000,2025-09-08 04:51:19,2076193394622939372,,,,,44.0
2025-09-08 04:51:00.000,2025-09-08 04:52:19,2076193648663331052,,,,,37.0
2025-09-08 04:51:11.000,2025-09-08 04:52:19,2076193648663462124,,,,,25.0
2025-09-08 04:51:20.000,2025-09-08 04:52:19,2076193648663478508,26.574354732169866,,49.0,564360.0,
2025-09-08 04:51:21.000,2025-09-08 04:52:19,2076193648663494892,,,,,27.0
2025-09-08 04:51:32.000,2025-09-08 04:52:19,2076193648663511276,23.227789884373436,,,,21.0
2025-09-08 04:51:34.000,2025-09-08 04:51:35,2076193464239784172,,45.0,,,
2025-09-08 04:51:42.000,2025-09-08 04:52:19,2076193648663560428,,,,,29.0
2025-09-08 04:51:44.000,2025-09-08 04:52:19,2076193648663576812,30.902479828628227,,,,
2025-09-08 04:51:49.000,2025-09-08 04:52:19,2076193648663593196,36.33254520424479,,,,
2025-09-08 04:51:52.000,2025-09-08 04:52:19,2076193648663625964,,,,,43.0
2025-09-08 04:51:54.000,2025-09-08 04:52:19,2076193648663642348,46.02406365942946,,,,
2025-09-08 04:52:03.000,2025-09-08 04:53:20,2076193903991587052,,,,,49.0
2025-09-08 04:52:09.000,2025-09-08 04:53:20,2076193903991603436,44.3405952329508,,,,
2025-09-08 04:52:13.000,2025-09-08 04:53:20,2076193903991619820,,,,,46.0
2025-09-08 04:52:20.000,2025-09-08 04:53:20,2076193903991636204,,,49.0,564370.0,
2025-09-08 04:52:24.000,2025-09-08 04:53:20,2076193903991668972,,,,,50.0
2025-09-08 04:52:28.000,2025-09-08 04:53:20,2076193903991685356,39.41797798588776,,,,
2025-09-08 04:52:34.000,2025-09-08 04:53:20,2076193903991701740,,,,,39.0
2025-09-08 04:52:35.000,2025-09-08 04:52:38,2076193727210078444,,35.0,,,
2025-09-08 04:52:35.000,2025-09-08 04:53:20,2076193903991718124,38.403081728780705,,,,
2025-09-08 04:52:42.000,2025-09-08 04:53:20,2076193903991750892,47.000067906683874,,,,
2025-09-08 04:52:44.000,2025-09-08 04:53:20,2076193903991767276,,,,,49.0
2025-09-08 04:52:46.000,2025-09-08 04:53:20,2076193903991783660,48.865032379141546,,,,
2025-09-08 04:52:55.000,2025-09-08 04:53:20,2076193903991816428,,,,,50.0
2025-09-08 04:53:05.000,2025-09-08 04:54:21,2076194158875246828,,,,,59.0
2025-09-08 04:53:16.000,2025-09-08 04:54:21,2076194158875263212,,,,,60.00000000000001
2025-09-08 04:53:21.000,2025-09-08 04:54:21,2076194158875279596,,,49.0,564470.0,
2025-09-08 04:53:26.000,2025-09-08 04:54:21,2076194158875312364,,,,,66.0
2025-09-08 04:53:36.000,2025-09-08 04:53:37,2076193975336698092,,56.99999999999999,,,
2025-09-08 04:53:36.000,2025-09-08 04:54:21,2076194158875328748,,,,,64.0
2025-09-08 04:53:56.000,2025-09-08 04:54:21,2076194158875394284,65.62934062609962,,,,
2025-09-08 04:53:57.000,2025-09-08 04:54:21,2076194158875410668,,,,,66.0
2025-09-08 04:54:08.000,2025-09-08 04:55:21,2076194412521586924,,,,,72.0
2025-09-08 04:54:10.000,2025-09-08 04:55:21,2076194412521603308,70.9056899627748,,,,
2025-09-08 04:54:18.000,2025-09-08 04:55:21,2076194412521619692,,,,,66.0
2025-09-08 04:54:21.000,2025-09-08 04:55:21,2076194412521636076,,,49.0,564490.0,
2025-09-08 04:54:28.000,2025-09-08 04:55:21,2076194412521668844,,,,,65.0
2025-09-08 04:54:36.000,2025-09-08 04:54:38,2076194230870474988,,54.0,,,
2025-09-08 04:54:38.000,2025-09-08 04:55:21,2076194412521685228,48.86688437961071,,,,
2025-09-08 04:54:39.000,2025-09-08 04:55:21,2076194412521717996,,,,,50.0
2025-09-08 04:54:49.000,2025-09-08 04:55:21,2076194412521734380,,,,,74.0
2025-09-08 04:55:00.000,2025-09-08 04:55:21,2076194412521767148,,,,,72.0
2025-09-08 04:55:10.000,2025-09-08 04:56:22,2076194666868375788,,,,,71.0
2025-09-08 04:55:20.000,2025-09-08 04:56:22,2076194666868408556,,,,,60.00000000000001
2025-09-08 04:55:21.000,2025-09-08 04:56:22,2076194666868424940,,,49.0,564570.0,
2025-09-08 04:55:25.000,2025-09-08 04:56:22,2076194666868457708,63.8532721761623,,,,
2025-09-08 04:55:31.000,2025-09-08 04:56:22,2076194666868474092,,,,,71.0
2025-09-08 04:55:37.000,2025-09-08 04:55:38,2076194484042858732,,60.0,,,
2025-09-08 04:55:41.000,2025-09-08 04:56:22,2076194666868523244,,,,,63.0
2025-09-08 04:55:52.000,2025-09-08 04:56:22,2076194666868539628,60.619679356985436,,,,
2025-09-08 04:56:02.000,2025-09-08 04:57:26,2076194933777121516,,,,,75.0
2025-09-08 04:56:12.000,2025-09-08 04:57:26,2076194933777203436,,,,,77.0
2025-09-08 04:56:22.000,2025-09-08 04:57:26,2076194933777268972,,,49.0,564610.0,
2025-09-08 04:56:23.000,2025-09-08 04:57:26,2076194933777285356,,,,,78.0
2025-09-08 04:56:33.000,2025-09-08 04:57:26,2076194933777301740,,,,,67.0
2025-09-08 04:56:38.000,2025-09-08 04:56:40,2076194741229191404,,46.0,,,
2025-09-08 04:56:43.000,2025-09-08 04:57:26,2076194933777350892,,,,,60.00000000000001
2025-09-08 04:56:54.000,2025-09-08 04:57:26,2076194933777383660,,,,,68.0
2025-09-08 04:57:02.000,2025-09-08 04:57:26,2076194933777400044,64.72000839573546,,,,
2025-09-08 04:57:15.000,2025-09-08 04:58:23,2076195174899269868,67.70913715298143,,,,69.0
2025-09-08 04:57:22.000,2025-09-08 04:58:23,2076195174899286252,,,49.0,564730.0,
2025-09-08 04:57:25.000,2025-09-08 04:58:23,2076195174899319020,,,,,70.0
2025-09-08 04:57:27.000,2025-09-08 04:58:23,2076195174899335404,63.53102409452611,,,,
2025-09-08 04:57:33.000,2025-09-08 04:58:23,2076195174899351788,63.64399612314569,,,,
2025-09-08 04:57:35.000,2025-09-08 04:58:23,2076195174899368172,,,,,67.0
2025-09-08 04:57:39.000,2025-09-08 04:57:41,2076195000130994412,,48.0,,,
2025-09-08 04:57:46.000,2025-09-08 04:58:23,2076195174899417324,,,,,74.0
2025-09-08 04:57:56.000,2025-09-08 04:58:23,2076195174899450092,,,,,62.0
2025-09-08 04:58:07.000,2025-09-08 04:59:24,2076195431955562732,,,,,55.0
2025-09-08 04:58:17.000,2025-09-08 04:59:24,2076195431955579116,,,,,63.0
2025-09-08 04:58:19.000,2025-09-08 04:59:24,2076195431955595500,62.30685178440246,,,,
2025-09-08 04:58:22.000,2025-09-08 04:59:24,2076195431955611884,,,49.0,564840.0,
2025-09-08 04:58:27.000,2025-09-08 04:59:24,2076195431955644652,,,,,49.0
2025-09-08 04:58:38.000,2025-09-08 04:59:24,2076195431955661036,,,,,72.0
2025-09-08 04:58:40.000,2025-09-08 04:58:41,2076195249058742508,,45.0,,,
2025-09-08 04:58:48.000,2025-09-08 04:59:24,2076195431955710188,,,,,77.0
2025-09-08 04:58:59.000,2025-09-08 04:59:24,2076195431955742956,,,,,76.0
2025-09-08 04:59:09.000,2025-09-08 05:00:25,2076195685501239532,,,,,73.0
2025-09-08 04:59:19.000,2025-09-08 05:00:25,2076195685501255916,,,,,69.0
2025-09-08 04:59:22.000,2025-09-08 05:00:25,2076195685501272300,,,49.0,564900.0,
2025-09-08 04:59:30.000,2025-09-08 05:00:25,2076195685501305068,,,,,70.0
2025-09-08 04:59:40.000,2025-09-08 04:59:42,2076195505884365036,,45.0,,,
2025-09-08 04:59:40.000,2025-09-08 05:00:25,2076195685501321452,,,,,73.0
2025-09-08 04:59:50.000,2025-09-08 05:00:25,2076195685501370604,70.822349941662,,,,71.0
2025-09-08 05:00:01.000,2025-09-08 05:00:25,2076195685501403372,,,,,73.0
2025-09-08 05:00:11.000,2025-09-08 05:01:26,2076195940967907564,,,,,74.0
2025-09-08 05:00:22.000,2025-09-08 05:01:26,2076195940972134636,,,,,78.0
2025-09-08 05:00:23.000,2025-09-08 05:01:26,2076195940972151020,,,49.0,565030.0,
2025-09-08 05:00:32.000,2025-09-08 05:01:26,2076195940972183788,,,,,68.0
2025-09-08 05:00:41.000,2025-09-08 05:00:43,2076195762173116652,,46.0,,,
2025-09-08 05:00:43.000,2025-09-08 05:01:26,2076195940972200172,,,,,69.0
2025-09-08 05:00:46.000,2025-09-08 05:01:26,2076195940972232940,67.00537697469551,,,,
2025-09-08 05:00:53.000,2025-09-08 05:01:26,2076195940972249324,,,,,62.0
2025-09-08 05:01:02.000,2025-09-08 05:01:26,2076195940972282092,66.30346879687878,,,,
2025-09-08 05:01:03.000,2025-09-08 05:01:26,2076195940972298476,,,,,69.0
2025-09-08 05:01:14.000,2025-09-08 05:02:27,2076196197256675564,,,,,76.0
2025-09-08 05:01:23.000,2025-09-08 05:02:27,2076196197256757484,,,49.0,565200.0,
2025-09-08 05:01:24.000,2025-09-08 05:02:27,2076196197256773868,,,,,75.0
2025-09-08 05:01:34.000,2025-09-08 05:02:27,2076196197256790252,,,,,74.0
2025-09-08 05:01:42.000,2025-09-08 05:01:55,2076196062162321644,,45.0,,,
2025-09-08 05:01:45.000,2025-09-08 05:02:27,2076196197256823020,,,,,71.0
2025-09-08 05:01:55.000,2025-09-08 05:02:27,2076196197256872172,,,,,74.0
2025-09-08 05:02:06.000,2025-09-08 05:02:27,2076196197256888556,,,,,73.0
2025-09-08 05:02:16.000,2025-09-08 05:03:27,2076196451653796076,,,,,76.0
2025-09-08 05:02:23.000,2025-09-08 05:03:27,2076196451653812460,,,48.0,565270.0,
2025-09-08 05:02:26.000,2025-09-08 05:03:27,2076196451653845228,,,,,75.0
2025-09-08 05:02:34.000,2025-09-08 05:03:27,2076196451653861612,72.96141048355733,,,,
2025-09-08 05:02:43.000,2025-09-08 05:02:45,2076196274800951532,,54.0,,,
2025-09-08 05:02:47.000,2025-09-08 05:03:27,2076196451653910764,,,,,69.0
2025-09-08 05:02:58.000,2025-09-08 05:03:27,2076196451653943532,,,,,78.0
2025-09-08 05:03:08.000,2025-09-08 05:04:28,2076196705962819820,,,,,73.0
2025-09-08 05:03:18.000,2025-09-08 05:04:28,2076196705967014124,,,,,78.0
2025-09-08 05:03:24.000,2025-09-08 05:04:28,2076196705967030508,,,48.0,565320.0,
2025-09-08 05:03:29.000,2025-09-08 05:04:28,2076196705967063276,,,,,77.0
2025-09-08 05:03:39.000,2025-09-08 05:04:28,2076196705967079660,,,,,72.0
2025-09-08 05:03:45.000,2025-09-08 05:03:46,2076196529416192236,,53.0,,,
2025-09-08 05:03:50.000,2025-09-08 05:04:28,2076196705967128812,,,,,76.0
2025-09-08 05:04:00.000,2025-09-08 05:04:28,2076196705967161580,,,,,75.0
2025-09-08 05:04:03.000,2025-09-08 05:04:28,2076196705967177964,71.65945415372838,,,,
2025-09-08 05:04:10.000,2025-09-08 05:05:29,2076196960796164332,,,,,71.0
2025-09-08 05:04:21.000,2025-09-08 05:05:29,2076196960800342252,,,,,67.0
2025-09-08 05:04:24.000,2025-09-08 05:05:29,2076196960800358636,,,48.0,565380.0,
2025-09-08 05:04:31.000,2025-09-08 05:05:29,2076196960800391404,,,,,59.0
2025-09-08 05:04:42.000,2025-09-08 05:05:29,2076196960800407788,28.65229925858248,,,,26.0
2025-09-08 05:04:46.000,2025-09-08 05:04:48,2076196787542032620,,32.0,,,
2025-09-08 05:04:52.000,2025-09-08 05:05:29,2076196960800473324,,,,,54.0
2025-09-08 05:05:02.000,2025-09-08 05:05:29,2076196960800506092,,,,,71.0
2025-09-08 05:05:13.000,2025-09-08 05:06:30,2076197215709167852,,,,,83.0
2025-09-08 05:05:18.000,2025-09-08 05:06:30,2076197215709184236,81.5509886595838,,,,
2025-09-08 05:05:24.000,2025-09-08 05:06:30,2076197215709233388,,,49.0,565410.0,
2025-09-08 05:05:34.000,2025-09-08 05:06:30,2076197215709266156,,,,,77.0
2025-09-08 05:05:44.000,2025-09-08 05:06:30,2076197215709282540,,,,,79.0
2025-09-08 05:05:47.000,2025-09-08 05:05:49,2076197046104097004,,48.0,,,
2025-09-08 05:05:54.000,2025-09-08 05:06:30,2076197215709331692,,,,,73.0
2025-09-08 05:06:05.000,2025-09-08 05:06:30,2076197215709364460,,,,,74.0
2025-09-08 05:06:16.000,2025-09-08 05:07:30,2076197471104549100,72.6780544117738,,,,
2025-09-08 05:06:25.000,2025-09-08 05:07:30,2076197471104680172,,,49.0,565450.0,
2025-09-08 05:06:26.000,2025-09-08 05:07:30,2076197471104696556,,,,,73.0
2025-09-08 05:06:36.000,2025-09-08 05:07:30,2076197471104712940,,,,,71.0
2025-09-08 05:06:41.000,2025-09-08 05:07:30,2076197471104729324,70.34823782155358,,,,
2025-09-08 05:06:46.000,2025-09-08 05:07:30,2076197471104745708,,,,,75.0
2025-09-08 05:06:48.000,2025-09-08 05:06:49,2076197297313562860,,51.0,,,
2025-09-08 05:06:53.000,2025-09-08 05:07:30,2076197471104778476,73.46145061023417,,,,
2025-09-08 05:06:57.000,2025-09-08 05:07:30,2076197471104811244,,,,,77.0
2025-09-08 05:07:07.000,2025-09-08 05:07:30,2076197471104827628,,,,,76.0
2025-09-08 05:07:18.000,2025-09-08 05:08:31,2076197725291938028,,,,,70.0
2025-09-08 05:07:25.000,2025-09-08 05:08:31,2076197725291954412,,,49.0,565460.0,
2025-09-08 05:07:28.000,2025-09-08 05:08:31,2076197725291987180,,,,,67.0
2025-09-08 05:07:39.000,2025-09-08 05:08:31,2076197725292003564,,,,,70.0
2025-09-08 05:07:49.000,2025-09-08 05:07:50,2076197554680234220,,51.0,,,
2025-09-08 05:07:49.000,2025-09-08 05:08:31,2076197725292019948,,,,,57.0
2025-09-08 05:07:59.000,2025-09-08 05:08:31,2076197725292069100,,,,,24.0
2025-09-08 05:08:10.000,2025-09-08 05:08:31,2076197725292118252,,,,,21.0
2025-09-08 05:08:20.000,2025-09-08 05:09:32,2076197979726807276,,,,,43.0
2025-09-08 05:08:22.000,2025-09-08 05:09:32,2076197979726840044,42.39599474031867,,,,
2025-09-08 05:08:25.000,2025-09-08 05:09:32,2076197979726856428,,,49.0,,
2025-09-08 05:08:41.000,2025-09-08 05:09:32,2076197979726905580,,,,,27.0
2025-09-08 05:08:50.000,2025-09-08 05:08:52,2076197810964791532,,43.0,,,
2025-09-08 05:08:51.000,2025-09-08 05:09:32,2076197979726938348,,,,,32.0
2025-09-08 05:09:02.000,2025-09-08 05:09:32,2076197979727003884,,,,,49.0
2025-09-08 05:09:12.000,2025-09-08 05:10:33,2076198235092812012,,,,,46.0
2025-09-08 05:09:20.000,2025-09-08 05:10:33,2076198235092828396,20.39608116700723,,,,
2025-09-08 05:09:22.000,2025-09-08 05:10:33,2076198235092844780,,,,,16.0
2025-09-08 05:09:26.000,2025-09-08 05:10:33,2076198235092861164,,,49.0,565500.0,
2025-09-08 05:09:31.000,2025-09-08 05:10:33,2076198235092893932,29.13752338150593,,,,
2025-09-08 05:09:33.000,2025-09-08 05:10:33,2076198235092910316,,,,,36.0
2025-09-08 05:09:43.000,2025-09-08 05:10:33,2076198235092926700,,,,,60.99999999999999
2025-09-08 05:09:51.000,2025-09-08 05:09:54,2076198074912342252,,51.0,,,
2025-09-08 05:09:54.000,2025-09-08 05:10:33,2076198235092959468,,,,,72.0
2025-09-08 05:10:04.000,2025-09-08 05:10:33,2076198235092992236,,,,,63.0
2025-09-08 05:10:14.000,2025-09-08 05:11:34,2076198493675847916,,,,,32.0
2025-09-08 05:10:16.000,2025-09-08 05:11:34,2076198493680042220,33.00079636020174,,,,
2025-09-08 05:10:22.000,2025-09-08 05:11:34,2076198493680091372,44.692475322093756,,,,
2025-09-08 05:10:25.000,2025-09-08 05:11:34,2076198493680107756,,,,,48.0
2025-09-08 05:10:26.000,2025-09-08 05:11:34,2076198493680124140,,,49.0,565570.0,
2025-09-08 05:10:29.000,2025-09-08 05:11:34,2076198493680156908,40.48843425707001,,,,
2025-09-08 05:10:34.000,2025-09-08 05:11:34,2076198493680173292,42.63305080037287,,,,
2025-09-08 05:10:35.000,2025-09-08 05:11:34,2076198493680189676,,,,,46.0
2025-09-08 05:10:46.000,2025-09-08 05:11:34,2076198493680206060,,,,,75.0
2025-09-08 05:10:53.000,2025-09-08 05:10:54,2076198326264414444,,50.0,,,
2025-09-08 05:10:56.000,2025-09-08 05:11:34,2076198493680255212,,,,,90.0
2025-09-08 05:11:17.000,2025-09-08 05:12:34,2076198744482660588,,,,,91.0
2025-09-08 05:11:26.000,2025-09-08 05:12:34,2076198744486953196,,,49.0,565670.0,
2025-09-08 05:11:38.000,2025-09-08 05:12:34,2076198744486985964,,,,,90.0
2025-09-08 05:11:48.000,2025-09-08 05:12:34,2076198744487002348,,,,,89.0
2025-09-08 05:11:54.000,2025-09-08 05:11:57,2076198586885865708,,46.0,,,
2025-09-08 05:12:05.000,2025-09-08 05:12:34,2076198744487067884,88.64785445745648,,,,
2025-09-08 05:12:09.000,2025-09-08 05:12:34,2076198744487084268,,,,,91.0
2025-09-08 05:12:26.000,2025-09-08 05:13:38,2076199014209978604,,,49.0,565830.0,
2025-09-08 05:12:30.000,2025-09-08 05:13:38,2076199014210011372,,,,,90.0
2025-09-08 05:12:40.000,2025-09-08 05:13:38,2076199014210027756,,,,,91.0
2025-09-08 05:12:50.000,2025-09-08 05:13:38,2076199014210044140,,,,,95.0
2025-09-08 05:12:55.000,2025-09-08 05:12:57,2076198839223582956,,50.0,,,
2025-09-08 05:13:01.000,2025-09-08 05:13:38,2076199014210109676,,,,,96.0
2025-09-08 05:13:11.000,2025-09-08 05:13:38,2076199014210126060,,,,,90.0
2025-09-08 05:13:22.000,2025-09-08 05:14:40,2076199271887012076,,,,,88.0
2025-09-08 05:13:27.000,2025-09-08 05:14:40,2076199271887028460,,,48.0,565880.0,
2025-09-08 05:13:32.000,2025-09-08 05:14:40,2076199271887061228,,,,,83.0
2025-09-08 05:13:35.000,2025-09-08 05:14:40,2076199271887077612,83.82709723619797,,,,
2025-09-08 05:13:42.000,2025-09-08 05:14:40,2076199271887093996,,,,,90.0
2025-09-08 05:13:56.000,2025-09-08 05:13:57,2076199092035256556,,46.0,,,
2025-09-08 05:14:03.000,2025-09-08 05:14:40,2076199271887143148,,,,,91.0
2025-09-08 05:14:14.000,2025-09-08 05:14:40,2076199271887159532,,,,,88.0
2025-09-08 05:14:24.000,2025-09-08 05:15:36,2076199506080186604,,,,,86.0
2025-09-08 05:14:27.000,2025-09-08 05:15:36,2076199506080202988,,,48.0,565980.0,
2025-09-08 05:14:34.000,2025-09-08 05:15:36,2076199506080235756,,,,,88.0
2025-09-08 05:14:45.000,2025-09-08 05:15:36,2076199506080252140,,,,,87.0
2025-09-08 05:14:55.000,2025-09-08 05:15:36,2076199506080268524,,,,,93.0
2025-09-08 05:14:57.000,2025-09-08 05:15:02,2076199363595469036,,50.0,,,
2025-09-08 05:15:06.000,2025-09-08 05:15:36,2076199506080317676,94.00569181477526,,,,95.0
2025-09-08 05:15:16.000,2025-09-08 05:16:36,2076199760456319212,,,,,96.0
2025-09-08 05:15:26.000,2025-09-08 05:16:36,2076199760456351980,,,,,92.0
2025-09-08 05:15:27.000,2025-09-08 05:16:36,2076199760456368364,,,48.0,566060.0,
2025-09-08 05:15:37.000,2025-09-08 05:16:36,2076199760456401132,,,,,88.0
2025-09-08 05:15:47.000,2025-09-08 05:16:36,2076199760456417516,,,,,83.0
2025-09-08 05:15:58.000,2025-09-08 05:16:01,2076199612506439916,,51.0,,,
2025-09-08 05:15:58.000,2025-09-08 05:16:36,2076199760456433900,,,,,76.0
2025-09-08 05:16:08.000,2025-09-08 05:16:36,2076199760456483052,,,,,66.0
2025-09-08 05:16:18.000,2025-09-08 05:17:37,2076200015184789740,,,,,74.0
2025-09-08 05:16:27.000,2025-09-08 05:17:37,2076200015184904428,,,48.0,566170.0,
2025-09-08 05:16:28.000,2025-09-08 05:17:37,2076200015184920812,,,,,90.0
2025-09-08 05:16:35.000,2025-09-08 05:17:37,2076200015184953580,92.71114348682302,,,,
2025-09-08 05:16:39.000,2025-09-08 05:17:37,2076200015184969964,,,,,96.0
2025-09-08 05:16:49.000,2025-09-08 05:17:37,2076200015184986348,,,,,99.0
2025-09-08 05:16:59.000,2025-09-08 05:17:01,2076199863300653292,,51.0,,,
2025-09-08 05:17:10.000,2025-09-08 05:17:37,2076200015185035500,,,,,96.0
2025-09-08 05:17:20.000,2025-09-08 05:18:38,2076200269816791276,,,,,89.0
2025-09-08 05:17:28.000,2025-09-08 05:18:38,2076200269816807660,,,48.0,566230.0,
2025-09-08 05:17:41.000,2025-09-08 05:18:38,2076200269816856812,,,,,93.0
2025-09-08 05:17:52.000,2025-09-08 05:18:38,2076200269816873196,,,,,92.0
2025-09-08 05:18:00.000,2025-09-08 05:18:04,2076200129265664236,,48.0,,,
2025-09-08 05:18:02.000,2025-09-08 05:18:38,2076200269816905964,,,,,90.0
2025-09-08 05:18:05.000,2025-09-08 05:18:38,2076200269816938732,88.87379851469562,,,,
2025-09-08 05:18:23.000,2025-09-08 05:19:38,2076200523328913644,,,,,81.0
2025-09-08 05:18:28.000,2025-09-08 05:19:38,2076200523328930028,,,48.0,566310.0,
2025-09-08 05:18:33.000,2025-09-08 05:19:38,2076200523328962796,,,,,71.0
2025-09-08 05:18:44.000,2025-09-08 05:19:38,2076200523328979180,,,,,74.0
2025-09-08 05:18:54.000,2025-09-08 05:19:38,2076200523328995564,,,,,75.0
2025-09-08 05:19:01.000,2025-09-08 05:19:06,2076200389794857196,,48.0,,,
2025-09-08 05:19:04.000,2025-09-08 05:19:38,2076200523329044716,,,,,65.0
2025-09-08 05:19:15.000,2025-09-08 05:19:38,2076200523329061100,,,,,72.0
2025-09-08 05:19:25.000,2025-09-08 05:20:39,2076200778783015148,,,,,79.0
2025-09-08 05:19:28.000,2025-09-08 05:20:39,2076200778783031532,,,48.0,566420.0,
2025-09-08 05:19:36.000,2025-09-08 05:20:39,2076200778783064300,,,,,83.0
2025-09-08 05:19:37.000,2025-09-08 05:20:39,2076200778783080684,82.36957286695846,,,,
2025-09-08 05:19:46.000,2025-09-08 05:20:39,2076200778783097068,,,,,88.0
2025-09-08 05:19:56.000,2025-09-08 05:20:39,2076200778783113452,,,,,86.0
2025-09-08 05:20:02.000,2025-09-08 05:20:04,2076200633098043628,,50.0,,,
2025-09-08 05:20:07.000,2025-09-08 05:20:39,2076200778783178988,,,,,92.0
2025-09-08 05:20:17.000,2025-09-08 05:20:39,2076200778783195372,,,,,87.0
2025-09-08 05:20:28.000,2025-09-08 05:21:40,2076201033465364716,,,,,84.0
2025-09-08 05:20:29.000,2025-09-08 05:21:40,2076201033465381100,,,48.0,566450.0,
2025-09-08 05:20:38.000,2025-09-08 05:21:40,2076201033465413868,,,,,86.0
2025-09-08 05:20:48.000,2025-09-08 05:21:40,2076201033465430252,,,,,84.0
2025-09-08 05:20:59.000,2025-09-08 05:21:40,2076201033465446636,,,,,75.0
2025-09-08 05:21:03.000,2025-09-08 05:21:05,2076200886861824236,,43.0,,,
2025-09-08 05:21:06.000,2025-09-08 05:21:40,2076201033465495788,68.20547327871991,,,,
2025-09-08 05:21:09.000,2025-09-08 05:21:40,2076201033465512172,,,,,68.0
2025-09-08 05:21:20.000,2025-09-08 05:22:41,2076201290819436780,,,,,72.0
2025-09-08 05:21:29.000,2025-09-08 05:22:41,2076201290819518700,,,48.0,566550.0,
2025-09-08 05:21:30.000,2025-09-08 05:22:41,2076201290819535084,,,,,80.0
2025-09-08 05:21:40.000,2025-09-08 05:22:41,2076201290819584236,,,,,87.0
2025-09-08 05:21:51.000,2025-09-08 05:22:41,2076201290819600620,,,,,80.0
2025-09-08 05:22:01.000,2025-09-08 05:22:41,2076201290819617004,,,,,79.0
2025-09-08 05:22:04.000,2025-09-08 05:22:05,2076201140487192812,,48.0,,,
2025-09-08 05:22:11.000,2025-09-08 05:22:41,2076201290819666156,,,,,82.0
2025-09-08 05:22:22.000,2025-09-08 05:23:42,2076201545493381356,,,,,75.0
2025-09-08 05:22:29.000,2025-09-08 05:23:42,2076201545493397740,,,48.0,566600.0,
2025-09-08 05:22:32.000,2025-09-08 05:23:42,2076201545493414124,,,,,82.0
2025-09-08 05:22:38.000,2025-09-08 05:23:42,2076201545493430508,87.12365807132672,,,,
2025-09-08 05:22:43.000,2025-09-08 05:23:42,2076201545493446892,,,,,86.0
2025-09-08 05:22:53.000,2025-09-08 05:23:42,2076201545493463276,,,,,74.0
2025-09-08 05:23:04.000,2025-09-08 05:23:42,2076201545493496044,,,,,65.0
2025-09-08 05:23:05.000,2025-09-08 05:23:07,2076201398340419820,,45.0,,,
2025-09-08 05:23:14.000,2025-09-08 05:23:42,2076201545493545196,,,,,58.0
2025-09-08 05:23:24.000,2025-09-08 05:24:44,2076201805573783788,,,,,60.00000000000001
2025-09-08 05:23:30.000,2025-09-08 05:24:44,2076201805573800172,,,48.0,566670.0,
2025-09-08 05:23:35.000,2025-09-08 05:24:44,2076201805573832940,,,,,60.99999999999999
2025-09-08 05:23:45.000,2025-09-08 05:24:44,2076201805573849324,,,,,64.0
2025-09-08 05:23:56.000,2025-09-08 05:24:44,2076201805573865708,,,,,55.0
2025-09-08 05:24:06.000,2025-09-08 05:24:07,2076201652724957420,,40.0,,,
2025-09-08 05:24:06.000,2025-09-08 05:24:44,2076201805573898476,,,,,70.0
2025-09-08 05:24:08.000,2025-09-08 05:24:44,2076201805573914860,71.00569798811017,,,,
2025-09-08 05:24:17.000,2025-09-08 05:24:44,2076201805573931244,,,,,77.0
2025-09-08 05:24:27.000,2025-09-08 05:25:45,2076202063674474732,,,,,81.0
2025-09-08 05:24:30.000,2025-09-08 05:25:45,2076202063674491116,,,47.0,566760.0,
2025-09-08 05:24:37.000,2025-09-08 05:25:45,2076202063674523884,,,,,80.0
2025-09-08 05:24:48.000,2025-09-08 05:25:45,2076202063674540268,,,,,84.0
2025-09-08 05:24:58.000,2025-09-08 05:25:45,2076202063674556652,,,,,87.0
2025-09-08 05:25:07.000,2025-09-08 05:25:16,2076201938604523756,,46.0,,,
2025-09-08 05:25:09.000,2025-09-08 05:25:45,2076202063674589420,,,,,85.0
2025-09-08 05:25:19.000,2025-09-08 05:25:45,2076202063674605804,,,,,78.0
2025-09-08 05:25:30.000,2025-09-08 05:26:44,2076202309901091052,,,,,74.0
2025-09-08 05:25:31.000,2025-09-08 05:26:44,2076202309901107436,,,47.0,566800.0,
2025-09-08 05:25:39.000,2025-09-08 05:26:44,2076202309901140204,76.98395550260207,,,,
2025-09-08 05:25:40.000,2025-09-08 05:26:44,2076202309901156588,,,,,79.0
2025-09-08 05:25:50.000,2025-09-08 05:26:44,2076202309901172972,,,,,83.0
2025-09-08 05:26:09.000,2025-09-08 05:26:17,2076202193974722796,,46.0,,,
2025-09-08 05:26:11.000,2025-09-08 05:26:44,2076202309901222124,,,,,80.0
2025-09-08 05:26:21.000,2025-09-08 05:26:44,2076202309901238508,,,,,79.0
2025-09-08 05:26:22.000,2025-09-08 05:26:44,2076202309901254892,78.45073987418745,,,,
2025-09-08 05:26:31.000,2025-09-08 05:27:45,2076202564579246316,,,47.0,566810.0,
2025-09-08 05:26:42.000,2025-09-08 05:27:45,2076202564579344620,,,,,70.0
2025-09-08 05:26:52.000,2025-09-08 05:27:45,2076202564579361004,,,,,66.0
2025-09-08 05:27:03.000,2025-09-08 05:27:45,2076202564579377388,,,,,62.0
2025-09-08 05:27:10.000,2025-09-08 05:27:11,2076202422245523692,,48.0,,,
2025-09-08 05:27:13.000,2025-09-08 05:27:45,2076202564579442924,,,,,65.0
2025-09-08 05:27:24.000,2025-09-08 05:27:45,2076202564579459308,,,,,23.0
2025-09-08 05:27:31.000,2025-09-08 05:28:46,2076202819509027052,,,48.0,566830.0,
2025-09-08 05:27:44.000,2025-09-08 05:28:46,2076202819509076204,,,,,28.0
2025-09-08 05:27:54.000,2025-09-08 05:28:46,2076202819509092588,31.29695592856217,,,,
2025-09-08 05:27:55.000,2025-09-08 05:28:46,2076202819509108972,,,,,30.000000000000004
2025-09-08 05:28:05.000,2025-09-08 05:28:46,2076202819509125356,,,,,34.0
2025-09-08 05:28:11.000,2025-09-08 05:28:12,2076202679452827884,,46.0,,,
2025-09-08 05:28:16.000,2025-09-08 05:28:46,2076202819509158124,,,,,37.0
2025-09-08 05:28:26.000,2025-09-08 05:29:46,2076203074577236204,,,,,42.0
2025-09-08 05:28:31.000,2025-09-08 05:29:46,2076203074577252588,,,47.0,566860.0,
2025-09-08 05:28:36.000,2025-09-08 05:29:46,2076203074577285356,,,,,33.0
2025-09-08 05:28:47.000,2025-09-08 05:29:46,2076203074577301740,,,,,14.0
2025-09-08 05:28:57.000,2025-09-08 05:29:46,2076203074577318124,,,,,31.0
2025-09-08 05:29:08.000,2025-09-08 05:29:46,2076203074577350892,,,,,53.0
2025-09-08 05:29:12.000,2025-09-08 05:29:13,2076202936181981420,,40.0,,,
2025-09-08 05:29:18.000,2025-09-08 05:29:46,2076203074577383660,,,,,78.0
2025-09-08 05:29:24.000,2025-09-08 05:29:46,2076203074577400044,81.25096458357771,,,,
2025-09-08 05:29:28.000,2025-09-08 05:30:47,2076203329616085228,,,,,84.0
2025-09-08 05:29:32.000,2025-09-08 05:30:47,2076203329616101612,,,47.0,566950.0,
2025-09-08 05:29:39.000,2025-09-08 05:30:47,2076203329616134380,,,,,81.0
2025-09-08 05:29:49.000,2025-09-08 05:30:47,2076203329616150764,,,,,79.0
2025-09-08 05:30:00.000,2025-09-08 05:30:47,2076203329616167148,,,,,76.0
2025-09-08 05:30:10.000,2025-09-08 05:30:47,2076203329616199916,,,,,63.0
2025-09-08 05:30:13.000,2025-09-08 05:30:14,2076203191967416556,,51.0,,,
2025-09-08 05:30:20.000,2025-09-08 05:30:47,2076203329616265452,,,,,25.0
2025-09-08 05:30:31.000,2025-09-08 05:31:48,2076203584361332972,,,,,28.0
2025-09-08 05:30:32.000,2025-09-08 05:31:48,2076203584361365740,,,47.0,567060.0,
2025-09-08 05:30:36.000,2025-09-08 05:31:48,2076203584361382124,33.07117237803034,,,,
2025-09-08 05:30:41.000,2025-09-08 05:31:48,2076203584361414892,,,,,47.0
2025-09-08 05:30:52.000,2025-09-08 05:31:48,2076203584361431276,,,,,75.0
2025-09-08 05:31:02.000,2025-09-08 05:31:48,2076203584361447660,,,,,85.0
2025-09-08 05:31:13.000,2025-09-08 05:31:48,2076203584361480428,,,,,88.0
2025-09-08 05:31:14.000,2025-09-08 05:31:15,2076203445945106668,,50.0,,,
2025-09-08 05:31:23.000,2025-09-08 05:31:48,2076203584361529580,,,,,93.0
2025-09-08 05:31:32.000,2025-09-08 05:32:49,2076203839408570604,,,47.0,567140.0,
2025-09-08 05:31:33.000,2025-09-08 05:32:49,2076203839408586988,,,,,85.0
2025-09-08 05:31:44.000,2025-09-08 05:32:49,2076203839408685292,,,,,74.0
2025-09-08 05:31:54.000,2025-09-08 05:32:49,2076203839408701676,,,,,55.0
2025-09-08 05:32:03.000,2025-09-08 05:32:49,2076203839408718060,31.50808398204795,,,,
2025-09-08 05:32:04.000,2025-09-08 05:32:49,2076203839408734444,,,,,33.0
2025-09-08 05:32:09.000,2025-09-08 05:32:49,2076203839408767212,53.00610542821338,,,,
2025-09-08 05:32:15.000,2025-09-08 05:32:16,2076203703831888108,,43.0,,,
2025-09-08 05:32:15.000,2025-09-08 05:32:49,2076203839408783596,,,,,69.0
2025-09-08 05:32:25.000,2025-09-08 05:32:49,2076203839408832748,,,,,89.0
2025-09-08 05:32:32.000,2025-09-08 05:33:50,2076204094560665836,,,47.0,567240.0,
2025-09-08 05:32:36.000,2025-09-08 05:33:50,2076204094560682220,,,,,86.0
2025-09-08 05:32:46.000,2025-09-08 05:33:50,2076204094560714988,,,,,79.0
2025-09-08 05:32:54.000,2025-09-08 05:33:50,2076204094560731372,73.28180656472433,,,,
2025-09-08 05:32:56.000,2025-09-08 05:33:50,2076204094560747756,,,,,72.0
2025-09-08 05:33:07.000,2025-09-08 05:33:50,2076204094560764140,,,,,51.0
2025-09-08 05:33:15.000,2025-09-08 05:33:16,2076203955452395756,,38.0,,,
2025-09-08 05:33:17.000,2025-09-08 05:33:50,2076204094560780524,,,,,34.0
2025-09-08 05:33:24.000,2025-09-08 05:33:50,2076204094560813292,36.81221332576071,,,,
2025-09-08 05:33:28.000,2025-09-08 05:33:50,2076204094560829676,,,,,38.0
2025-09-08 05:33:31.000,2025-09-08 05:34:52,2076204354762703084,42.51637477081495,,,,
2025-09-08 05:33:33.000,2025-09-08 05:34:52,2076204354762719468,,,47.0,567280.0,
2025-09-08 05:33:38.000,2025-09-08 05:34:52,2076204354762768620,,,,,65.0
2025-09-08 05:33:48.000,2025-09-08 05:34:52,2076204354762785004,,,,,69.0
2025-09-08 05:33:59.000,2025-09-08 05:34:52,2076204354762801388,,,,,72.0
2025-09-08 05:34:09.000,2025-09-08 05:34:52,2076204354762834156,,,,,79.0
2025-09-08 05:34:14.000,2025-09-08 05:34:52,2076204354762850540,79.9378962509337,,,,
2025-09-08 05:34:16.000,2025-09-08 05:34:52,2076204356620796140,,45.0,,,
2025-09-08 05:34:19.000,2025-09-08 05:34:52,2076204354762883308,,,,,84.0
2025-09-08 05:34:30.000,2025-09-08 05:35:52,2076204606085398764,,,,,80.0
2025-09-08 05:34:33.000,2025-09-08 05:35:52,2076204606085415148,,,47.0,567360.0,
2025-09-08 05:34:40.000,2025-09-08 05:35:52,2076204606085447916,,,,,71.0
2025-09-08 05:34:47.000,2025-09-08 05:35:52,2076204606085464300,71.2334940458185,,,,
2025-09-08 05:34:51.000,2025-09-08 05:35:52,2076204606085480684,,,,,67.0
2025-09-08 05:35:01.000,2025-09-08 05:35:52,2076204606085497068,,,,,63.0
2025-09-08 05:35:03.000,2025-09-08 05:35:52,2076204606085513452,61.38455555075409,,,,
2025-09-08 05:35:12.000,2025-09-08 05:35:52,2076204606085546220,,,,,27.0
2025-09-08 05:35:16.000,2025-09-08 05:35:23,2076204485490770156,,53.0,,,
2025-09-08 05:35:20.000,2025-09-08 05:35:52,2076204606085578988,8.246958089229384,,,,
2025-09-08 05:35:22.000,2025-09-08 05:35:52,2076204606085595372,,,,,1.0
2025-09-08 05:35:32.000,2025-09-08 05:36:52,2076204861447258348,,,,,0.0
2025-09-08 05:35:33.000,2025-09-08 05:36:52,2076204861447291116,,,47.0,567380.0,
2025-09-08 05:35:37.005,2025-09-08 05:36:52,2076204861447454956,28.398575194305717,,,,
2025-09-08 05:35:42.000,2025-09-08 05:36:52,2076204861447504108,,,,,30.000000000000004
2025-09-08 05:35:46.000,2025-09-08 05:36:52,2076204861447520492,35.54914900578442,,,,
2025-09-08 05:35:53.000,2025-09-08 05:36:52,2076204861447553260,,,,,52.0
2025-09-08 05:36:03.000,2025-09-08 05:36:52,2076204861447569644,,,,,56.0
2025-09-08 05:36:14.000,2025-09-08 05:36:52,2076204861447602412,,,,,55.0
2025-09-08 05:36:17.000,2025-09-08 05:36:19,2076204719327412460,,50.0,,,
2025-09-08 05:36:24.000,2025-09-08 05:36:52,2076204861447635180,,,,,36.0
2025-09-08 05:36:29.000,2025-09-08 05:36:52,2076204861447651564,19.696024989659666,,,,
2025-09-08 05:36:33.000,2025-09-08 05:37:53,2076205116741910764,,,47.0,567430.0,
2025-09-08 05:36:34.000,2025-09-08 05:37:53,2076205116741927148,,,,,30.000000000000004
2025-09-08 05:36:36.000,2025-09-08 05:37:53,2076205116741943532,28.850463308784036,,,,
2025-09-08 05:36:44.000,2025-09-08 05:37:53,2076205116742074604,29.824615555569277,,,,
2025-09-08 05:36:45.000,2025-09-08 05:37:53,2076205116742090988,,,,,32.0
2025-09-08 05:36:50.000,2025-09-08 05:37:53,2076205116742107372,42.610826794742785,,,,
2025-09-08 05:36:55.000,2025-09-08 05:37:53,2076205116742123756,51.25040898343694,,,,51.0
2025-09-08 05:37:06.000,2025-09-08 05:37:53,2076205116742140140,,,,,68.0
2025-09-08 05:37:16.000,2025-09-08 05:37:53,2076205116742172908,,,,,66.0
2025-09-08 05:37:18.000,2025-09-08 05:37:22,2076204986445988076,,50.0,,,
2025-09-08 05:37:26.000,2025-09-08 05:37:53,2076205116742222060,,,,,41.0
2025-09-08 05:37:30.000,2025-09-08 05:37:53,2076205116742238444,26.309518665078063,,,,
2025-09-08 05:37:34.000,2025-09-08 05:38:54,2076205371101282540,,,47.0,567490.0,
2025-09-08 05:37:37.000,2025-09-08 05:38:54,2076205371101298924,,,,,25.0
2025-09-08 05:37:39.000,2025-09-08 05:38:54,2076205371101315308,23.964886071104473,,,,
2025-09-08 05:37:46.000,2025-09-08 05:38:54,2076205371101331692,34.46017272991043,,,,
2025-09-08 05:37:47.000,2025-09-08 05:38:54,2076205371101348076,,,,,39.0
2025-09-08 05:37:58.000,2025-09-08 05:38:54,2076205371101364460,,,,,34.0
2025-09-08 05:38:08.000,2025-09-08 05:38:54,2076205371101380844,,,,,35.0
2025-09-08 05:38:18.000,2025-09-08 05:38:54,2076205371101413612,,,,,23.0
2025-09-08 05:38:19.000,2025-09-08 05:38:21,2076205232173351148,,46.0,,,
2025-09-08 05:38:29.000,2025-09-08 05:38:54,2076205371101462764,,,,,56.0
2025-09-08 05:38:34.000,2025-09-08 05:40:06,2076205671681884396,,,47.0,567520.0,
2025-09-08 05:38:36.000,2025-09-08 05:40:06,2076205671681917164,64.66074438072192,,,,
2025-09-08 05:38:39.000,2025-09-08 05:40:06,2076205671681933548,,,,,67.0
2025-09-08 05:38:50.000,2025-09-08 05:40:06,2076205671681949932,,,,,66.0
2025-09-08 05:39:10.000,2025-09-08 05:40:06,2076205671681999084,,,,,76.0
2025-09-08 05:39:20.000,2025-09-08 05:39:22,2076205487291891948,,45.0,,,
2025-09-08 05:39:21.000,2025-09-08 05:40:06,2076205671682015468,,,,,78.0
2025-09-08 05:39:24.000,2025-09-08 05:40:06,2076205671682048236,76.05054726613865,,,,
2025-09-08 05:39:31.000,2025-09-08 05:40:06,2076205671682064620,,,,,77.0
2025-09-08 05:39:34.000,2025-09-08 05:40:06,2076205671682081004,,,47.0,567620.0,
2025-09-08 05:39:42.000,2025-09-08 05:40:55,2076205880440799468,,,,,73.0
2025-09-08 05:39:52.000,2025-09-08 05:40:55,2076205880440815852,,,,,70.0
2025-09-08 05:40:13.000,2025-09-08 05:40:55,2076205880440865004,,,,,68.0
2025-09-08 05:40:21.000,2025-09-08 05:40:22,2076205740283920620,,46.0,,,
2025-09-08 05:40:23.000,2025-09-08 05:40:55,2076205880440946924,,,,,62.0
2025-09-08 05:40:34.000,2025-09-08 05:40:55,2076205880440979692,,,,,50.0
2025-09-08 05:40:35.000,2025-09-08 05:43:31,2076206531233202412,,,46.0,567650.0,
2025-09-08 05:40:44.000,2025-09-08 05:43:31,2076206531233235180,,,,,31.0
2025-09-08 05:40:53.000,2025-09-08 05:43:31,2076206531233251564,13.984455542728739,,,,
2025-09-08 05:40:54.000,2025-09-08 05:43:31,2076206531233267948,,,,,17.0
2025-09-08 05:41:05.000,2025-09-08 05:43:31,2076206531233284332,,,,,45.0
2025-09-08 05:41:15.000,2025-09-08 05:43:31,2076206531233317100,,,,,65.0
2025-09-08 05:41:22.000,2025-09-08 05:41:23,2076205996950159596,,43.0,,,
2025-09-08 05:41:26.000,2025-09-08 05:43:31,2076206531233349868,,,,,70.0
2025-09-08 05:41:35.000,2025-09-08 05:43:31,2076206531233366252,,,46.0,567700.0,
2025-09-08 05:41:36.000,2025-09-08 05:43:31,2076206531233382636,,,,,73.0
2025-09-08 05:41:46.000,2025-09-08 05:43:31,2076206531233497324,,,,,76.0
2025-09-08 05:41:57.000,2025-09-08 05:43:31,2076206531233513708,,,,,75.0
2025-09-08 05:42:07.000,2025-09-08 05:43:31,2076206531233530092,,,,,64.0
2025-09-08 05:42:18.000,2025-09-08 05:43:31,2076206531233562860,,,,,60.00000000000001
2025-09-08 05:42:23.000,2025-09-08 05:42:49,2076206357131821292,,46.0,,,
2025-09-08 05:42:24.000,2025-09-08 05:43:31,2076206531233579244,53.59133757647219,,,,
2025-09-08 05:42:28.000,2025-09-08 05:43:31,2076206531233628396,,,,,51.0
2025-09-08 05:42:35.000,2025-09-08 05:43:31,2076206531233644780,,,46.0,567740.0,
2025-09-08 05:42:38.000,2025-09-08 05:43:31,2076206531233661164,,,,,27.0
2025-09-08 05:42:49.000,2025-09-08 05:43:31,2076206531233693932,,,,,40.0
2025-09-08 05:42:59.000,2025-09-08 05:43:31,2076206531233710316,,,,,53.0
2025-09-08 05:43:10.000,2025-09-08 05:44:31,2076206785156350188,,,,,48.0
2025-09-08 05:43:20.000,2025-09-08 05:44:31,2076206785156382956,,,,,52.0
2025-09-08 05:43:24.000,2025-09-08 05:43:26,2076206510442021100,,43.0,,,
2025-09-08 05:43:30.000,2025-09-08 05:44:31,2076206785156432108,,,,,58.0
2025-09-08 05:43:35.000,2025-09-08 05:44:31,2076206785156448492,,,46.0,567780.0,
2025-09-08 05:43:51.000,2025-09-08 05:44:31,2076206785156497644,,,,,52.0
2025-09-08 05:43:54.000,2025-09-08 05:44:31,2076206785156514028,43.0497509059369,,,,
2025-09-08 05:44:01.000,2025-09-08 05:44:31,2076206785156530412,,,,,22.0
2025-09-08 05:44:12.000,2025-09-08 05:45:32,2076207039465439468,,,,,17.0
2025-09-08 05:44:22.000,2025-09-08 05:45:32,2076207039465455852,,,,,22.0
2025-09-08 05:44:25.000,2025-09-08 05:44:30,2076206781750575340,,46.0,,,
2025-09-08 05:44:33.000,2025-09-08 05:45:32,2076207039465488620,,,,,19.0
2025-09-08 05:44:36.000,2025-09-08 05:45:32,2076207039465505004,,,46.0,567820.0,
2025-09-08 05:44:43.000,2025-09-08 05:45:32,2076207039465537772,,,,,22.0
2025-09-08 05:44:53.000,2025-09-08 05:45:32,2076207039465554156,,,,,13.0
2025-09-08 05:45:04.000,2025-09-08 05:45:32,2076207039465701612,,,,,0.0
2025-09-08 05:45:14.000,2025-09-08 05:46:32,2076207293396959468,,,,,48.0
2025-09-08 05:45:24.000,2025-09-08 05:46:32,2076207293396992236,63.76993215504948,,,,65.0
2025-09-08 05:45:27.000,2025-09-08 05:45:30,2076207031701766380,,40.0,,,
2025-09-08 05:45:34.000,2025-09-08 05:46:32,2076207293397041388,,,,,66.0
2025-09-08 05:45:37.000,2025-09-08 05:46:32,2076207293397057772,,,46.0,567870.0,
2025-09-08 05:45:45.000,2025-09-08 05:46:32,2076207293397090540,,,,,60.00000000000001
2025-09-08 05:45:52.000,2025-09-08 05:46:32,2076207293397106924,59.28809101964972,,,,
2025-09-08 05:45:55.000,2025-09-08 05:46:32,2076207293397123308,,,,,63.0
2025-09-08 05:46:06.000,2025-09-08 05:46:32,2076207293397139692,,,,,70.0
2025-09-08 05:46:16.000,2025-09-08 05:47:33,2076207547383038188,,,,,65.0
2025-09-08 05:46:26.000,2025-09-08 05:47:33,2076207547383054572,,,,,39.0
2025-09-08 05:46:28.000,2025-09-08 05:46:29,2076207279329247468,,51.0,,,
2025-09-08 05:46:37.000,2025-09-08 05:47:33,2076207547383103724,,,46.0,567880.0,29.0
2025-09-08 05:46:47.000,2025-09-08 05:47:33,2076207547383234796,,,,,52.0
2025-09-08 05:46:57.000,2025-09-08 05:47:33,2076207547383251180,,,,,32.0
2025-09-08 05:47:08.000,2025-09-08 05:47:33,2076207547383267564,,,,,57.0
2025-09-08 05:47:10.000,2025-09-08 05:47:33,2076207547383283948,62.343891793785915,,,,
2025-09-08 05:47:18.000,2025-09-08 05:48:38,2076207819664670956,,,,,73.0
2025-09-08 05:47:29.000,2025-09-08 05:47:30,2076207534934327532,,43.0,,,
2025-09-08 05:47:29.000,2025-09-08 05:48:38,2076207819664687340,,,,,76.0
2025-09-08 05:47:37.000,2025-09-08 05:48:38,2076207819664720108,,,46.0,567980.0,
2025-09-08 05:47:39.000,2025-09-08 05:48:38,2076207819664736492,,,,,70.0
2025-09-08 05:47:50.000,2025-09-08 05:48:38,2076207819664769260,,,,,71.0
2025-09-08 05:48:00.000,2025-09-08 05:48:38,2076207819664785644,,,,,74.0
2025-09-08 05:48:10.000,2025-09-08 05:48:38,2076207819664802028,,,,,73.0
2025-09-08 05:48:21.000,2025-09-08 05:51:03,2076208429864583404,,,,,74.0
2025-09-08 05:48:30.000,2025-09-08 05:48:38,2076207820897779948,,50.0,,,
2025-09-08 05:48:31.000,2025-09-08 05:51:03,2076208429864599788,,,,,76.0
2025-09-08 05:48:37.000,2025-09-08 05:51:03,2076208429864648940,,,46.0,568020.0,
2025-09-08 05:48:40.000,2025-09-08 05:51:03,2076208429864665324,70.97050997919585,,,,
2025-09-08 05:48:42.000,2025-09-08 05:51:03,2076208429864681708,,,,,70.0
2025-09-08 05:48:52.000,2025-09-08 05:51:03,2076208429864714476,,,,,62.0
2025-09-08 05:49:02.000,2025-09-08 05:51:03,2076208429864730860,,,,,46.0
2025-09-08 05:49:13.000,2025-09-08 05:51:03,2076208429864747244,,,,,26.0
2025-09-08 05:49:23.000,2025-09-08 05:51:03,2076208429864780012,,,,,5.0
2025-09-08 05:49:31.000,2025-09-08 05:50:15,2076208227762045164,,45.0,,,
2025-09-08 05:49:34.000,2025-09-08 05:51:03,2076208429864845548,,,,,10.0
2025-09-08 05:49:35.000,2025-09-08 05:51:03,2076208429864861932,10.2619345996901,,,,
2025-09-08 05:49:38.000,2025-09-08 05:51:03,2076208429864894700,,,46.0,,
2025-09-08 05:49:44.000,2025-09-08 05:51:03,2076208429864911084,30.93766783754252,,,,32.0
2025-09-08 05:49:54.000,2025-09-08 05:51:03,2076208429864927468,,,,,55.0
2025-09-08 05:49:56.000,2025-09-08 05:51:03,2076208429864943852,53.315389506565346,,,,
2025-09-08 05:50:05.000,2025-09-08 05:51:03,2076208429864960236,,,,,44.0
2025-09-08 05:50:15.000,2025-09-08 05:51:03,2076208429864993004,,,,,39.0
2025-09-08 05:50:26.000,2025-09-08 05:51:03,2076208429865042156,,,,,36.0
2025-09-08 05:50:32.000,2025-09-08 05:50:33,2076208303561507052,,50.0,,,
2025-09-08 05:50:34.000,2025-09-08 05:51:03,2076208429865058540,22.68700574737479,,,,
2025-09-08 05:50:36.000,2025-09-08 05:51:03,2076208429865091308,,,,,26.0
2025-09-08 05:50:38.000,2025-09-08 05:51:03,2076208429865107692,,,46.0,568060.0,
2025-09-08 05:50:41.000,2025-09-08 05:51:03,2076208429865124076,27.994839092025906,,,,
2025-09-08 05:50:46.000,2025-09-08 05:52:04,2076208684991561964,,,,,43.0
2025-09-08 05:50:47.000,2025-09-08 05:52:04,2076208684991578348,44.17576719119436,,,,
2025-09-08 05:50:57.000,2025-09-08 05:52:04,2076208684991594732,,,,,68.0
2025-09-08 05:51:07.000,2025-09-08 05:52:04,2076208684991611116,,,,,79.0
2025-09-08 05:51:18.000,2025-09-08 05:52:04,2076208684991643884,,,,,73.0
2025-09-08 05:51:28.000,2025-09-08 05:52:04,2076208684991660268,,,,,68.0
2025-09-08 05:51:33.000,2025-09-08 05:51:36,2076208566825386220,,43.0,,,
2025-09-08 05:51:38.000,2025-09-08 05:52:04,2076208684991693036,,,46.0,568170.0,65.0
2025-09-08 05:51:49.000,2025-09-08 05:53:05,2076208940378554604,,,,,58.0
2025-09-08 05:51:59.000,2025-09-08 05:53:05,2076208940378587372,,,,,56.0
2025-09-08 05:52:10.000,2025-09-08 05:53:05,2076208940378603756,,,,,32.0
2025-09-08 05:52:19.000,2025-09-08 05:53:05,2076208940378636524,29.157895386666834,,,,
2025-09-08 05:52:20.000,2025-09-08 05:53:05,2076208940378652908,,,,,31.0
2025-09-08 05:52:30.000,2025-09-08 05:53:05,2076208940378669292,,,,,60.00000000000001
2025-09-08 05:52:34.000,2025-09-08 05:52:36,2076208818919833836,,41.0,,,
2025-09-08 05:52:39.000,2025-09-08 05:53:05,2076208940378702060,,,46.0,568260.0,
2025-09-08 05:52:41.000,2025-09-08 05:53:05,2076208940378718444,,,,,69.0
2025-09-08 05:52:51.000,2025-09-08 05:54:06,2076209196096815340,,,,,72.0
2025-09-08 05:53:02.000,2025-09-08 05:54:06,2076209196096831724,,,,,45.0
2025-09-08 05:53:12.000,2025-09-08 05:54:06,2076209196096848108,,,,,23.0
2025-09-08 05:53:22.000,2025-09-08 05:54:06,2076209196096880876,,,,,52.0
2025-09-08 05:53:33.000,2025-09-08 05:54:06,2076209196096897260,,,,,65.0
2025-09-08 05:53:35.000,2025-09-08 05:53:37,2076209075439272172,,46.0,,,
2025-09-08 05:53:39.000,2025-09-08 05:54:06,2076209196096946412,,,46.0,568280.0,
2025-09-08 05:53:43.000,2025-09-08 05:54:06,2076209196096962796,,,,,66.0
2025-09-08 05:53:49.000,2025-09-08 05:55:07,2076209452846940396,64.04958422589469,,,,
2025-09-08 05:53:54.000,2025-09-08 05:55:07,2076209452888883436,,,,,69.0
2025-09-08 05:54:04.000,2025-09-08 05:55:07,2076209452888899820,,,,,67.0
2025-09-08 05:54:14.000,2025-09-08 05:55:07,2076209452888916204,,,,,41.0
2025-09-08 05:54:22.000,2025-09-08 05:55:07,2076209452888948972,30.40058770148222,,,,
2025-09-08 05:54:25.000,2025-09-08 05:55:07,2076209452888965356,,,,,34.0
2025-09-08 05:54:30.000,2025-09-08 05:55:07,2076209452888981740,31.743288041632976,,,,
2025-09-08 05:54:35.000,2025-09-08 05:55:07,2076209452888998124,,,,,52.0
2025-09-08 05:54:36.000,2025-09-08 05:54:38,2076209328666181868,,51.0,,,
2025-09-08 05:54:39.000,2025-09-08 05:55:07,2076209452889014508,,,46.0,568330.0,
2025-09-08 05:54:46.000,2025-09-08 05:55:07,2076209452889030892,,,,,69.0
2025-09-08 05:54:52.000,2025-09-08 05:56:09,2076209711383871724,60.61041935463957,,,,
2025-09-08 05:54:56.000,2025-09-08 05:56:09,2076209711425831148,,,,,68.0
2025-09-08 05:55:06.000,2025-09-08 05:56:09,2076209711425847532,,,,,66.0
2025-09-08 05:55:17.000,2025-09-08 05:56:09,2076209711425880300,,,,,79.0
2025-09-08 05:55:37.000,2025-09-08 05:55:39,2076209587664453868,,36.0,,,
2025-09-08 05:55:38.000,2025-09-08 05:56:09,2076209711425929452,,,,,77.0
2025-09-08 05:55:40.000,2025-09-08 05:56:09,2076209711425945836,,,46.0,568470.0,
2025-09-08 05:55:48.000,2025-09-08 05:57:09,2076209962337435884,,,,,80.0
2025-09-08 05:55:58.000,2025-09-08 05:57:09,2076209962379378924,,,,,77.0
2025-09-08 05:56:09.000,2025-09-08 05:57:09,2076209962379395308,,,,,84.0
2025-09-08 05:56:19.000,2025-09-08 05:57:09,2076209962379428076,,,,,91.0
2025-09-08 05:56:22.000,2025-09-08 05:57:09,2076209962379444460,87.77926623741412,,,,
2025-09-08 05:56:30.000,2025-09-08 05:57:09,2076209962379460844,,,,,85.0
2025-09-08 05:56:38.000,2025-09-08 05:56:39,2076209837686915308,,46.0,,,
2025-09-08 05:56:40.000,2025-09-08 05:57:09,2076209962379477228,,,46.0,568590.0,88.0
2025-09-08 05:56:50.001,2025-09-08 05:58:09,2076210217414066412,,,,,83.0
2025-09-08 05:57:01.000,2025-09-08 05:58:09,2076210217414164716,,,,,81.0
2025-09-08 05:57:11.000,2025-09-08 05:58:09,2076210217414181100,,,,,80.0
2025-09-08 05:57:22.000,2025-09-08 05:58:09,2076210217414213868,,,,,79.0
2025-09-08 05:57:32.000,2025-09-08 05:58:09,2076210217414230252,,,,,84.0
2025-09-08 05:57:39.000,2025-09-08 05:57:40,2076210093715620076,,48.0,,,
2025-09-08 05:57:40.000,2025-09-08 05:58:09,2076210217414246636,,,45.0,568670.0,
2025-09-08 05:57:42.000,2025-09-08 05:58:09,2076210217414279404,,,,,85.0
2025-09-08 05:57:43.000,2025-09-08 05:58:09,2076210217414295788,83.6511571916265,,,,
2025-09-08 05:57:53.000,2025-09-08 05:59:10,2076210472029257964,,,,,86.0
2025-09-08 05:58:03.000,2025-09-08 05:59:10,2076210472071201004,,,,,85.0
2025-09-08 05:58:14.000,2025-09-08 05:59:10,2076210472071217388,,,,,79.0
2025-09-08 05:58:24.000,2025-09-08 05:59:10,2076210472071250156,,,,,77.0
2025-09-08 05:58:34.000,2025-09-08 05:59:10,2076210472071266540,,,,,73.0
2025-09-08 05:58:40.000,2025-09-08 05:58:41,2076210351380103404,,45.0,,,
2025-09-08 05:58:41.000,2025-09-08 05:59:10,2076210472071282924,,,45.0,568730.0,
2025-09-08 05:58:45.000,2025-09-08 05:59:10,2076210472071332076,,,,,83.0
2025-09-08 05:58:55.000,2025-09-08 06:00:11,2076210726761922796,,,,,82.0
2025-09-08 05:59:05.000,2025-09-08 06:00:11,2076210726803865836,,,,,81.0
2025-09-08 05:59:14.000,2025-09-08 06:00:11,2076210726803882220,72.75398643100989,,,,
2025-09-08 05:59:16.000,2025-09-08 06:00:11,2076210726803898604,,,,,75.0
2025-09-08 05:59:26.000,2025-09-08 06:00:11,2076210726803931372,,,,,81.0
2025-09-08 05:59:40.000,2025-09-08 05:59:42,2076210605206798572,,41.0,,,
2025-09-08 05:59:41.000,2025-09-08 06:00:11,2076210726803964140,,,45.0,568790.0,
2025-09-08 05:59:47.000,2025-09-08 06:00:11,2076210726804013292,,,,,83.0
2025-09-08 05:59:57.000,2025-09-08 06:01:12,2076210982119538924,,,,,81.0
2025-09-08 06:00:08.000,2025-09-08 06:01:12,2076210982161481964,,,,,78.0
2025-09-08 06:00:18.000,2025-09-08 06:01:12,2076210982161514732,,,,,86.0
2025-09-08 06:00:29.000,2025-09-08 06:01:12,2076210982161580268,,,,,82.0
2025-09-08 06:00:39.000,2025-09-08 06:01:12,2076210982161596652,,,,,77.0
2025-09-08 06:00:41.000,2025-09-08 06:00:43,2076210861302612204,,43.0,,,
2025-09-08 06:00:41.000,2025-09-08 06:01:12,2076210982161613036,,,45.0,568850.0,
2025-09-08 06:00:43.000,2025-09-08 06:01:12,2076210982161629420,75.21714705501059,,,,
2025-09-08 06:00:49.000,2025-09-08 06:01:12,2076210982161694956,,,,,76.0
2025-09-08 06:01:10.000,2025-09-08 06:02:13,2076211237787533548,,,,,80.0
2025-09-08 06:01:31.000,2025-09-08 06:02:13,2076211237787582700,,,,,82.0
2025-09-08 06:01:41.000,2025-09-08 06:02:13,2076211237787599084,,,45.0,568900.0,62.0
2025-09-08 06:01:42.000,2025-09-08 06:01:47,2076211128634966252,,45.0,,,
2025-09-08 06:01:52.000,2025-09-08 06:02:13,2076211237787664620,,,,,51.0
2025-09-08 06:02:02.000,2025-09-08 06:03:14,2076211493229117676,58.62322285121646,,,,59.0
2025-09-08 06:02:12.000,2025-09-08 06:03:14,2076211493229134060,,,,,33.0
2025-09-08 06:02:14.000,2025-09-08 06:03:14,2076211493229150444,31.84514806743751,,,,
2025-09-08 06:02:21.000,2025-09-08 06:03:14,2076211493229183212,38.59568977757475,,,,
2025-09-08 06:02:23.000,2025-09-08 06:03:14,2076211493229199596,,,,,37.0
2025-09-08 06:02:27.000,2025-09-08 06:03:14,2076211493229215980,32.750776296863336,,,,
2025-09-08 06:02:32.000,2025-09-08 06:03:14,2076211493229232364,34.66944878292703,,,,
2025-09-08 06:02:33.000,2025-09-08 06:03:14,2076211493229248748,,,,,42.0
2025-09-08 06:02:41.000,2025-09-08 06:03:14,2076211493229265132,,,46.0,568930.0,
2025-09-08 06:02:43.000,2025-09-08 06:02:44,2076211370575003884,,53.0,,,
2025-09-08 06:02:44.000,2025-09-08 06:03:14,2076211493229281516,,,,,37.0
2025-09-08 06:02:50.000,2025-09-08 06:03:14,2076211493229330668,22.486989696704057,,,,
2025-09-08 06:02:54.000,2025-09-08 06:04:14,2076211748477599980,,,,,34.0
2025-09-08 06:03:04.000,2025-09-08 06:04:14,2076211748523737324,,,,,59.0
2025-09-08 06:03:15.000,2025-09-08 06:04:14,2076211748523753708,,,,,65.0
2025-09-08 06:03:25.000,2025-09-08 06:04:14,2076211748523786476,,,,,59.0
2025-09-08 06:03:35.000,2025-09-08 06:04:14,2076211748523819244,,,,,36.0
2025-09-08 06:03:42.000,2025-09-08 06:04:14,2076211748523852012,,,45.0,568970.0,
2025-09-08 06:03:44.000,2025-09-08 06:03:45,2076211625416769772,,38.0,,,
2025-09-08 06:03:46.000,2025-09-08 06:04:14,2076211748523868396,,,,,35.0
2025-09-08 06:03:56.000,2025-09-08 06:05:16,2076212006062391532,,,,,38.0
2025-09-08 06:04:07.000,2025-09-08 06:05:16,2076212006062407916,,,,,17.0
2025-09-08 06:04:17.000,2025-09-08 06:05:16,2076212006062424300,,,,,48.0
2025-09-08 06:04:20.000,2025-09-08 06:05:16,2076212006062457068,48.52056029187528,,,,
2025-09-08 06:04:27.000,2025-09-08 06:05:16,2076212006062473452,,,,,42.0
2025-09-08 06:04:35.000,2025-09-08 06:05:16,2076212006062489836,41.17182243019502,,,,
2025-09-08 06:04:38.000,2025-09-08 06:05:16,2076212006062506220,,,,,46.0
2025-09-08 06:04:42.000,2025-09-08 06:05:16,2076212006062522604,,,45.0,569030.0,
2025-09-08 06:04:45.000,2025-09-08 06:04:48,2076211890047942892,,54.0,,,
2025-09-08 06:04:48.000,2025-09-08 06:05:16,2076212006062555372,,,,,19.0
2025-09-08 06:04:57.000,2025-09-08 06:06:16,2076212257255080172,32.93597634378067,,,,
2025-09-08 06:04:59.000,2025-09-08 06:06:16,2076212257255096556,,,,,35.0
2025-09-08 06:05:09.000,2025-09-08 06:06:16,2076212257255112940,,,,,39.0
2025-09-08 06:05:20.000,2025-09-08 06:06:16,2076212257255145708,,,,,24.0
2025-09-08 06:05:23.000,2025-09-08 06:06:16,2076212257255162092,8.074722045596253,,,,
2025-09-08 06:05:30.000,2025-09-08 06:06:16,2076212257255227628,,,,,13.0
2025-09-08 06:05:35.000,2025-09-08 06:06:16,2076212257255244012,17.544000444480115,,,,
2025-09-08 06:05:40.000,2025-09-08 06:06:16,2076212257255260396,,,,,29.0
2025-09-08 06:05:42.000,2025-09-08 06:06:16,2076212257255276780,,,45.0,569090.0,
2025-09-08 06:05:47.000,2025-09-08 06:05:48,2076212140204622060,,56.00000000000001,,,
2025-09-08 06:05:51.000,2025-09-08 06:06:16,2076212257255309548,,,,,14.0
2025-09-08 06:06:01.000,2025-09-08 06:07:17,2076212513938079980,,,,,20.0
2025-09-08 06:06:03.000,2025-09-08 06:07:17,2076212513938096364,20.983165315735217,,,,
2025-09-08 06:06:11.000,2025-09-08 06:07:17,2076212513938112748,,,,,26.0
2025-09-08 06:06:22.000,2025-09-08 06:07:17,2076212513938145516,,,,,25.0
2025-09-08 06:06:32.000,2025-09-08 06:07:17,2076212513938178284,,,,,0.0
2025-09-08 06:06:42.000,2025-09-08 06:07:17,2076212513942454508,,,,,29.0
2025-09-08 06:06:43.000,2025-09-08 06:07:17,2076212513942470892,,,45.0,569100.0,
2025-09-08 06:06:47.000,2025-09-08 06:06:52,2076212409235669228,,51.0,,,
2025-09-08 06:06:53.000,2025-09-08 06:07:17,2076212513942536428,,,,,31.0
2025-09-08 06:07:00.000,2025-09-08 06:08:18,2076212768507232492,27.507762968633287,,,,
2025-09-08 06:07:03.000,2025-09-08 06:08:18,2076212768507248876,,,,,17.0
2025-09-08 06:07:09.000,2025-09-08 06:08:18,2076212768507265260,23.174081870767406,,,,
2025-09-08 06:07:14.000,2025-09-08 06:08:18,2076212768507281644,,,,,13.0
2025-09-08 06:07:22.000,2025-09-08 06:08:18,2076212768507314412,34.41202071771192,,,,
2025-09-08 06:07:24.000,2025-09-08 06:08:18,2076212768507330796,,,,,36.0
2025-09-08 06:07:34.000,2025-09-08 06:08:18,2076212768507347180,,,,,26.0
2025-09-08 06:07:44.000,2025-09-08 06:08:18,2076212768507363564,,,45.0,569130.0,
2025-09-08 06:07:45.000,2025-09-08 06:08:18,2076212768507379948,,,,,10.0
2025-09-08 06:07:47.000,2025-09-08 06:08:18,2076212768507396332,10.508250662090168,,,,
2025-09-08 06:07:48.000,2025-09-08 06:07:50,2076212650626253036,,43.0,,,
2025-09-08 06:07:55.000,2025-09-08 06:08:18,2076212768507478252,,,,,11.0
2025-09-08 06:08:05.000,2025-09-08 06:09:19,2076213025156628716,,,,,8.0
2025-09-08 06:08:16.000,2025-09-08 06:09:19,2076213025198588140,,,,,1.0
2025-09-08 06:08:26.000,2025-09-08 06:09:19,2076213025198620908,,,,,0.0
2025-09-08 06:08:37.000,2025-09-08 06:09:19,2076213025198637292,,,,,1.0
2025-09-08 06:08:44.000,2025-09-08 06:09:19,2076213025198653676,,,45.0,569140.0,
2025-09-08 06:08:47.000,2025-09-08 06:09:19,2076213025198670060,,,,,0.0
2025-09-08 06:08:50.000,2025-09-08 06:08:51,2076212909104447724,,40.0,,,
2025-09-08 06:09:16.000,2025-09-08 06:10:28,2076213315050143980,0.12593603190379477,,,,
2025-09-08 06:09:44.000,2025-09-08 06:10:28,2076213315050225900,,,45.0,,
2025-09-08 06:10:45.000,2025-09-08 06:11:29,2076213570013577452,,,45.0,,
2025-09-08 06:11:46.000,2025-09-08 06:12:29,2076213823941050604,,,45.0,,
2025-09-08 06:12:46.000,2025-09-08 06:13:30,2076214078312874220,,,45.0,,
2025-09-08 06:13:46.000,2025-09-08 06:14:31,2076214333968302316,,,45.0,,
2025-09-08 06:14:16.000,2025-09-08 06:15:32,2076214589355196652,0.0,,,,
2025-09-08 06:14:47.000,2025-09-08 06:15:32,2076214589397205228,,,45.0,,
2025-09-08 06:15:55.000,2025-09-08 06:24:00,2076216722687262956,,,45.0,,
2025-09-08 06:23:10.000,2025-09-08 06:24:00,2076216722687295724,,,45.0,,
2025-09-08 06:24:11.000,2025-09-08 06:25:01,2076216978456019180,,,45.0,,
2025-09-08 06:25:11.000,2025-09-08 06:26:02,2076217232785981676,,,45.0,,
2025-09-08 06:26:12.000,2025-09-08 06:27:03,2076217487766126828,,,45.0,,
2025-09-08 06:26:17.000,2025-09-08 06:27:03,2076217487766143212,0.20557205207825321,,,,
2025-09-08 06:27:12.000,2025-09-08 06:28:04,2076217744457548012,,,45.0,,
2025-09-08 06:28:13.000,2025-09-08 06:29:04,2076217995440472300,,,45.0,,
2025-09-08 06:29:13.000,2025-09-08 06:30:05,2076218250139582700,,,45.0,,
2025-09-08 06:30:14.000,2025-09-08 06:31:06,2076218506814193900,,,45.0,,
2025-09-08 06:31:21.000,2025-09-09 06:32:32,2076581254400049388,0.0,,45.0,,
2025-09-09 06:31:30.000,2025-09-09 06:32:33,2076581260196577516,,,45.0,,
2025-09-09 06:32:31.000,2025-09-10 06:33:33,2076943898940293356,,,45.0,,
2025-09-10 06:32:42.000,2025-09-10 06:33:34,2076943904687014124,,,45.0,,
2025-09-10 06:33:42.000,2025-09-11 06:34:42,2077306578658132204,,,45.0,,
2025-09-11 06:33:52.000,2025-09-11 06:34:45,2077306590066639084,,,45.0,,
2025-09-11 16:35:17.000,2025-09-11 16:36:08,2077457931426595052,,,45.0,,
2025-09-11 16:36:07.000,2025-09-11 16:36:08,2077457933041402092,,41.0,,,
2025-09-11 16:36:08.000,2025-09-11 16:36:29,2077458022506168556,,,,,2.0
2025-09-11 16:36:16.000,2025-09-11 16:37:44,2077458337301037292,9.563730422811707,,,,
2025-09-11 16:36:17.000,2025-09-11 16:37:44,2077458337301053676,,,45.0,569150.0,
2025-09-11 16:36:18.000,2025-09-11 16:37:44,2077458337301070060,,,,,12.0
2025-09-11 16:36:29.000,2025-09-11 16:37:44,2077458337301135596,,,,,27.0
2025-09-11 16:36:33.000,2025-09-11 16:37:44,2077458337301168364,24.618642236722703,,,,
2025-09-11 16:36:39.000,2025-09-11 16:37:44,2077458337301184748,,,,,19.0
2025-09-11 16:36:48.000,2025-09-11 16:37:44,2077458337301217516,19.833073024378503,,,,
2025-09-11 16:36:50.000,2025-09-11 16:37:44,2077458337301233900,,,,,22.0
2025-09-11 16:37:00.000,2025-09-11 16:37:44,2077458337301250284,24.346398167754206,,,,25.0
2025-09-11 16:37:09.000,2025-09-11 16:37:10,2077458193042112748,,51.0,,,
2025-09-11 16:37:10.000,2025-09-11 16:37:44,2077458337301266668,,,,,36.0
2025-09-11 16:37:18.000,2025-09-11 16:38:32,2077458534987006188,,,45.0,569240.0,
2025-09-11 16:37:20.000,2025-09-11 16:38:32,2077458534987038956,19.734916999512308,,,,
2025-09-11 16:37:21.000,2025-09-11 16:38:32,2077458534987055340,,,,,26.0
2025-09-11 16:37:31.000,2025-09-11 16:38:32,2077458535028900076,13.575163439041406,,,,0.0
2025-09-11 16:37:41.000,2025-09-11 16:38:32,2077458535029194988,,,,,39.0
2025-09-11 16:37:48.000,2025-09-11 16:38:32,2077458535029260524,30.813583806107903,,,,
2025-09-11 16:37:52.000,2025-09-11 16:38:32,2077458535029293292,,,,,32.0
2025-09-11 16:38:02.000,2025-09-11 16:38:32,2077458535029309676,,,,,34.0
2025-09-11 16:38:06.000,2025-09-11 16:38:32,2077458535029326060,33.89346058634335,,,,
2025-09-11 16:38:11.000,2025-09-11 16:38:11,2077458450446549228,,50.0,,,
2025-09-11 16:38:12.000,2025-09-11 16:39:32,2077458789363089644,,,,,23.0
2025-09-11 16:38:13.000,2025-09-11 16:39:32,2077458789405032684,23.82413403544729,,,,
2025-09-11 16:38:19.000,2025-09-11 16:39:32,2077458789405049068,,,44.0,569300.0,
2025-09-11 16:38:23.000,2025-09-11 16:39:32,2077458789405081836,,,,,41.0
2025-09-11 16:38:33.000,2025-09-11 16:39:32,2077458789405114604,,,,,20.0
2025-09-11 16:38:35.000,2025-09-11 16:39:32,2077458789405130988,17.388432405069544,,,,
2025-09-11 16:38:43.000,2025-09-11 16:39:32,2077458789405163756,,,,,41.0
2025-09-11 16:38:54.000,2025-09-11 16:39:32,2077458789405229292,,,,,34.0
2025-09-11 16:38:55.000,2025-09-11 16:39:32,2077458789405245676,35.78805706630779,,,,
2025-09-11 16:39:04.000,2025-09-11 16:39:32,2077458789405278444,,,,,31.0
2025-09-11 16:39:12.000,2025-09-11 16:39:13,2077458706747883756,,32.0,,,
2025-09-11 16:39:14.000,2025-09-11 16:40:33,2077459044292886764,,,,,35.0
2025-09-11 16:39:15.000,2025-09-11 16:40:33,2077459044292903148,34.89909684110454,,,,
2025-09-11 16:39:19.000,2025-09-11 16:40:33,2077459044292919532,,,45.0,569350.0,
2025-09-11 16:39:25.000,2025-09-11 16:40:33,2077459044292952300,,,,,46.0
2025-09-11 16:39:35.000,2025-09-11 16:40:33,2077459044292968684,,,,,48.0
2025-09-11 16:39:46.000,2025-09-11 16:40:33,2077459044292985068,,,,,29.0
2025-09-11 16:39:56.000,2025-09-11 16:40:33,2077459044293066988,,,,,0.0
2025-09-11 16:39:59.000,2025-09-11 16:40:33,2077459044293083372,17.01618031076568,,,,
2025-09-11 16:40:06.000,2025-09-11 16:40:33,2077459044293099756,,,,,46.0
2025-09-11 16:40:13.000,2025-09-11 16:40:14,2077458966580822252,,49.0,,,
2025-09-11 16:40:17.000,2025-09-11 16:41:34,2077459299700867308,,,,,28.0
2025-09-11 16:40:19.000,2025-09-11 16:41:34,2077459299700883692,,,44.0,569390.0,
2025-09-11 16:40:27.000,2025-09-11 16:41:34,2077459299700932844,,,,,59.0
2025-09-11 16:40:37.000,2025-09-11 16:41:34,2077459299700949228,,,,,62.0
2025-09-11 16:40:48.000,2025-09-11 16:41:34,2077459299700965612,,,,,69.0
2025-09-11 16:40:58.000,2025-09-11 16:41:34,2077459299701014764,,,,,47.0
2025-09-11 16:41:04.000,2025-09-11 16:41:34,2077459299701031148,24.5908622296851,,,,
2025-09-11 16:41:08.000,2025-09-11 16:41:34,2077459299701145836,,,,,45.0
2025-09-11 16:41:14.000,2025-09-11 16:41:15,2077459219010814188,,62.0,,,
2025-09-11 16:41:19.000,2025-09-11 16:42:35,2077459555800858860,,,45.0,569470.0,33.0
2025-09-11 16:41:22.000,2025-09-11 16:42:35,2077459555800891628,37.86229759178206,,,,
2025-09-11 16:41:26.000,2025-09-11 16:42:35,2077459555800924396,42.97752288763913,,,,
2025-09-11 16:41:29.000,2025-09-11 16:42:35,2077459555800940780,,,,,47.0
2025-09-11 16:41:31.000,2025-09-11 16:42:35,2077459555800957164,44.816559353528376,,,,
2025-09-11 16:41:36.000,2025-09-11 16:42:35,2077459555800989932,51.04298493088952,,,,
2025-09-11 16:41:40.000,2025-09-11 16:42:35,2077459555801006316,,,,,62.0
2025-09-11 16:41:50.000,2025-09-11 16:42:35,2077459555801055468,,,,,29.0
2025-09-11 16:42:00.000,2025-09-11 16:42:35,2077459555801088236,,,,,60.99999999999999
2025-09-11 16:42:01.000,2025-09-11 16:42:35,2077459555801104620,59.910363177292,,,,
2025-09-11 16:42:11.000,2025-09-11 16:42:35,2077459555801121004,,,,,72.0
2025-09-11 16:42:16.000,2025-09-11 16:42:16,2077459477639987436,,41.0,,,
2025-09-11 16:42:19.000,2025-09-11 16:43:36,2077459810642673900,,,44.0,569560.0,
2025-09-11 16:42:21.000,2025-09-11 16:43:36,2077459810642690284,,,,,88.0
2025-09-11 16:42:32.000,2025-09-11 16:43:36,2077459810642706668,,,,,92.0
2025-09-11 16:42:42.000,2025-09-11 16:43:36,2077459810642723052,,,,,85.0
2025-09-11 16:42:52.000,2025-09-11 16:43:36,2077459810642755820,,,,,86.0
2025-09-11 16:43:03.000,2025-09-11 16:43:36,2077459810642772204,,,,,93.0
2025-09-11 16:43:13.000,2025-09-11 16:43:36,2077459810642821356,,,,,84.0
2025-09-11 16:43:16.000,2025-09-11 16:43:27,2077459773028073708,,43.0,,,
2025-09-11 16:43:19.000,2025-09-11 16:44:36,2077460065668858092,,,44.0,569700.0,
2025-09-11 16:43:23.000,2025-09-11 16:44:36,2077460065668890860,,,,,82.0
2025-09-11 16:43:32.000,2025-09-11 16:44:36,2077460065668907244,79.9675282584405,,,,
2025-09-11 16:43:55.000,2025-09-11 16:44:36,2077460065668989164,,,,,77.0
2025-09-11 16:44:05.000,2025-09-11 16:44:36,2077460065669021932,,,,,83.0
2025-09-11 16:44:15.000,2025-09-11 16:44:36,2077460065669054700,,,,,85.0
2025-09-11 16:44:18.000,2025-09-11 16:44:25,2077460019028164844,,35.0,,,
2025-09-11 16:44:19.000,2025-09-11 16:45:37,2077460321043218668,,,44.0,569800.0,
2025-09-11 16:44:26.000,2025-09-11 16:45:37,2077460321043251436,,,,,82.0
2025-09-11 16:44:36.000,2025-09-11 16:45:37,2077460321043300588,,,,,78.0
2025-09-11 16:44:46.000,2025-09-11 16:45:37,2077460321043333356,,,,,90.0
2025-09-11 16:44:57.000,2025-09-11 16:45:37,2077460321085194476,,,,,85.0
2025-09-11 16:45:02.000,2025-09-11 16:45:37,2077460321085210860,73.04289850420095,,,,
2025-09-11 16:45:07.000,2025-09-11 16:45:37,2077460321085227244,,,,,75.0
2025-09-11 16:45:17.000,2025-09-11 16:45:37,2077460321085260012,,,,,80.0
2025-09-11 16:45:18.000,2025-09-11 16:45:19,2077460242844614892,,41.0,,,
2025-09-11 16:45:19.000,2025-09-11 16:46:38,2077460576325337324,,,44.0,569890.0,
2025-09-11 16:45:28.000,2025-09-11 16:46:38,2077460576367313132,,,,,65.0
2025-09-11 16:45:38.000,2025-09-11 16:46:38,2077460576367345900,,,,,70.0
2025-09-11 16:45:48.000,2025-09-11 16:46:38,2077460576367362284,,,,,79.0
2025-09-11 16:45:59.000,2025-09-11 16:46:38,2077460576367411436,,,,,81.0
2025-09-11 16:46:09.000,2025-09-11 16:46:38,2077460576367444204,,,,,75.0
2025-09-11 16:46:19.000,2025-09-11 16:46:20,2077460500299399404,,41.0,,,
2025-09-11 16:46:19.000,2025-09-11 16:47:39,2077460832752500972,,,,,69.0
2025-09-11 16:46:20.000,2025-09-11 16:47:39,2077460832752517356,,,44.0,569980.0,
2025-09-11 16:46:30.000,2025-09-11 16:47:39,2077460832752566508,,,,,70.0
2025-09-11 16:46:32.000,2025-09-11 16:47:39,2077460832752582892,72.0483742522548,,,,
2025-09-11 16:46:40.000,2025-09-11 16:47:39,2077460832752615660,,,,,77.0
2025-09-11 16:46:50.000,2025-09-11 16:47:39,2077460832752648428,,,,,79.0
2025-09-11 16:47:01.000,2025-09-11 16:47:39,2077460832752697580,,,,,73.0
2025-09-11 16:47:11.000,2025-09-11 16:47:39,2077460832752730348,,,,,72.0
2025-09-11 16:47:20.000,2025-09-11 16:47:21,2077460753991876844,,38.0,,,
2025-09-11 16:47:21.000,2025-09-11 16:48:40,2077461087728500972,,,44.0,570030.0,69.0
2025-09-11 16:47:32.000,2025-09-11 16:48:40,2077461087728599276,,,,,76.0
2025-09-11 16:47:42.000,2025-09-11 16:48:40,2077461087728632044,,,,,66.0
2025-09-11 16:47:52.000,2025-09-11 16:48:40,2077461087728664812,,,,,71.0
2025-09-11 16:48:03.000,2025-09-11 16:48:40,2077461087728697580,77.05618352089982,,,,78.0
2025-09-11 16:48:13.000,2025-09-11 16:48:40,2077461087728730348,,,,,73.0
2025-09-11 16:48:21.000,2025-09-11 16:48:23,2077461013925478636,,37.0,,,
2025-09-11 16:48:21.000,2025-09-11 16:49:42,2077461347813032172,,,44.0,570090.0,
2025-09-11 16:48:23.000,2025-09-11 16:49:42,2077461347813048556,,,,,77.0
2025-09-11 16:48:34.000,2025-09-11 16:49:42,2077461347813081324,,,,,78.0
2025-09-11 16:48:44.000,2025-09-11 16:49:42,2077461347813097708,,,,,69.0
2025-09-11 16:48:54.000,2025-09-11 16:49:42,2077461347813146860,,,,,66.0
2025-09-11 16:49:05.000,2025-09-11 16:49:42,2077461347813179628,,,,,64.0
2025-09-11 16:49:15.000,2025-09-11 16:49:42,2077461347813196012,,,,,59.0
2025-09-11 16:49:21.000,2025-09-11 16:50:43,2077461601476149484,52.250489236790614,,44.0,570100.0,
2025-09-11 16:49:22.000,2025-09-11 16:49:23,2077461268599423212,,40.0,,,
2025-09-11 16:49:26.000,2025-09-11 16:50:43,2077461601476198636,,,,,48.0
2025-09-11 16:49:36.000,2025-09-11 16:50:43,2077461601476215020,26.165062628482534,,,,25.0
2025-09-11 16:49:46.000,2025-09-11 16:50:43,2077461601476264172,,,,,23.0
2025-09-11 16:49:48.000,2025-09-11 16:50:43,2077461601476280556,23.12037385716138,,,,
2025-09-11 16:49:57.000,2025-09-11 16:50:43,2077461601476313324,,,,,63.0
2025-09-11 16:50:07.000,2025-09-11 16:50:43,2077461601476329708,,,,,70.0
2025-09-11 16:50:17.000,2025-09-11 16:50:43,2077461601476346092,,,,,69.0
2025-09-11 16:50:22.000,2025-09-11 16:50:25,2077461526192603372,,35.0,,,
2025-09-11 16:50:22.000,2025-09-11 16:51:43,2077461852601811180,,,43.0,570220.0,
2025-09-11 16:50:28.000,2025-09-11 16:51:43,2077461852601860332,,,,,78.0
2025-09-11 16:50:38.000,2025-09-11 16:51:43,2077461852601893100,,,,,68.0
2025-09-11 16:50:48.000,2025-09-11 16:51:43,2077461852601925868,,,,,34.0
2025-09-11 16:50:59.000,2025-09-11 16:51:43,2077461852601991404,,,,,79.0
2025-09-11 16:51:09.000,2025-09-11 16:51:43,2077461852602007788,,,,,78.0
2025-09-11 16:51:20.000,2025-09-11 16:51:43,2077461852602138860,70.67974590553563,,,,73.0
2025-09-11 16:51:22.000,2025-09-11 16:51:43,2077461852602155244,,,43.0,570310.0,
2025-09-11 16:51:23.000,2025-09-11 16:51:25,2077461777968349420,,43.0,,,
2025-09-11 16:51:30.000,2025-09-11 16:52:43,2077462108118761708,,,,,49.0
2025-09-11 16:51:39.000,2025-09-11 16:52:43,2077462108118794476,32.70077228419565,,,,
2025-09-11 16:51:40.000,2025-09-11 16:52:43,2077462108118810860,,,,,36.0
2025-09-11 16:51:51.000,2025-09-11 16:52:43,2077462108118843628,,,,,84.0
2025-09-11 16:52:01.000,2025-09-11 16:52:43,2077462108118892780,,,,,71.0
2025-09-11 16:52:11.000,2025-09-11 16:52:43,2077462108118909164,,,,,40.0
2025-09-11 16:52:22.000,2025-09-11 16:52:43,2077462108118925548,,,43.0,570380.0,20.0
2025-09-11 16:52:23.000,2025-09-11 16:52:43,2077462108118941932,18.134788594146443,,,,
2025-09-11 16:52:25.000,2025-09-11 16:52:25,2077462032013066476,,45.0,,,
2025-09-11 16:52:32.000,2025-09-11 16:53:44,2077462363480703212,,,,,8.0
2025-09-11 16:52:42.000,2025-09-11 16:53:44,2077462363480735980,,,,,0.0
2025-09-11 16:53:03.000,2025-09-11 16:53:44,2077462363481063660,,,,,1.0
2025-09-11 16:53:22.000,2025-09-11 16:53:44,2077462363481096428,,,43.0,570390.0,
2025-09-11 16:53:24.000,2025-09-11 16:53:44,2077462363481112812,,,,,0.0
2025-09-11 16:53:26.000,2025-09-11 16:53:28,2077462295239196908,,45.0,,,
2025-09-11 16:53:34.000,2025-09-11 16:54:45,2077462618422919404,,,,,3.0
2025-09-11 16:53:45.000,2025-09-11 16:54:45,2077462618422935788,,,,,0.0
2025-09-11 16:53:54.000,2025-09-11 16:54:45,2077462618422952172,0.14445603659552927,,,,
2025-09-11 16:54:22.000,2025-09-11 16:54:45,2077462618423034092,,,43.0,570400.0,
2025-09-11 16:54:28.000,2025-09-11 16:54:31,2077462557248979180,,45.0,,,
2025-09-11 16:55:22.000,2025-09-11 16:55:46,2077462873101205740,,,44.0,,
2025-09-11 16:55:29.000,2025-09-11 16:55:29,2077462804360626412,,45.0,,,
2025-09-11 16:56:22.000,2025-09-11 16:56:47,2077463127808737516,,,44.0,570410.0,
2025-09-11 16:56:29.000,2025-09-11 16:56:30,2077463058950668524,,45.0,,,
2025-09-11 16:57:23.000,2025-09-11 16:57:47,2077463382398714092,,,44.0,570420.0,
2025-09-11 16:57:31.000,2025-09-11 16:57:31,2077463316107624684,,45.0,,,
2025-09-11 16:58:24.000,2025-09-11 16:58:48,2077463638163472620,,,44.0,570430.0,
2025-09-11 16:58:31.000,2025-09-11 16:58:33,2077463572589314284,,45.0,,,
2025-09-11 16:58:55.000,2025-09-11 16:59:49,2077463892799291628,0.0,,,,
2025-09-11 16:59:24.000,2025-09-11 16:59:49,2077463892799373548,,,44.0,570440.0,
2025-09-11 16:59:32.000,2025-09-11 16:59:35,2077463835010138348,,45.0,,,
2025-09-11 17:00:24.000,2025-09-11 17:00:50,2077464147716604140,,,44.0,,
2025-09-11 17:00:33.000,2025-09-11 17:00:35,2077464087561830636,,45.0,,,
2025-09-11 17:01:25.000,2025-09-11 17:01:51,2077464402843648236,,,44.0,570450.0,
2025-09-11 17:01:34.000,2025-09-11 17:01:35,2077464336170746092,,45.0,,,
2025-09-11 17:02:25.000,2025-09-11 17:02:51,2077464657462935788,,,44.0,570460.0,
2025-09-11 17:02:35.000,2025-09-11 17:02:36,2077464593176723692,,45.0,,,
2025-09-11 17:03:04.000,2025-09-11 17:03:52,2077464913319772396,,,,570470.0,
2025-09-11 17:03:06.000,2025-09-11 17:03:52,2077464913319788780,,,,,1.0
2025-09-11 17:03:16.000,2025-09-11 17:03:52,2077464913320034540,,,,,0.0
2025-09-11 17:03:26.000,2025-09-11 17:03:52,2077464913320132844,,,45.0,,
2025-09-11 17:03:36.000,2025-09-11 17:03:38,2077464854574137580,,45.0,,,
2025-09-11 17:04:26.000,2025-09-11 17:04:53,2077465168945742060,,,45.0,570480.0,
2025-09-11 17:04:37.000,2025-09-11 17:04:38,2077465106693751020,,45.0,,,
2025-09-11 17:05:11.000,2025-09-11 17:05:54,2077465424882139372,,,,570490.0,
2025-09-11 17:05:26.000,2025-09-11 17:05:54,2077465424882188524,,,45.0,,
2025-09-11 17:05:38.000,2025-09-11 17:05:39,2077465362617598188,,45.0,,,
2025-09-11 17:06:02.000,2025-09-11 17:06:55,2077465680986308844,,,,,13.0
2025-09-11 17:06:09.000,2025-09-11 17:06:55,2077465680986357996,24.49826220622643,,,,
2025-09-11 17:06:12.000,2025-09-11 17:06:55,2077465680986374380,,,,,24.0
2025-09-11 17:06:23.000,2025-09-11 17:06:55,2077465680986423532,,,,,44.0
2025-09-11 17:06:27.000,2025-09-11 17:06:55,2077465680986505452,,,45.0,570500.0,
2025-09-11 17:06:33.000,2025-09-11 17:06:55,2077465680986538220,,,,,51.0
2025-09-11 17:06:39.000,2025-09-11 17:06:39,2077465613902545132,,41.0,,,
2025-09-11 17:06:43.000,2025-09-11 17:07:56,2077465936541008108,,,,,59.0
2025-09-11 17:06:54.000,2025-09-11 17:07:56,2077465936541040876,,,,,60.00000000000001
2025-09-11 17:07:04.000,2025-09-11 17:07:56,2077465936541057260,,,,,27.0
2025-09-11 17:07:14.000,2025-09-11 17:07:56,2077465936541106412,,,,,21.0
2025-09-11 17:07:25.000,2025-09-11 17:07:56,2077465936541155564,,,,,42.0
2025-09-11 17:07:27.000,2025-09-11 17:07:56,2077465936541171948,,,45.0,570550.0,
2025-09-11 17:07:35.000,2025-09-11 17:07:56,2077465936541188332,,,,,58.0
2025-09-11 17:07:39.000,2025-09-11 17:09:21,2077466290561220844,59.089926969448165,,,,
2025-09-11 17:07:40.000,2025-09-11 17:07:40,2077465869507625196,,48.0,,,
2025-09-11 17:07:46.000,2025-09-11 17:09:21,2077466290561269996,,,,,60.00000000000001
2025-09-11 17:07:56.000,2025-09-11 17:09:21,2077466290561319148,,,,,43.0
2025-09-11 17:08:06.000,2025-09-11 17:09:21,2077466290561368300,,,,,30.000000000000004
2025-09-11 17:08:17.000,2025-09-11 17:09:21,2077466290561401068,,,,,77.0
2025-09-11 17:08:27.000,2025-09-11 17:09:21,2077466290561417452,,,44.0,570640.0,94.0
2025-09-11 17:08:38.000,2025-09-11 17:09:57,2077466445033242860,,,,,95.0
2025-09-11 17:08:41.000,2025-09-11 17:09:21,2077466291433636076,,40.0,,,
2025-09-11 17:08:48.000,2025-09-11 17:09:57,2077466445075235052,,,,,86.0
2025-09-11 17:08:58.000,2025-09-11 17:09:57,2077466445075267820,,,,,93.0
2025-09-11 17:09:11.000,2025-09-11 17:09:57,2077466445075316972,93.64640372375561,,,,
2025-09-11 17:09:19.000,2025-09-11 17:09:57,2077466445075333356,,,,,92.0
2025-09-11 17:09:27.000,2025-09-11 17:09:57,2077466445075366124,,,44.0,570850.0,
2025-09-11 17:09:29.000,2025-09-11 17:09:57,2077466445075382508,,,,,90.0
2025-09-11 17:09:40.000,2025-09-11 17:10:58,2077466701053559020,,,,,86.0
2025-09-11 17:09:42.000,2025-09-11 17:09:43,2077466382643069164,,43.0,,,
2025-09-11 17:09:50.000,2025-09-11 17:10:58,2077466701053608172,,,,,79.0
2025-09-11 17:10:00.000,2025-09-11 17:10:58,2077466701053640940,,,,,63.0
2025-09-11 17:10:11.000,2025-09-11 17:10:58,2077466701053706476,32.27296017581658,,,,34.0
2025-09-11 17:10:21.000,2025-09-11 17:10:58,2077466701053739244,,,,,71.0
2025-09-11 17:10:28.000,2025-09-11 17:10:58,2077466701053755628,,,44.0,570920.0,
2025-09-11 17:10:32.000,2025-09-11 17:10:58,2077466701053772012,,,,,83.0
2025-09-11 17:10:42.000,2025-09-11 17:12:00,2077466957862453484,,,,,84.0
2025-09-11 17:10:43.000,2025-09-11 17:10:44,2077466639934161132,,40.0,,,
2025-09-11 17:10:49.000,2025-09-11 17:12:00,2077466957862502636,86.02356979263767,,,,
2025-09-11 17:10:52.000,2025-09-11 17:12:00,2077466957862519020,,,,,83.0
2025-09-11 17:11:03.000,2025-09-11 17:12:00,2077466957862551788,,,,,80.0
2025-09-11 17:11:13.000,2025-09-11 17:12:00,2077466957862600940,,,,,56.0
2025-09-11 17:11:22.000,2025-09-11 17:12:00,2077466957862617324,20.734997252865973,,,,
2025-09-11 17:11:24.000,2025-09-11 17:12:00,2077466957862633708,,,,,9.0
2025-09-11 17:11:28.000,2025-09-11 17:12:00,2077466957862715628,,,44.0,570980.0,
2025-09-11 17:11:32.000,2025-09-11 17:12:00,2077466957904380140,38.07898164667535,,,,
2025-09-11 17:11:34.000,2025-09-11 17:12:00,2077466957904396524,,,,,41.0
2025-09-11 17:11:44.000,2025-09-11 17:13:20,2077467294497620204,,,,,80.0
2025-09-11 17:11:45.000,2025-09-11 17:11:45,2077466898169086188,,45.0,,,
2025-09-11 17:11:47.000,2025-09-11 17:13:20,2077467294497652972,77.50807163537814,,,,
2025-09-11 17:11:54.000,2025-09-11 17:13:20,2077467294497669356,,,,,72.0
2025-09-11 17:12:05.000,2025-09-11 17:13:20,2077467294497685740,,,,,76.0
2025-09-11 17:12:15.000,2025-09-11 17:13:20,2077467294497718508,,,,,82.0
2025-09-11 17:12:26.000,2025-09-11 17:13:20,2077467294497751276,,,,,71.0
2025-09-11 17:12:28.000,2025-09-11 17:13:20,2077467294497767660,,,43.0,571060.0,
2025-09-11 17:12:36.000,2025-09-11 17:13:20,2077467294497800428,,,,,57.0
2025-09-11 17:12:42.000,2025-09-11 17:14:07,2077467490123776236,36.41218122441925,,,,
2025-09-11 17:12:46.000,2025-09-11 17:13:21,2077467298842558700,,22.0,,,
2025-09-11 17:12:46.000,2025-09-11 17:14:07,2077467490123792620,,,,,41.0
2025-09-11 17:12:57.000,2025-09-11 17:14:07,2077467490123858156,,,,,59.0
2025-09-11 17:13:07.000,2025-09-11 17:14:07,2077467490123874540,,,,,80.0
2025-09-11 17:13:28.000,2025-09-11 17:14:07,2077467490123956460,,,43.0,571120.0,
2025-09-11 17:13:38.000,2025-09-11 17:14:07,2077467490123989228,,,,,74.0
2025-09-11 17:13:47.000,2025-09-11 17:13:48,2077467411711279340,,45.0,,,
2025-09-11 17:13:48.000,2025-09-11 17:15:02,2077467720701460716,,,,,69.0
2025-09-11 17:13:59.000,2025-09-11 17:15:02,2077467720701493484,,,,,70.0
2025-09-11 17:14:09.000,2025-09-11 17:15:02,2077467720701542636,,,,,39.0
2025-09-11 17:14:13.000,2025-09-11 17:15:02,2077467720701559020,15.182699846283963,,,,
2025-09-11 17:14:20.000,2025-09-11 17:15:02,2077467720701591788,,,,,10.0
2025-09-11 17:14:28.000,2025-09-11 17:15:02,2077467720701624556,,,43.0,571180.0,
2025-09-11 17:14:30.000,2025-09-11 17:15:02,2077467720701640940,,,,,32.0
2025-09-11 17:14:32.000,2025-09-11 17:15:02,2077467720701673708,31.556235994246457,,,,
2025-09-11 17:14:40.000,2025-09-11 17:15:02,2077467720701706476,,,,,59.0
2025-09-11 17:14:48.000,2025-09-11 17:14:51,2077467674262126828,,36.0,,,
2025-09-11 17:14:51.000,2025-09-11 17:16:02,2077467975635468524,,,,,74.0
2025-09-11 17:15:01.000,2025-09-11 17:16:02,2077467975635484908,,,,,80.0
2025-09-11 17:15:11.000,2025-09-11 17:16:02,2077467975635517676,,,,,70.0
2025-09-11 17:15:22.000,2025-09-11 17:16:02,2077467975635583212,,,,,73.0
2025-09-11 17:15:25.000,2025-09-11 17:16:02,2077467975635599596,75.60977115447537,,,,
2025-09-11 17:15:28.000,2025-09-11 17:16:02,2077467975635615980,,,43.0,571260.0,
2025-09-11 17:15:32.000,2025-09-11 17:16:02,2077467975635632364,,,,,91.0
2025-09-11 17:15:42.000,2025-09-11 17:16:02,2077467975635665132,,,,,85.0
2025-09-11 17:15:49.000,2025-09-11 17:16:06,2077467991435395308,,36.0,,,
2025-09-11 17:15:53.000,2025-09-11 17:17:04,2077468232356249836,,,,,76.0
2025-09-11 17:16:03.000,2025-09-11 17:17:04,2077468232356298988,,,,,72.0
2025-09-11 17:16:14.000,2025-09-11 17:17:04,2077468232356331756,,,,,71.0
2025-09-11 17:16:24.000,2025-09-11 17:17:04,2077468232356348140,,,,,74.0
2025-09-11 17:16:28.000,2025-09-11 17:17:04,2077468232356364524,,,43.0,571320.0,
2025-09-11 17:16:34.000,2025-09-11 17:17:04,2077468232356479212,,,,,75.0
2025-09-11 17:16:45.000,2025-09-11 17:18:04,2077468487818674412,,,,,20.0
2025-09-11 17:16:49.000,2025-09-11 17:16:54,2077468190513856748,,33.0,,,
2025-09-11 17:16:55.000,2025-09-11 17:18:04,2077468487860650220,32.55631624760012,,,,31.0
2025-09-11 17:17:06.000,2025-09-11 17:18:04,2077468487860666604,,,,,42.0
2025-09-11 17:17:16.000,2025-09-11 17:18:04,2077468487860699372,,,,,33.0
2025-09-11 17:17:23.000,2025-09-11 17:18:04,2077468487860715756,25.998382586256927,,,,
2025-09-11 17:17:26.000,2025-09-11 17:18:04,2077468487860732140,,,,,41.0
2025-09-11 17:17:28.000,2025-09-11 17:18:04,2077468487860748524,48.040892170359356,,43.0,571360.0,
2025-09-11 17:17:37.000,2025-09-11 17:18:04,2077468487860764908,,,,,67.0
2025-09-11 17:17:47.000,2025-09-11 17:19:05,2077468741381161196,,,,,69.0
2025-09-11 17:17:50.000,2025-09-11 17:17:51,2077468429735952620,,40.0,,,
2025-09-11 17:17:57.000,2025-09-11 17:19:05,2077468741381193964,,,,,58.0
2025-09-11 17:18:04.000,2025-09-11 17:19:05,2077468741381226732,43.068270910628634,,,,
2025-09-11 17:18:08.000,2025-09-11 17:19:05,2077468741381243116,,,,,29.0
2025-09-11 17:18:18.000,2025-09-11 17:19:05,2077468741381259500,,,,,33.0
2025-09-11 17:18:29.000,2025-09-11 17:19:05,2077468741381275884,,,42.0,571410.0,51.0
2025-09-11 17:18:39.000,2025-09-11 17:19:05,2077468741381308652,,,,,58.0
2025-09-11 17:18:49.000,2025-09-11 17:20:06,2077468996935876844,,,,,60.99999999999999
2025-09-11 17:18:51.000,2025-09-11 17:19:00,2077468719847571692,,43.0,,,
2025-09-11 17:19:00.000,2025-09-11 17:20:06,2077468996977869036,,,,,37.0
2025-09-11 17:19:03.000,2025-09-11 17:20:06,2077468996977901804,32.22666016408724,,,,
2025-09-11 17:19:07.000,2025-09-11 17:20:06,2077468996977934572,54.35065776883331,,,,
2025-09-11 17:19:10.000,2025-09-11 17:20:06,2077468996977967340,,,,,70.0
2025-09-11 17:19:17.000,2025-09-11 17:20:06,2077468996978000108,79.08968003605227,,,,
2025-09-11 17:19:20.000,2025-09-11 17:20:06,2077468996978016492,,,,,82.0
2025-09-11 17:19:29.000,2025-09-11 17:20:06,2077468996978032876,,,42.0,571530.0,
2025-09-11 17:19:31.000,2025-09-11 17:20:06,2077468996978049260,,,,,70.0
2025-09-11 17:19:36.000,2025-09-11 17:20:06,2077468996978065644,61.65309561878422,,,,
2025-09-11 17:19:41.000,2025-09-11 17:20:06,2077468996978098412,,,,,62.0
2025-09-11 17:19:52.000,2025-09-11 17:19:53,2077468943257190636,,45.0,,,
2025-09-11 17:19:52.000,2025-09-11 17:21:07,2077469251823730924,,,,,54.0
2025-09-11 17:20:12.000,2025-09-11 17:21:07,2077469251865739500,,,,,51.0
2025-09-11 17:20:23.000,2025-09-11 17:21:07,2077469251865772268,,,,,55.0
2025-09-11 17:20:29.000,2025-09-11 17:21:07,2077469251865788652,,,42.0,571590.0,
2025-09-11 17:20:33.000,2025-09-11 17:21:07,2077469251865805036,,,,,58.0
2025-09-11 17:20:44.000,2025-09-11 17:21:07,2077469251865837804,,,,,47.0
2025-09-11 17:20:54.000,2025-09-11 17:20:57,2077469211667464428,,40.0,,,
2025-09-11 17:20:54.000,2025-09-11 17:22:08,2077469507328147692,,,,,48.0
2025-09-11 17:21:04.000,2025-09-11 17:22:08,2077469507328196844,,,,,40.0
2025-09-11 17:21:08.000,2025-09-11 17:22:08,2077469507328213228,37.51597350404663,,,,
2025-09-11 17:21:14.000,2025-09-11 17:22:08,2077469507328245996,34.83798082562181,,,,
2025-09-11 17:21:20.000,2025-09-11 17:22:08,2077469507328278764,42.19597868964794,,,,
2025-09-11 17:21:25.000,2025-09-11 17:22:08,2077469507328295148,,,,,53.0
2025-09-11 17:21:29.000,2025-09-11 17:22:08,2077469507328311532,,,42.0,571690.0,
2025-09-11 17:21:36.000,2025-09-11 17:22:08,2077469507328409836,,,,,92.0
2025-09-11 17:21:46.000,2025-09-11 17:22:08,2077469507328442604,88.42376240068647,,,,90.0
2025-09-11 17:21:55.000,2025-09-11 17:21:56,2077469457470456044,,36.0,,,
2025-09-11 17:21:56.000,2025-09-11 17:23:08,2077469762920661228,,,,,92.0
2025-09-11 17:22:07.000,2025-09-11 17:23:08,2077469762920693996,,,,,95.0
2025-09-11 17:22:17.000,2025-09-11 17:23:08,2077469762920726764,,,,,58.0
2025-09-11 17:22:27.000,2025-09-11 17:23:08,2077469762920743148,,,,,1.0
2025-09-11 17:22:29.000,2025-09-11 17:23:08,2077469762920759532,,,42.0,571760.0,
2025-09-11 17:22:38.000,2025-09-11 17:23:08,2077469762920956140,,,,,0.0
2025-09-11 17:22:45.000,2025-09-11 17:23:08,2077469762921070828,0.0,,,,
2025-09-11 17:22:48.000,2025-09-11 17:23:08,2077469762921087212,,,,,20.0
2025-09-11 17:22:54.000,2025-09-11 17:24:09,2077470017938538732,38.93460586343349,,,,
2025-09-11 17:22:56.000,2025-09-11 17:22:57,2077469712769351916,,43.0,,,
2025-09-11 17:22:58.000,2025-09-11 17:24:09,2077470017938555116,,,,,43.0
2025-09-11 17:22:59.000,2025-09-11 17:24:09,2077470017938571500,42.349694728589334,,,,
2025-09-11 17:23:09.000,2025-09-11 17:24:09,2077470017938587884,,,,,84.0
2025-09-11 17:23:19.000,2025-09-11 17:24:09,2077470017938620652,,,,,100.0
2025-09-11 17:23:30.000,2025-09-11 17:24:09,2077470017938637036,,,42.0,571940.0,98.0
2025-09-11 17:23:40.000,2025-09-11 17:24:09,2077470017938653420,,,,,101.0
2025-09-11 17:23:46.000,2025-09-11 17:24:09,2077470017938669804,95.52988820090502,,,,
2025-09-11 17:23:50.000,2025-09-11 17:25:12,2077470281663774956,,,,,97.0
2025-09-11 17:23:57.000,2025-09-11 17:23:57,2077469967577628908,,46.0,,,
2025-09-11 17:24:01.000,2025-09-11 17:25:12,2077470281663824108,,,,,80.0
2025-09-11 17:24:11.000,2025-09-11 17:25:12,2077470281663856876,,,,,45.0
2025-09-11 17:24:14.000,2025-09-11 17:25:12,2077470281663873260,40.432874242994814,,,,
2025-09-11 17:24:19.000,2025-09-11 17:25:12,2077470281663889644,40.71808231524752,,,,
2025-09-11 17:24:22.000,2025-09-11 17:25:12,2077470281663922412,,,,,46.0
2025-09-11 17:24:30.000,2025-09-11 17:25:12,2077470281663938796,,,41.0,572050.0,
2025-09-11 17:24:32.000,2025-09-11 17:25:12,2077470281663955180,,,,,78.0
2025-09-11 17:24:42.000,2025-09-11 17:25:12,2077470281663987948,,,,,96.0
2025-09-11 17:24:43.000,2025-09-11 17:25:12,2077470281664004332,95.28912813991246,,,,
2025-09-11 17:24:53.000,2025-09-11 17:26:14,2077470539047256300,,,,,93.0
2025-09-11 17:24:58.000,2025-09-11 17:24:58,2077470223031599340,,51.0,,,
2025-09-11 17:25:03.000,2025-09-11 17:26:14,2077470539047289068,,,,,88.0
2025-09-11 17:25:14.000,2025-09-11 17:26:14,2077470539047321836,,,,,83.0
2025-09-11 17:25:24.000,2025-09-11 17:26:14,2077470539047354604,,,,,57.0
2025-09-11 17:25:30.000,2025-09-11 17:26:14,2077470539047370988,,,41.0,572140.0,
2025-09-11 17:25:34.000,2025-09-11 17:26:14,2077470539047387372,,,,,29.0
2025-09-11 17:25:36.000,2025-09-11 17:26:14,2077470539047403756,33.82308456851476,,,,
2025-09-11 17:25:44.000,2025-09-11 17:26:14,2077470539047436524,29.80053954947002,,,,
2025-09-11 17:25:45.000,2025-09-11 17:26:14,2077470539047452908,,,,,33.0
2025-09-11 17:25:55.000,2025-09-11 17:27:12,2077470782199447788,66.6923888954052,,,,66.0
2025-09-11 17:25:59.000,2025-09-11 17:26:00,2077470480889020652,,40.0,,,
2025-09-11 17:26:05.000,2025-09-11 17:27:12,2077470782199496940,,,,,78.0
2025-09-11 17:26:16.000,2025-09-11 17:27:12,2077470782199529708,,,,,79.0
2025-09-11 17:26:26.000,2025-09-11 17:27:12,2077470782199546092,,,,,82.0
2025-09-11 17:26:30.000,2025-09-11 17:27:12,2077470782199562476,,,41.0,572230.0,
2025-09-11 17:26:37.000,2025-09-11 17:27:12,2077470782199611628,,,,,83.0
2025-09-11 17:26:47.000,2025-09-11 17:27:12,2077470782199693548,,,,,95.0
2025-09-11 17:26:57.000,2025-09-11 17:28:16,2077471054367817964,,,,,100.0
2025-09-11 17:26:59.000,2025-09-11 17:27:00,2077470735009317100,,40.0,,,
2025-09-11 17:27:08.000,2025-09-11 17:28:16,2077471054367867116,,,,,103.0
2025-09-11 17:27:13.000,2025-09-11 17:28:16,2077471054367899884,99.27463314957375,,,,
2025-09-11 17:27:18.000,2025-09-11 17:28:16,2077471054367916268,,,,,100.0
2025-09-11 17:27:28.000,2025-09-11 17:28:16,2077471054367932652,,,,,105.0
2025-09-11 17:27:31.000,2025-09-11 17:28:16,2077471054367949036,,,41.0,572440.0,
2025-09-11 17:27:39.000,2025-09-11 17:28:16,2077471054367965420,,,,,101.0
2025-09-11 17:27:49.000,2025-09-11 17:28:16,2077471054367998188,,,,,99.0
2025-09-11 17:28:00.000,2025-09-11 17:28:01,2077470990937358572,,36.0,,,
2025-09-11 17:28:00.000,2025-09-11 17:29:19,2077471315240943852,,,,,108.0
2025-09-11 17:28:10.000,2025-09-11 17:29:19,2077471315240976620,,,,,121.99999999999999
2025-09-11 17:28:20.000,2025-09-11 17:29:19,2077471315241009388,,,,,119.00000000000001
2025-09-11 17:28:31.000,2025-09-11 17:29:19,2077471315241025772,,,41.0,572720.0,117.0
2025-09-11 17:28:41.000,2025-09-11 17:29:19,2077471315241042156,,,,,121.99999999999999
2025-09-11 17:28:43.000,2025-09-11 17:29:19,2077471315241058540,120.78376659855422,,,,
2025-09-11 17:28:52.000,2025-09-11 17:29:19,2077471315241074924,,,,,120.99999999999999
2025-09-11 17:29:02.000,2025-09-11 17:29:02,2077471247238693100,,41.0,,,
2025-09-11 17:29:02.000,2025-09-11 17:30:14,2077471549366993132,,,,,123.0
2025-09-11 17:29:06.000,2025-09-11 17:30:14,2077471549408952556,122.6894750813337,,,,125.0
2025-09-11 17:29:12.000,2025-09-11 17:30:14,2077471549408985324,,,,,127.0
2025-09-11 17:29:23.000,2025-09-11 17:30:14,2077471549409001708,,,,,130.0
2025-09-11 17:29:31.000,2025-09-11 17:30:14,2077471549409018092,,,40.0,572940.0,
2025-09-11 17:29:33.000,2025-09-11 17:30:14,2077471549409034476,,,,,128.0
2025-09-11 17:29:42.000,2025-09-11 17:30:14,2077471549409067244,114.21657293486514,,,,114.0
2025-09-11 17:29:54.000,2025-09-11 17:30:14,2077471549409100012,,,,,119.00000000000001
2025-09-11 17:30:03.000,2025-09-11 17:30:03,2077471503305146604,,40.0,,,
2025-09-11 17:30:04.000,2025-09-11 17:31:15,2077471805420863724,,,,,124.0
2025-09-11 17:30:07.000,2025-09-11 17:31:15,2077471805420912876,125.17115571002611,,,,127.0
2025-09-11 17:30:13.000,2025-09-11 17:31:15,2077471805420945644,126.68238809287168,,,,
2025-09-11 17:30:14.000,2025-09-11 17:31:15,2077471805420962028,,,,,128.0
2025-09-11 17:30:31.000,2025-09-11 17:31:15,2077471805421011180,,,40.0,573070.0,
2025-09-11 17:30:35.000,2025-09-11 17:31:15,2077471805421027564,,,,,126.0
2025-09-11 17:30:46.000,2025-09-11 17:31:15,2077471805421076716,,,,,125.0
2025-09-11 17:30:56.000,2025-09-11 17:32:16,2077472060359131372,,,,,130.0
2025-09-11 17:31:04.000,2025-09-11 17:31:04,2077471759069610220,,41.0,,,
2025-09-11 17:31:06.000,2025-09-11 17:32:16,2077472060359164140,115.06108514880825,,,,116.0
2025-09-11 17:31:17.000,2025-09-11 17:32:16,2077472060359229676,,,,,101.0
2025-09-11 17:31:27.000,2025-09-11 17:32:16,2077472060359246060,,,,,100.0
2025-09-11 17:31:31.000,2025-09-11 17:32:16,2077472060359262444,,,40.0,573180.0,
2025-09-11 17:31:38.000,2025-09-11 17:32:16,2077472060359295212,,,,,91.0
2025-09-11 17:31:45.000,2025-09-11 17:32:16,2077472060359409900,83.25668109169254,,,,
2025-09-11 17:31:48.000,2025-09-11 17:32:16,2077472060359426284,,,,,84.0
2025-09-11 17:31:58.000,2025-09-11 17:33:19,2077472323522265324,,,,,88.0
2025-09-11 17:32:05.000,2025-09-11 17:32:12,2077472044194201836,,38.0,,,
2025-09-11 17:32:09.000,2025-09-11 17:33:19,2077472323560046828,,,,,101.0
2025-09-11 17:32:19.000,2025-09-11 17:33:19,2077472323560079596,,,,,107.0
2025-09-11 17:32:25.000,2025-09-11 17:33:19,2077472323560112364,108.95874360288171,,,,
2025-09-11 17:32:29.000,2025-09-11 17:33:19,2077472323560128748,,,,,111.0
2025-09-11 17:32:32.000,2025-09-11 17:33:19,2077472323560145132,,,40.0,573300.0,
2025-09-11 17:32:40.000,2025-09-11 17:33:19,2077472323560177900,,,,,119.00000000000001
2025-09-11 17:32:50.000,2025-09-11 17:33:19,2077472323560210668,,,,,117.0
2025-09-11 17:33:01.000,2025-09-11 17:34:18,2077472570155729132,,,,,119.00000000000001
2025-09-11 17:33:05.000,2025-09-11 17:33:06,2077472267863884012,,38.0,,,
2025-09-11 17:33:11.000,2025-09-11 17:34:18,2077472570155778284,,,,,114.0
2025-09-11 17:33:21.000,2025-09-11 17:34:18,2077472570155811052,,,,,119.00000000000001
2025-09-11 17:33:29.000,2025-09-11 17:34:18,2077472570155827436,126.58238006753629,,,,130.0
2025-09-11 17:33:32.000,2025-09-11 17:34:18,2077472570155843820,,,40.0,573460.0,131.0
2025-09-11 17:33:42.000,2025-09-11 17:34:18,2077472570155860204,,,,,125.0
2025-09-11 17:33:53.000,2025-09-11 17:34:18,2077472570155892972,119.991110397748,,,,121.99999999999999
2025-09-11 17:33:57.000,2025-09-11 17:34:18,2077472570155909356,119.16511818849659,,,,
2025-09-11 17:34:03.000,2025-09-11 17:35:27,2077472861450158316,,,,,123.0
2025-09-11 17:34:06.000,2025-09-11 17:34:07,2077472525452837100,,36.0,,,
2025-09-11 17:34:06.000,2025-09-11 17:35:27,2077472861450174700,124.81927562088316,,,,127.0
2025-09-11 17:34:13.000,2025-09-11 17:35:27,2077472861450240236,,,,,123.0
2025-09-11 17:34:19.000,2025-09-11 17:35:27,2077472861450256620,119.8151703531765,,,,121.99999999999999
2025-09-11 17:34:24.000,2025-09-11 17:35:27,2077472861450273004,,,,,127.0
2025-09-11 17:34:26.000,2025-09-11 17:35:27,2077472861450289388,127.69358034904036,,,,129.0
2025-09-11 17:34:32.000,2025-09-11 17:35:27,2077472861450305772,,,39.0,573670.0,
2025-09-11 17:34:34.000,2025-09-11 17:35:27,2077472861450322156,,,,,134.0
2025-09-11 17:34:39.000,2025-09-11 17:35:27,2077472861450338540,133.62924185274127,,,,
2025-09-11 17:34:45.000,2025-09-11 17:35:27,2077472861450387692,,,,,138.0
2025-09-11 17:34:55.000,2025-09-11 17:35:27,2077472861450404076,,,,,136.0
2025-09-11 17:35:05.000,2025-09-11 17:36:20,2077473083567898860,,,,,134.0
2025-09-11 17:35:07.000,2025-09-11 17:35:08,2077472781410238700,,38.0,,,
2025-09-11 17:35:16.000,2025-09-11 17:36:20,2077473083609891052,,,,,133.0
2025-09-11 17:35:26.000,2025-09-11 17:36:20,2077473083609989356,,,,,128.0
2025-09-11 17:35:32.000,2025-09-11 17:36:20,2077473083610022124,,,39.0,573900.0,
2025-09-11 17:35:47.000,2025-09-11 17:36:20,2077473083610071276,,,,,121.99999999999999
2025-09-11 17:35:48.000,2025-09-11 17:36:20,2077473083610087660,119.8781383691284,,,,120.99999999999999
2025-09-11 17:35:57.000,2025-09-11 17:36:20,2077473083610104044,,,,,127.0
2025-09-11 17:35:58.000,2025-09-11 17:36:20,2077473083610120428,125.5359998024533,,,,
2025-09-11 17:36:00.000,2025-09-11 17:36:20,2077473083610136812,127.99360442504646,,,,
2025-09-11 17:36:07.000,2025-09-11 17:37:21,2077473339630158060,,,,,132.0
2025-09-11 17:36:08.000,2025-09-11 17:36:09,2077473037518635244,,38.0,,,
2025-09-11 17:36:18.000,2025-09-11 17:37:21,2077473339672183020,,,,,129.0
2025-09-11 17:36:28.000,2025-09-11 17:37:21,2077473339672199404,,,,,127.0
2025-09-11 17:36:32.000,2025-09-11 17:37:21,2077473339672215788,,,39.0,574080.0,
2025-09-11 17:36:39.000,2025-09-11 17:37:21,2077473339672232172,,,,,125.0
2025-09-11 17:36:49.000,2025-09-11 17:37:21,2077473339672346860,,,,,130.0
2025-09-11 17:36:58.000,2025-09-11 17:37:21,2077473339672379628,118.01132189620155,,,,119.00000000000001
2025-09-11 17:37:09.000,2025-09-11 17:37:10,2077473292213551340,,41.0,,,
2025-09-11 17:37:10.000,2025-09-11 17:38:22,2077473594534789356,,,,,120.99999999999999
2025-09-11 17:37:20.000,2025-09-11 17:38:22,2077473594534854892,126.05270793335269,,,,128.0
2025-09-11 17:37:30.000,2025-09-11 17:38:22,2077473594534871276,,,,,121.99999999999999
2025-09-11 17:37:31.000,2025-09-11 17:38:22,2077473594534887660,119.50218227388618,,,,
2025-09-11 17:37:33.000,2025-09-11 17:38:22,2077473594534904044,,,39.0,574310.0,
2025-09-11 17:37:35.000,2025-09-11 17:38:22,2077473594534920428,118.68359806651152,,,,120.00000000000001
2025-09-11 17:37:40.000,2025-09-11 17:38:22,2077473594534936812,,,,,113.0
2025-09-11 17:37:51.000,2025-09-11 17:38:22,2077473594534969580,,,,,105.0
2025-09-11 17:38:01.000,2025-09-11 17:38:22,2077473594534985964,,,,,76.0
2025-09-11 17:38:08.000,2025-09-11 17:39:23,2077473851121434860,54.58956582935668,,,,
2025-09-11 17:38:10.000,2025-09-11 17:38:11,2077473548900778220,,40.0,,,
2025-09-11 17:38:12.000,2025-09-11 17:39:23,2077473851121467628,,,,,50.0
2025-09-11 17:38:22.000,2025-09-11 17:39:23,2077473851121516780,,,,,0.0
2025-09-11 17:38:25.000,2025-09-11 17:39:23,2077473851121565932,14.823411755264313,,,,
2025-09-11 17:38:34.000,2025-09-11 17:39:23,2077473851121844460,,,39.0,574330.0,
2025-09-11 17:38:42.000,2025-09-11 17:39:23,2077473851121877228,,,,,66.0
2025-09-11 17:38:53.000,2025-09-11 17:39:23,2077473851121926380,,,,,48.0
2025-09-11 17:38:57.000,2025-09-11 17:39:23,2077473851121942764,38.206769679048314,,,,
2025-09-11 17:39:03.000,2025-09-11 17:40:24,2077474105912721644,,,,,29.0
2025-09-11 17:39:04.000,2025-09-11 17:40:24,2077474105954664684,29.519035478155658,,,,
2025-09-11 17:39:11.000,2025-09-11 17:39:12,2077473805097238764,,41.0,,,
2025-09-11 17:39:13.000,2025-09-11 17:40:24,2077474105954713836,,,,,20.0
2025-09-11 17:39:18.000,2025-09-11 17:40:24,2077474105954762988,22.449949687320586,,,,
2025-09-11 17:39:24.000,2025-09-11 17:40:24,2077474105954779372,,,,,27.0
2025-09-11 17:39:34.000,2025-09-11 17:40:24,2077474105954795756,,,39.0,574390.0,32.0
2025-09-11 17:39:44.000,2025-09-11 17:40:24,2077474105954828524,,,,,49.0
2025-09-11 17:39:55.000,2025-09-11 17:40:24,2077474105954861292,,,,,0.0
2025-09-11 17:40:05.000,2025-09-11 17:41:25,2077474360540528876,,,,,40.0
2025-09-11 17:40:12.000,2025-09-11 17:40:13,2077474059985092844,,32.0,,,
2025-09-11 17:40:16.000,2025-09-11 17:41:25,2077474360582488300,,,,,48.0
2025-09-11 17:40:26.000,2025-09-11 17:41:25,2077474360582537452,,,,,42.0
2025-09-11 17:40:34.000,2025-09-11 17:41:25,2077474360582570220,,,39.0,574460.0,
2025-09-11 17:40:36.000,2025-09-11 17:41:25,2077474360582602988,,,,,16.0
2025-09-11 17:40:47.000,2025-09-11 17:41:25,2077474360582635756,,,,,56.0
2025-09-11 17:40:49.000,2025-09-11 17:41:25,2077474360582652140,55.58038608036448,,,,
2025-09-11 17:40:57.000,2025-09-11 17:41:25,2077474360582668524,,,,,68.0
2025-09-11 17:41:07.000,2025-09-11 17:42:26,2077474615898161388,,,,,73.0
2025-09-11 17:41:11.000,2025-09-11 17:42:26,2077474615898177772,74.35041083543742,,,,
2025-09-11 17:41:13.000,2025-09-11 17:41:14,2077474315296571628,,32.0,,,
2025-09-11 17:41:18.000,2025-09-11 17:42:26,2077474615898243308,,,,,80.0
2025-09-11 17:41:28.000,2025-09-11 17:42:26,2077474615898259692,,,,,88.0
2025-09-11 17:41:34.000,2025-09-11 17:42:26,2077474615898276076,,,38.0,574620.0,
2025-09-11 17:41:39.000,2025-09-11 17:42:26,2077474615898292460,,,,,86.0
2025-09-11 17:41:43.000,2025-09-11 17:42:26,2077474615898308844,84.19194132862515,,,,
2025-09-11 17:41:49.000,2025-09-11 17:42:26,2077474615898390764,,,,,84.0
2025-09-11 17:41:59.000,2025-09-11 17:42:26,2077474615898423532,,,,,85.0
2025-09-11 17:42:10.000,2025-09-11 17:44:54,2077475237481414892,,,,,83.0
2025-09-11 17:42:14.000,2025-09-11 17:42:15,2077474572600344812,,32.0,,,
2025-09-11 17:42:20.000,2025-09-11 17:44:54,2077475237481480428,,,,,91.0
2025-09-11 17:42:31.000,2025-09-11 17:44:54,2077475237481496812,,,,,88.0
2025-09-11 17:42:35.000,2025-09-11 17:44:54,2077475237481513196,,,38.0,574790.0,
2025-09-11 17:42:41.000,2025-09-11 17:44:54,2077475237481529580,,,,,94.0
2025-09-11 17:42:51.000,2025-09-11 17:44:54,2077475237481562348,,,,,98.0
2025-09-11 17:43:02.000,2025-09-11 17:44:54,2077475237485609196,,,,,95.0
2025-09-11 17:43:12.000,2025-09-11 17:44:54,2077475237485625580,90.85543901671122,,,,92.0
2025-09-11 17:43:15.000,2025-09-11 17:44:00,2077475010728952044,,30.0,,,
2025-09-11 17:43:19.000,2025-09-11 17:44:54,2077475237485674732,75.33752708550686,,,,
2025-09-11 17:43:23.000,2025-09-11 17:44:54,2077475237485707500,,,,,50.0
2025-09-11 17:43:33.000,2025-09-11 17:44:54,2077475237485723884,,,,,40.0
2025-09-11 17:43:35.000,2025-09-11 17:44:54,2077475237485740268,,,38.0,574950.0,
2025-09-11 17:43:39.000,2025-09-11 17:44:54,2077475237485756652,22.33882965917018,,,,
2025-09-11 17:43:43.000,2025-09-11 17:44:54,2077475237485773036,,,,,19.0
2025-09-11 17:43:50.000,2025-09-11 17:44:54,2077475237485805804,36.99741337267806,,,,
2025-09-11 17:43:54.000,2025-09-11 17:44:54,2077475237485822188,,,,,54.0
2025-09-11 17:44:04.000,2025-09-11 17:44:54,2077475237485838572,,,,,69.0
2025-09-11 17:44:15.000,2025-09-11 17:44:54,2077475237485854956,,,,,73.0
2025-09-11 17:44:16.000,2025-09-11 17:44:23,2077475108921852140,,38.0,,,
2025-09-11 17:44:25.000,2025-09-11 17:44:54,2077475237485920492,,,,,85.0
2025-09-11 17:44:35.000,2025-09-11 17:46:03,2077475526066323692,,,37.0,575020.0,77.0
2025-09-11 17:44:46.000,2025-09-11 17:46:03,2077475526066372844,,,,,76.0
2025-09-11 17:44:56.000,2025-09-11 17:46:03,2077475526066405612,,,,,84.0
2025-09-11 17:45:06.000,2025-09-11 17:46:03,2077475526066421996,,,,,83.0
2025-09-11 17:45:17.000,2025-09-11 17:45:19,2077475341386907884,,35.0,,,
2025-09-11 17:45:17.000,2025-09-11 17:46:03,2077475526066438380,,,,,85.0
2025-09-11 17:45:21.000,2025-09-11 17:46:03,2077475526066487532,82.50106490026977,,,,
2025-09-11 17:45:27.000,2025-09-11 17:46:03,2077475526066503916,,,,,87.0
2025-09-11 17:45:35.000,2025-09-11 17:46:55,2077475746498019564,,,37.0,575140.0,
2025-09-11 17:45:38.000,2025-09-11 17:46:55,2077475746498035948,,,,,92.0
2025-09-11 17:45:48.000,2025-09-11 17:46:55,2077475746498068716,,,,,96.0
2025-09-11 17:45:58.000,2025-09-11 17:46:55,2077475746498117868,,,,,86.0
2025-09-11 17:46:09.000,2025-09-11 17:46:55,2077475746498150636,,,,,97.0
2025-09-11 17:46:18.000,2025-09-11 17:46:19,2077475595419140332,,44.0,,,
2025-09-11 17:46:19.000,2025-09-11 17:46:55,2077475746498167020,,,,,80.0
2025-09-11 17:46:29.000,2025-09-11 17:46:55,2077475746502148332,,,,,92.0
2025-09-11 17:46:36.000,2025-09-11 17:48:00,2077476018062360812,,,37.0,575250.0,
2025-09-11 17:46:40.000,2025-09-11 17:48:00,2077476018062377196,,,,,85.0
2025-09-11 17:46:50.001,2025-09-11 17:48:00,2077476018062442732,84.15119731830333,,,,86.0
2025-09-11 17:47:00.000,2025-09-11 17:48:00,2077476018062508268,,,,,83.0
2025-09-11 17:47:05.000,2025-09-11 17:48:00,2077476018062524652,79.03041602103873,,,,
2025-09-11 17:47:11.000,2025-09-11 17:48:00,2077476018062541036,,,,,75.0
2025-09-11 17:47:19.000,2025-09-11 17:47:20,2077475849359065324,,43.0,,,
2025-09-11 17:47:21.000,2025-09-11 17:48:00,2077476018062590188,,,,,78.0
2025-09-11 17:47:32.000,2025-09-11 17:48:00,2077476018062622956,,,,,91.0
2025-09-11 17:47:37.000,2025-09-11 17:48:57,2077476256273662188,,,37.0,575310.0,
2025-09-11 17:47:42.000,2025-09-11 17:48:57,2077476256277856492,,,,,102.0
2025-09-11 17:47:52.000,2025-09-11 17:48:57,2077476256277905644,,,,,104.0
2025-09-11 17:47:58.000,2025-09-11 17:48:57,2077476256277922028,103.60831424743962,,,,
2025-09-11 17:48:03.000,2025-09-11 17:48:57,2077476256277938412,,,,,103.0
2025-09-11 17:48:13.000,2025-09-11 17:48:57,2077476256277954796,,,,,92.0
2025-09-11 17:48:20.000,2025-09-11 17:48:41,2077476191845073132,,50.0,,,
2025-09-11 17:48:23.000,2025-09-11 17:48:57,2077476256278003948,,,,,86.0
2025-09-11 17:48:24.000,2025-09-11 17:48:57,2077476256278036716,82.41772487915698,,,,
2025-09-11 17:48:34.000,2025-09-11 17:48:57,2077476256278069484,,,,,105.0
2025-09-11 17:48:37.000,2025-09-11 17:50:06,2077476546850930924,,,38.0,575350.0,
2025-09-11 17:48:44.000,2025-09-11 17:50:06,2077476546850963692,,,,,87.0
2025-09-11 17:48:54.000,2025-09-11 17:50:06,2077476546851012844,,,,,65.0
2025-09-11 17:49:13.000,2025-09-11 17:50:06,2077476546851061996,75.09491502404515,,,,
2025-09-11 17:49:15.000,2025-09-11 17:50:06,2077476546851078380,,,,,79.0
2025-09-11 17:49:18.000,2025-09-11 17:50:06,2077476546851094764,80.27866433726165,,,,
2025-09-11 17:49:21.000,2025-09-11 17:49:24,2077476372342636780,,43.0,,,
2025-09-11 17:49:26.000,2025-09-11 17:50:06,2077476546851176684,,,,,73.0
2025-09-11 17:49:35.000,2025-09-11 17:50:06,2077476546851209452,90.19797885015466,,,,
2025-09-11 17:49:36.000,2025-09-11 17:50:06,2077476546851225836,,,,,91.0
2025-09-11 17:49:37.000,2025-09-11 17:50:06,2077476546851242220,,,37.0,575490.0,
2025-09-11 17:49:46.000,2025-09-11 17:50:58,2077476765424419052,,,,,72.0
2025-09-11 17:49:48.000,2025-09-11 17:50:58,2077476765424435436,72.86881046009864,,,,
2025-09-11 17:49:57.000,2025-09-11 17:50:58,2077476765424468204,,,,,75.0
2025-09-11 17:50:00.000,2025-09-11 17:50:58,2077476765424484588,74.67265891707359,,,,
2025-09-11 17:50:07.000,2025-09-11 17:50:58,2077476765424517356,,,,,85.0
2025-09-11 17:50:13.000,2025-09-11 17:50:58,2077476765424550124,78.54148789717694,,,,
2025-09-11 17:50:17.000,2025-09-11 17:50:58,2077476765424599276,,,,,88.0
2025-09-11 17:50:22.000,2025-09-11 17:50:23,2077476620234391788,,54.0,,,
2025-09-11 17:50:28.000,2025-09-11 17:50:58,2077476765424664812,,,,,64.0
2025-09-11 17:50:29.000,2025-09-11 17:50:58,2077476765424681196,66.81832492730899,,,,
2025-09-11 17:50:38.000,2025-09-11 17:53:27,2077477391533474028,,,37.0,575560.0,86.0
2025-09-11 17:50:49.000,2025-09-11 17:53:27,2077477391579480300,,,,,99.0
2025-09-11 17:50:59.000,2025-09-11 17:53:27,2077477391579513068,,,,,105.0
2025-09-11 17:51:09.000,2025-09-11 17:53:27,2077477391579545836,,,,,67.0
2025-09-11 17:51:15.000,2025-09-11 17:53:27,2077477391579594988,67.07945699346243,,,,
2025-09-11 17:51:20.000,2025-09-11 17:53:27,2077477391579611372,,,,,80.0
2025-09-11 17:51:23.000,2025-09-11 17:51:24,2077476873956229356,,33.0,,,
2025-09-11 17:51:30.000,2025-09-11 17:53:27,2077477391579676908,,,,,93.0
2025-09-11 17:51:36.000,2025-09-11 17:53:27,2077477391579709676,87.19959009056284,,,,
2025-09-11 17:51:38.000,2025-09-11 17:53:27,2077477391579726060,,,38.0,575710.0,
2025-09-11 17:51:40.000,2025-09-11 17:53:27,2077477391579742444,,,,,85.0
2025-09-11 17:51:51.000,2025-09-11 17:53:27,2077477391579775212,,,,,89.0
2025-09-11 17:52:01.000,2025-09-11 17:53:27,2077477391579889900,,,,,85.0
2025-09-11 17:52:11.000,2025-09-11 17:53:27,2077477391579939052,,,,,58.0
2025-09-11 17:52:21.000,2025-09-11 17:53:27,2077477391579971820,,,,,73.0
2025-09-11 17:52:24.000,2025-09-11 17:52:48,2077477224738472172,,32.0,,,
2025-09-11 17:52:27.000,2025-09-11 17:53:27,2077477391580004588,70.67418990412811,,,,
2025-09-11 17:52:39.000,2025-09-11 17:53:27,2077477391580070124,,,37.0,575800.0,
2025-09-11 17:52:42.000,2025-09-11 17:53:27,2077477391580086508,,,,,87.0
2025-09-11 17:52:47.000,2025-09-11 17:53:27,2077477391580102892,75.11528702920604,,,,
2025-09-11 17:52:52.000,2025-09-11 17:53:27,2077477391580135660,,,,,80.0
2025-09-11 17:52:57.000,2025-09-11 17:53:27,2077477391580152044,81.99917277312379,,,,
2025-09-11 17:53:03.000,2025-09-11 17:53:27,2077477391580168428,,,,,84.0
2025-09-11 17:53:13.000,2025-09-11 17:54:28,2077477646941356268,,,,,74.0
2025-09-11 17:53:24.000,2025-09-11 17:54:28,2077477646941405420,,,,,68.0
2025-09-11 17:53:25.000,2025-09-11 17:53:26,2077477386592567532,,33.0,,,
2025-09-11 17:53:34.000,2025-09-11 17:54:28,2077477646941454572,,,,,57.0
2025-09-11 17:53:39.000,2025-09-11 17:54:28,2077477646941470956,,,37.0,575920.0,
2025-09-11 17:53:44.000,2025-09-11 17:54:28,2077477646941487340,,,,,52.0
2025-09-11 17:53:50.000,2025-09-11 17:54:28,2077477646941503724,53.24316148826758,,,,
2025-09-11 17:53:55.000,2025-09-11 17:54:28,2077477646941536492,51.48561304302197,,,,51.0
2025-09-11 17:54:01.000,2025-09-11 17:54:28,2077477646941585644,37.39744547401953,,,,
2025-09-11 17:54:05.000,2025-09-11 17:54:28,2077477646941618412,,,,,50.0
2025-09-11 17:54:06.000,2025-09-11 17:54:28,2077477646941634796,59.09177896991734,,,,
2025-09-11 17:54:10.000,2025-09-11 17:55:29,2077477901640401132,57.10458246649423,,,,
2025-09-11 17:54:16.000,2025-09-11 17:55:29,2077477901686554860,,,,,59.0
2025-09-11 17:54:26.000,2025-09-11 17:54:26,2077477639651590380,,50.0,,,
2025-09-11 17:54:26.000,2025-09-11 17:55:29,2077477901686587628,,,,,66.0
2025-09-11 17:54:36.000,2025-09-11 17:55:29,2077477901686653164,,,,,41.0
2025-09-11 17:54:37.000,2025-09-11 17:55:29,2077477901686669548,37.38633347120449,,,,
2025-09-11 17:54:39.000,2025-09-11 17:55:29,2077477901686685932,,,37.0,576010.0,
2025-09-11 17:54:43.000,2025-09-11 17:55:29,2077477901686718700,40.01802613789996,,,,
2025-09-11 17:54:46.000,2025-09-11 17:55:29,2077477901686735084,,,,,35.0
2025-09-11 17:54:50.000,2025-09-11 17:55:29,2077477901686751468,29.191231395111956,,,,
2025-09-11 17:54:57.000,2025-09-11 17:55:29,2077477901686800620,,,,,26.0
2025-09-11 17:55:01.000,2025-09-11 17:55:29,2077477901686817004,27.7577830319717,,,,
2025-09-11 17:55:07.000,2025-09-11 17:55:29,2077477901686833388,,,,,19.0
2025-09-11 17:55:09.000,2025-09-11 17:55:29,2077477901686849772,24.331582164000817,,,,
2025-09-11 17:55:18.000,2025-09-11 17:56:30,2077478157132284140,,,,,14.0
2025-09-11 17:55:26.000,2025-09-11 17:55:28,2077477897173483756,,30.0,,,
2025-09-11 17:55:28.000,2025-09-11 17:56:30,2077478157132382444,,,,,43.0
2025-09-11 17:55:38.000,2025-09-11 17:56:30,2077478157132415212,,,,,53.0
2025-09-11 17:55:39.000,2025-09-11 17:56:30,2077478157132431596,,,37.0,576050.0,
2025-09-11 17:55:49.000,2025-09-11 17:56:30,2077478157136429292,,,,,41.0
2025-09-11 17:55:52.000,2025-09-11 17:56:30,2077478157136462060,26.40952669041343,,,,
2025-09-11 17:55:59.000,2025-09-11 17:56:30,2077478157136494828,,,,,40.0
2025-09-11 17:56:05.000,2025-09-11 17:56:30,2077478157136511212,18.78113675788798,,,,
2025-09-11 17:56:09.000,2025-09-11 17:56:30,2077478157136543980,,,,,0.0
2025-09-11 17:56:28.000,2025-09-11 17:56:43,2077478213163942124,,38.0,,,
2025-09-11 17:56:39.000,2025-09-11 17:57:31,2077478413329105132,,,37.0,576110.0,
2025-09-11 17:57:01.000,2025-09-11 17:57:31,2077478413329285356,,,,,6.0
2025-09-11 17:57:11.000,2025-09-11 17:57:53,2077478504760361196,,,,,18.0
2025-09-11 17:57:22.000,2025-09-11 17:57:53,2077478504806482156,,,,,0.0
2025-09-11 17:57:27.000,2025-09-11 17:57:53,2077478504806547692,,,,576120.0,
2025-09-11 17:57:35.000,2025-09-11 17:58:53,2077478759346225388,0.14075203565718236,,,,
2025-09-11 17:57:39.000,2025-09-11 17:58:53,2077478759346241772,,,37.0,,
2025-09-11 17:58:40.000,2025-09-11 17:59:22,2077478878800003308,,,37.0,,
2025-09-11 17:59:40.000,2025-09-11 18:00:23,2077479134136778988,,,37.0,,
2025-09-11 18:00:40.000,2025-09-11 18:01:24,2077479389272031468,,,37.0,,
2025-09-11 18:01:40.000,2025-09-11 18:02:24,2077479643409105132,,,37.0,,
2025-09-11 18:02:36.000,2025-09-11 18:03:25,2077479898196263148,0.0,,,,
2025-09-11 18:02:41.000,2025-09-11 18:03:25,2077479898196279532,,,37.0,,
2025-09-11 18:03:41.000,2025-09-11 18:04:26,2077480152853446892,,,37.0,,
2025-09-11 18:04:38.000,2025-09-11 18:05:05,2077480319761678572,,,,,4.0
2025-09-11 18:04:41.000,2025-09-11 18:05:05,2077480319761760492,,,37.0,,
2025-09-11 18:04:44.000,2025-09-11 18:04:45,2077480232176058604,,30.0,,,
2025-09-11 18:04:48.000,2025-09-11 18:06:07,2077480577547632876,,,,,0.0
2025-09-11 18:04:59.000,2025-09-11 18:06:07,2077480577547944172,,,,,8.0
2025-09-11 18:05:09.000,2025-09-11 18:06:07,2077480577547993324,,,,,0.0
2025-09-11 18:05:40.000,2025-09-11 18:06:07,2077480577593868524,,,,,9.0
2025-09-11 18:05:42.000,2025-09-11 18:06:07,2077480577593884908,7.287621846197534,,37.0,576150.0,
2025-09-11 18:05:46.000,2025-09-11 18:05:47,2077480492222922988,,36.0,,,
2025-09-11 18:05:50.000,2025-09-11 18:07:07,2077480830313169132,,,,,19.0
2025-09-11 18:05:56.000,2025-09-11 18:07:07,2077480830313201900,13.901115521615933,,,,
2025-09-11 18:06:01.000,2025-09-11 18:07:07,2077480830313234668,,,,,2.0
2025-09-11 18:06:11.000,2025-09-11 18:07:07,2077480830313283820,,,,,17.0
2025-09-11 18:06:16.000,2025-09-11 18:07:07,2077480830313300204,13.95297153475279,,,,
2025-09-11 18:06:21.000,2025-09-11 18:07:07,2077480830313332972,,,,,3.0
2025-09-11 18:06:29.000,2025-09-11 18:07:07,2077480830313398508,34.88613283782032,,,,
2025-09-11 18:06:32.000,2025-09-11 18:07:07,2077480830313414892,,,,,43.0
2025-09-11 18:06:41.000,2025-09-11 18:07:07,2077480830313431276,45.46475951773908,,,,
2025-09-11 18:06:42.000,2025-09-11 18:07:07,2077480830313447660,,,,,47.0
2025-09-11 18:06:43.000,2025-09-11 18:07:07,2077480830313464044,,,37.0,576170.0,
2025-09-11 18:06:47.000,2025-09-11 18:06:48,2077480749262438636,,41.0,,,
2025-09-11 18:06:52.000,2025-09-11 18:08:17,2077481121255293164,,,,,44.0
2025-09-11 18:07:01.000,2025-09-11 18:08:17,2077481121255325932,24.098230104884962,,,,
2025-09-11 18:07:03.000,2025-09-11 18:08:17,2077481121255342316,,,,,25.0
2025-09-11 18:07:13.000,2025-09-11 18:08:17,2077481121255358700,,,,,36.0
2025-09-11 18:07:14.000,2025-09-11 18:08:17,2077481121255375084,36.267725187823714,,,,
2025-09-11 18:07:20.000,2025-09-11 18:08:17,2077481121255391468,37.777105570200085,,,,
2025-09-11 18:07:24.000,2025-09-11 18:08:17,2077481121255407852,,,,,43.0
2025-09-11 18:07:43.000,2025-09-11 18:08:17,2077481121255457004,,,37.0,576190.0,
2025-09-11 18:07:44.000,2025-09-11 18:08:17,2077481121255473388,,,,,45.0
2025-09-11 18:07:48.000,2025-09-11 18:07:49,2077481004930449644,,36.0,,,
2025-09-11 18:07:55.000,2025-09-11 18:10:39,2077481719220453612,,,,,37.0
2025-09-11 18:07:59.000,2025-09-11 18:10:39,2077481719220469996,36.799249322476506,,,,
2025-09-11 18:08:05.000,2025-09-11 18:10:39,2077481719220486380,,,,,54.0
2025-09-11 18:08:15.000,2025-09-11 18:10:39,2077481719220502764,,,,,52.0
2025-09-11 18:08:26.000,2025-09-11 18:10:39,2077481719220519148,,,,,45.0
2025-09-11 18:08:27.000,2025-09-11 18:10:39,2077481719220535532,44.753591337576474,,,,
2025-09-11 18:08:36.000,2025-09-11 18:10:39,2077481719220568300,39.42723798823363,,,,40.0
2025-09-11 18:08:42.000,2025-09-11 18:10:39,2077481719220601068,52.846833387864464,,,,
2025-09-11 18:08:43.000,2025-09-11 18:10:39,2077481719220617452,,,37.0,576260.0,
2025-09-11 18:08:47.000,2025-09-11 18:10:39,2077481719220633836,,,,,58.0
2025-09-11 18:08:49.000,2025-09-11 18:09:48,2077481503494783212,,50.0,,,
2025-09-11 18:08:57.000,2025-09-11 18:10:39,2077481719224647916,,,,,44.0
2025-09-11 18:09:02.000,2025-09-11 18:10:39,2077481719224697068,38.7938538277763,,,,
2025-09-11 18:09:07.000,2025-09-11 18:10:39,2077481719224713452,,,,,48.0
2025-09-11 18:09:18.000,2025-09-11 18:10:39,2077481719224729836,,,,,46.0
2025-09-11 18:09:28.000,2025-09-11 18:10:39,2077481719224746220,34.53054874773902,,,,33.0
2025-09-11 18:09:39.000,2025-09-11 18:10:39,2077481719224778988,,,,,26.0
2025-09-11 18:09:40.000,2025-09-11 18:10:39,2077481719224795372,28.31523517319291,,,,
2025-09-11 18:09:44.000,2025-09-11 18:10:39,2077481719224893676,,,36.0,576350.0,
2025-09-11 18:09:49.000,2025-09-11 18:10:39,2077481719224926444,,,,,19.0
2025-09-11 18:09:50.000,2025-09-11 18:09:58,2077481548080218348,,38.0,,,
2025-09-11 18:09:54.000,2025-09-11 18:10:39,2077481719224959212,9.367418373079321,,,,
2025-09-11 18:09:59.000,2025-09-11 18:10:39,2077481719224975596,,,,,8.0
2025-09-11 18:10:09.001,2025-09-11 18:10:39,2077481719225057516,,,,,0.0
2025-09-11 18:10:44.000,2025-09-11 18:11:16,2077481873310859500,,,36.0,576380.0,
2025-09-11 18:11:24.000,2025-09-11 18:12:17,2077482127867298028,0.0,,,,
2025-09-11 18:11:45.000,2025-09-11 18:12:17,2077482127867363564,,,36.0,,
2025-09-11 18:12:45.000,2025-09-11 18:13:17,2077482382197358828,,,36.0,,
2025-09-11 18:13:45.000,2025-09-11 18:14:18,2077482638838431980,,,36.0,,
2025-09-11 18:14:46.000,2025-09-11 18:15:19,2077482892480594156,,,36.0,,
2025-09-11 18:15:46.000,2025-09-11 18:16:20,2077483149830553836,,,36.0,,
2025-09-11 18:16:47.000,2025-09-11 18:17:20,2077483400842821868,,,36.0,,
2025-09-11 18:17:52.000,2025-09-12 18:18:58,2077846198177251564,,,36.0,,
2025-09-12 18:18:04.000,2025-09-12 18:18:59,2077846204284158188,,,36.0,,
2025-09-12 18:20:16.000,2025-09-12 18:21:19,2077846790656393452,,,36.0,576380.0,0.0
2025-09-12 18:21:17.000,2025-09-12 18:22:20,2077847045338611948,,,36.0,,
2025-09-12 18:22:17.000,2025-09-12 18:23:21,2077847300687823084,,,36.0,,
2025-09-12 18:23:17.000,2025-09-12 18:24:21,2077847556020273388,,,36.0,,
2025-09-12 18:24:18.000,2025-09-12 18:25:22,2077847810719383788,,,36.0,,
2025-09-12 18:25:18.000,2025-09-12 18:26:23,2077848065783415020,,,36.0,,
2025-09-12 18:25:19.000,2025-09-12 18:26:23,2077848065783431404,0.0,,,,
2025-09-12 18:26:34.000,2025-09-13 18:27:33,2078210747271217388,,,36.0,,
2025-09-13 18:26:43.000,2025-09-13 18:27:34,2078210753336180972,,,36.0,,
2025-09-14 18:27:47.000,2025-09-14 18:28:43,2078573430789128428,,,36.0,,
2025-09-14 18:28:48.000,2025-09-15 04:14:58,2078720962802548972,,,36.0,,
2025-09-15 04:13:45.000,2025-09-15 04:14:59,2078720969815359724,,,36.0,,
2025-09-15 04:14:05.001,2025-09-15 04:14:59,2078720969819603180,,,,,1.0
2025-09-15 04:14:13.000,2025-09-15 04:14:22,2078720813309100268,,28.000000000000004,,,
2025-09-15 04:14:15.000,2025-09-15 04:14:59,2078720969819734252,,,,,6.0
2025-09-15 04:14:26.000,2025-09-15 04:14:59,2078720969819767020,,,,,7.0
2025-09-15 04:14:36.000,2025-09-15 04:14:59,2078720969819783404,,,,,11.0
2025-09-15 04:14:40.000,2025-09-15 04:16:01,2078721228490670316,15.025279806404217,,,,
2025-09-15 04:14:46.000,2025-09-15 04:16:01,2078721228490686700,,,36.0,576390.0,
2025-09-15 04:14:47.000,2025-09-15 04:16:01,2078721228490703084,,,,,19.0
2025-09-15 04:14:57.000,2025-09-15 04:16:01,2078721228490752236,,,,,27.0
2025-09-15 04:15:07.000,2025-09-15 04:16:01,2078721228490768620,,,,,28.0
2025-09-15 04:15:35.000,2025-09-15 04:16:01,2078721228491063532,28.26152715958688,,,,
2025-09-15 04:15:46.000,2025-09-15 04:17:14,2078721535706726636,,,36.0,576490.0,
2025-09-15 04:15:48.000,2025-09-15 04:17:14,2078721535706775788,,,,,27.0
2025-09-15 04:15:53.000,2025-09-15 04:17:14,2078721535706841324,13.628871452647436,,,,
2025-09-15 04:15:55.000,2025-09-15 04:15:56,2078721208957796588,,37.0,,,
2025-09-15 04:15:59.000,2025-09-15 04:17:14,2078721535706972396,,,,,7.0
2025-09-15 04:16:09.000,2025-09-15 04:17:14,2078721535707054316,,,,,45.0
2025-09-15 04:16:19.000,2025-09-15 04:17:14,2078721535707087084,,,,,53.0
2025-09-15 04:16:30.000,2025-09-15 04:17:14,2078721535707103468,,,,,58.0
2025-09-15 04:16:40.000,2025-09-15 04:17:14,2078721535707119852,,,,,60.00000000000001
2025-09-15 04:16:46.000,2025-09-15 04:18:02,2078721735162593516,56.88419441066259,,,,
2025-09-15 04:16:47.000,2025-09-15 04:18:02,2078721735162609900,,,36.0,576540.0,
2025-09-15 04:16:50.000,2025-09-15 04:18:02,2078721735162626284,,,,,62.0
2025-09-15 04:16:57.000,2025-09-15 04:17:15,2078721536692322540,,43.0,,,
2025-09-15 04:17:11.000,2025-09-15 04:18:02,2078721735162675436,,,,,60.99999999999999
2025-09-15 04:17:13.000,2025-09-15 04:18:02,2078721735162691820,59.35846703747833,,,,
2025-09-15 04:17:22.000,2025-09-15 04:18:02,2078721735162724588,,,,,63.0
2025-09-15 04:17:32.000,2025-09-15 04:18:02,2078721735162740972,,,,,60.00000000000001
2025-09-15 04:17:38.000,2025-09-15 04:18:02,2078721735162757356,58.27319476254268,,,,
2025-09-15 04:17:42.000,2025-09-15 04:19:03,2078721989417124076,,,,,58.0
2025-09-15 04:17:43.000,2025-09-15 04:19:03,2078721989417140460,58.66211486106911,,,,
2025-09-15 04:17:48.000,2025-09-15 04:19:03,2078721989417156844,,,36.0,576580.0,
2025-09-15 04:17:53.000,2025-09-15 04:19:03,2078721989417173228,,,,,60.00000000000001
2025-09-15 04:17:59.000,2025-09-15 04:18:00,2078721725540860140,,41.0,,,
2025-09-15 04:18:03.001,2025-09-15 04:19:03,2078721989417287916,46.755603844752976,,,,50.0
2025-09-15 04:18:07.000,2025-09-15 04:19:03,2078721989417353452,50.74666485582177,,,,
2025-09-15 04:18:13.000,2025-09-15 04:19:03,2078721989417369836,,,,,59.0
2025-09-15 04:18:24.000,2025-09-15 04:19:03,2078721989417402604,,,,,60.00000000000001
2025-09-15 04:18:34.000,2025-09-15 04:19:03,2078721989417418988,,,,,51.0
2025-09-15 04:18:45.000,2025-09-15 04:20:04,2078722245340954860,,,,,58.0
2025-09-15 04:18:48.000,2025-09-15 04:20:04,2078722245340987628,,,36.0,576610.0,
2025-09-15 04:18:55.000,2025-09-15 04:20:04,2078722245341004012,,,,,51.0
2025-09-15 04:18:56.000,2025-09-15 04:20:04,2078722245341020396,49.39285251285598,,,,
2025-09-15 04:19:01.000,2025-09-15 04:19:02,2078721986174910700,,32.0,,,
2025-09-15 04:19:14.000,2025-09-15 04:20:04,2078722245345149164,34.339792699414154,,,,
2025-09-15 04:19:16.000,2025-09-15 04:20:04,2078722245345165548,,,,,18.0
2025-09-15 04:19:23.000,2025-09-15 04:20:04,2078722245345214700,34.20089266422614,,,,
2025-09-15 04:19:26.000,2025-09-15 04:20:04,2078722245345231084,,,,,20.0
2025-09-15 04:19:37.000,2025-09-15 04:20:04,2078722245345296620,,,,,6.0
2025-09-15 04:19:47.000,2025-09-15 04:21:05,2078722501659082988,,,,,5.0
2025-09-15 04:19:48.000,2025-09-15 04:21:05,2078722501659099372,,,36.0,576660.0,
2025-09-15 04:19:57.000,2025-09-15 04:21:05,2078722501659214060,,,,,0.0
2025-09-15 04:20:06.000,2025-09-15 04:20:07,2078722259333153004,,38.0,,,
2025-09-15 04:20:38.000,2025-09-15 04:21:05,2078722501663359212,,,,,9.0
2025-09-15 04:20:49.000,2025-09-15 04:22:06,2078722757184454892,,,36.0,576670.0,25.0
2025-09-15 04:20:54.000,2025-09-15 04:22:06,2078722757184553196,18.182940606344953,,,,
2025-09-15 04:20:59.000,2025-09-15 04:22:06,2078722757184569580,,,,,8.0
2025-09-15 04:21:06.000,2025-09-15 04:22:06,2078722757184585964,28.080031113607884,,,,
2025-09-15 04:21:07.000,2025-09-15 04:21:08,2078722516469154028,,40.0,,,
2025-09-15 04:21:09.000,2025-09-15 04:22:06,2078722757184602348,,,,,32.0
2025-09-15 04:21:20.000,2025-09-15 04:22:06,2078722757184651500,,,,,42.0
2025-09-15 04:21:30.000,2025-09-15 04:22:06,2078722757184667884,,,,,37.0
2025-09-15 04:21:41.000,2025-09-15 04:22:06,2078722757184684268,,,,,25.0
2025-09-15 04:21:49.000,2025-09-15 04:23:07,2078723012575625452,,,36.0,576690.0,
2025-09-15 04:21:51.000,2025-09-15 04:23:07,2078723012575641836,,,,,27.0
2025-09-15 04:21:52.000,2025-09-15 04:23:07,2078723012575658220,26.31692666695476,,,,
2025-09-15 04:22:01.000,2025-09-15 04:23:07,2078723012575674604,18.399624661238253,,,,21.0
2025-09-15 04:22:09.000,2025-09-15 04:22:09,2078722772682408172,,45.0,,,
2025-09-15 04:22:12.000,2025-09-15 04:23:07,2078723012575772908,,,,,33.0
2025-09-15 04:22:16.000,2025-09-15 04:23:07,2078723012575854828,31.402519955305056,,,,
2025-09-15 04:22:21.000,2025-09-15 04:23:07,2078723012575887596,40.01061813602326,,,,
2025-09-15 04:22:22.000,2025-09-15 04:23:07,2078723012575903980,,,,,42.0
2025-09-15 04:22:26.000,2025-09-15 04:23:07,2078723012575920364,46.21852370869267,,,,
2025-09-15 04:22:33.000,2025-09-15 04:23:07,2078723012575936748,,,,,52.0
2025-09-15 04:22:39.000,2025-09-15 04:23:07,2078723012575953132,47.75753609857581,,,,
2025-09-15 04:22:43.000,2025-09-15 04:23:07,2078723012579819756,,,,,47.0
2025-09-15 04:22:49.000,2025-09-15 04:24:07,2078723267908075756,,,36.0,576700.0,
2025-09-15 04:22:53.000,2025-09-15 04:24:07,2078723267908092140,,,,,44.0
2025-09-15 04:22:58.000,2025-09-15 04:24:07,2078723267908108524,36.31032119861471,,,,
2025-09-15 04:23:04.000,2025-09-15 04:24:07,2078723267908124908,,,,,27.0
2025-09-15 04:23:06.000,2025-09-15 04:24:07,2078723267908141292,28.207819145980853,,,,
2025-09-15 04:23:10.000,2025-09-15 04:23:10,2078723028014858476,,23.0,,,
2025-09-15 04:23:14.000,2025-09-15 04:24:07,2078723267908174060,,,,,41.0
2025-09-15 04:23:16.000,2025-09-15 04:24:07,2078723267908190444,41.14033842221907,,,,
2025-09-15 04:23:21.000,2025-09-15 04:24:07,2078723267912286444,41.67371455734102,,,,
2025-09-15 04:23:25.000,2025-09-15 04:24:07,2078723267912302828,,,,,47.0
2025-09-15 04:23:35.000,2025-09-15 04:24:07,2078723267912319212,,,,,42.0
2025-09-15 04:23:45.000,2025-09-15 04:24:07,2078723267912335596,,,,,57.0
2025-09-15 04:23:50.000,2025-09-15 04:25:08,2078723524079386860,,,36.0,576780.0,
2025-09-15 04:23:56.000,2025-09-15 04:25:08,2078723524079403244,,,,,59.0
2025-09-15 04:24:06.000,2025-09-15 04:25:08,2078723524079419628,,,,,62.0
2025-09-15 04:24:11.000,2025-09-15 04:24:17,2078723306411786476,,40.0,,,
2025-09-15 04:24:16.001,2025-09-15 04:25:08,2078723524079534316,,,,,63.0
2025-09-15 04:24:27.000,2025-09-15 04:25:08,2078723524083679468,,,,,64.0
2025-09-15 04:24:34.000,2025-09-15 04:24:37,2078723390692131052,,34.0,,,
2025-09-15 04:24:36.000,2025-09-15 04:25:08,2078723524083761388,63.53658009593363,,,,
2025-09-15 04:24:47.000,2025-09-15 04:25:08,2078723524083794156,,,,,68.0
2025-09-15 04:24:49.000,2025-09-15 04:26:09,2078723778849800428,66.16271676122159,,,,
2025-09-15 04:24:50.000,2025-09-15 04:26:09,2078723778849816812,,,35.0,576810.0,
2025-09-15 04:24:58.000,2025-09-15 04:26:09,2078723778849849580,,,,,62.0
2025-09-15 04:25:08.000,2025-09-15 04:26:09,2078723778849865964,,,,,57.0
2025-09-15 04:25:19.000,2025-09-15 04:26:09,2078723778849882348,,,,,50.0
2025-09-15 04:25:20.000,2025-09-15 04:26:09,2078723778849898732,48.0168161642601,,,,
2025-09-15 04:25:29.000,2025-09-15 04:26:09,2078723778849931500,,,,,63.0
2025-09-15 04:25:36.000,2025-09-15 04:25:36,2078723641607995628,,38.0,,,
2025-09-15 04:25:39.000,2025-09-15 04:26:09,2078723778849980652,,,,,67.0
2025-09-15 04:25:50.000,2025-09-15 04:27:12,2078724040582758636,,,,,74.0
2025-09-15 04:25:51.000,2025-09-15 04:27:12,2078724040582775020,,,35.0,576870.0,
2025-09-15 04:26:00.000,2025-09-15 04:27:12,2078724040582807788,,,,,60.00000000000001
2025-09-15 04:26:10.000,2025-09-15 04:27:12,2078724040582824172,,,,,67.0
2025-09-15 04:26:21.000,2025-09-15 04:27:12,2078724040582840556,,,,,64.0
2025-09-15 04:26:26.000,2025-09-15 04:27:12,2078724040582873324,59.03066295443462,,,,
2025-09-15 04:26:31.000,2025-09-15 04:27:12,2078724040582889708,,,,,56.0
2025-09-15 04:26:35.000,2025-09-15 04:27:12,2078724040582906092,58.28801076629606,,,,
2025-09-15 04:26:37.000,2025-09-15 04:26:42,2078723915806441708,,32.0,,,
2025-09-15 04:26:42.000,2025-09-15 04:27:12,2078724040582955244,,,,,70.0
2025-09-15 04:26:51.000,2025-09-15 04:28:13,2078724298196910316,,,36.0,576900.0,
2025-09-15 04:26:52.000,2025-09-15 04:28:13,2078724298196926700,,,,,79.0
2025-09-15 04:27:02.000,2025-09-15 04:28:13,2078724298196943084,,,,,78.0
2025-09-15 04:27:13.000,2025-09-15 04:28:13,2078724298196959468,,,,,72.0
2025-09-15 04:27:23.000,2025-09-15 04:28:13,2078724298196992236,,,,,70.0
2025-09-15 04:27:34.000,2025-09-15 04:28:13,2078724298197008620,,,,,63.0
2025-09-15 04:27:38.000,2025-09-15 04:27:39,2078724155968061676,,40.0,,,
2025-09-15 04:27:44.000,2025-09-15 04:28:13,2078724298197057772,,,,,66.0
2025-09-15 04:27:46.000,2025-09-15 04:28:13,2078724298197074156,63.01061196268838,,,,
2025-09-15 04:27:51.000,2025-09-15 04:29:11,2078724540237611244,,,35.0,577000.0,
2025-09-15 04:27:54.000,2025-09-15 04:29:11,2078724540241821932,,,,,68.0
2025-09-15 04:27:59.000,2025-09-15 04:29:11,2078724540241838316,66.94796496015114,,,,
2025-09-15 04:28:05.000,2025-09-15 04:29:11,2078724540241854700,,,,,63.0
2025-09-15 04:28:14.000,2025-09-15 04:29:11,2078724540241871084,62.45315982146716,,,,
2025-09-15 04:28:15.000,2025-09-15 04:29:11,2078724540241887468,,,,,62.0
2025-09-15 04:28:23.000,2025-09-15 04:29:11,2078724540241903852,68.7647774204103,,,,
2025-09-15 04:28:26.000,2025-09-15 04:29:11,2078724540241920236,,,,,73.0
2025-09-15 04:28:36.000,2025-09-15 04:29:11,2078724540241936620,,,,,74.0
2025-09-15 04:28:40.000,2025-09-15 04:28:42,2078724417831043308,,35.0,,,
2025-09-15 04:28:47.000,2025-09-15 04:29:11,2078724540241969388,,,,,62.0
2025-09-15 04:28:52.000,2025-09-15 04:30:12,2078724795976925420,,,35.0,577150.0,
2025-09-15 04:28:57.000,2025-09-15 04:30:12,2078724795976958188,,,,,60.99999999999999
2025-09-15 04:29:07.000,2025-09-15 04:30:12,2078724795976974572,61.35307154277813,,,,
2025-09-15 04:29:08.000,2025-09-15 04:30:12,2078724795976990956,,,,,63.0
2025-09-15 04:29:28.000,2025-09-15 04:30:12,2078724795977040108,,,,,78.0
2025-09-15 04:29:41.000,2025-09-15 04:29:42,2078724671561269484,,41.0,,,
2025-09-15 04:29:49.000,2025-09-15 04:30:12,2078724795977220332,,,,,79.0
2025-09-15 04:29:52.000,2025-09-15 04:31:13,2078725051250639084,,,35.0,577200.0,
2025-09-15 04:29:59.000,2025-09-15 04:31:13,2078725051250671852,,,,,72.0
2025-09-15 04:30:10.000,2025-09-15 04:31:13,2078725051250688236,,,,,73.0
2025-09-15 04:30:20.000,2025-09-15 04:31:13,2078725051250704620,,,,,77.0
2025-09-15 04:30:31.000,2025-09-15 04:31:13,2078725051250737388,72.77065443523246,,,,74.0
2025-09-15 04:30:41.000,2025-09-15 04:31:13,2078725051250753772,,,,,73.0
2025-09-15 04:30:42.000,2025-09-15 04:30:43,2078724928684687596,,31.0,,,
2025-09-15 04:30:51.000,2025-09-15 04:31:13,2078725051254849772,,,,,75.0
2025-09-15 04:30:52.000,2025-09-15 04:31:13,2078725051254866156,,,35.0,577400.0,
2025-09-15 04:31:02.000,2025-09-15 04:32:13,2078725306553745644,,,,,76.0
2025-09-15 04:31:12.000,2025-09-15 04:32:13,2078725306553762028,,,,,69.0
2025-09-15 04:31:23.000,2025-09-15 04:32:13,2078725306553778412,,,,,68.0
2025-09-15 04:31:27.000,2025-09-15 04:32:13,2078725306553811180,65.8756566884997,,,,
2025-09-15 04:31:33.000,2025-09-15 04:32:13,2078725306553827564,,,,,62.0
2025-09-15 04:31:43.000,2025-09-15 04:31:44,2078725182888870124,,35.0,,,
2025-09-15 04:31:44.000,2025-09-15 04:32:13,2078725306553843948,,,,,66.0
2025-09-15 04:31:45.000,2025-09-15 04:32:13,2078725306553860332,64.12922024606914,,,,
2025-09-15 04:31:53.000,2025-09-15 04:32:13,2078725306553893100,,,34.0,577520.0,
2025-09-15 04:31:54.000,2025-09-15 04:33:14,2078725561902956780,,,,,72.0
2025-09-15 04:32:04.000,2025-09-15 04:33:14,2078725561902989548,,,,,68.0
2025-09-15 04:32:15.000,2025-09-15 04:33:14,2078725561907151084,,,,,79.0
2025-09-15 04:32:25.000,2025-09-15 04:33:14,2078725561907167468,,,,,78.0
2025-09-15 04:32:36.000,2025-09-15 04:33:14,2078725561907183852,,,,,74.0
2025-09-15 04:32:44.000,2025-09-15 04:32:47,2078725445376803052,,33.0,,,
2025-09-15 04:32:46.000,2025-09-15 04:33:14,2078725561907200236,,,,,71.0
2025-09-15 04:32:53.000,2025-09-15 04:33:14,2078725561907216620,,,34.0,577600.0,
2025-09-15 04:32:56.000,2025-09-15 04:34:18,2078725827217850604,,,,,76.0
2025-09-15 04:33:07.000,2025-09-15 04:34:18,2078725827217866988,,,,,78.0
2025-09-15 04:33:15.000,2025-09-15 04:34:18,2078725827217883372,72.16690228228191,,,,
2025-09-15 04:33:17.000,2025-09-15 04:34:18,2078725827217899756,,,,,74.0
2025-09-15 04:33:27.000,2025-09-15 04:34:18,2078725827217932524,,,,,77.0
2025-09-15 04:33:38.000,2025-09-15 04:34:18,2078725827217948908,,,,,80.0
2025-09-15 04:33:45.000,2025-09-15 04:33:58,2078725747094061292,,33.0,,,
2025-09-15 04:33:48.000,2025-09-15 04:34:18,2078725827218014444,,,,,79.0
2025-09-15 04:33:53.000,2025-09-15 04:34:18,2078725827218030828,,,34.0,577670.0,
2025-09-15 04:33:59.000,2025-09-15 04:35:15,2078726070131015916,,,,,78.0
2025-09-15 04:34:09.000,2025-09-15 04:35:15,2078726070131032300,,,,,65.0
2025-09-15 04:34:19.000,2025-09-15 04:35:15,2078726070131048684,,,,,72.0
2025-09-15 04:34:30.000,2025-09-15 04:35:15,2078726070131081452,,,,,71.0
2025-09-15 04:34:40.000,2025-09-15 04:35:15,2078726070131196140,,,,,70.0
2025-09-15 04:34:45.000,2025-09-15 04:35:15,2078726070131212524,69.76300567329477,,,,
2025-09-15 04:34:46.000,2025-09-15 04:34:47,2078725950492639468,,35.0,,,
2025-09-15 04:34:50.000,2025-09-15 04:35:15,2078726070131261676,,,,,68.0
2025-09-15 04:34:54.000,2025-09-15 04:35:15,2078726070131278060,,,34.0,577730.0,
2025-09-15 04:35:01.000,2025-09-15 04:36:17,2078726327434756332,,,,,60.99999999999999
2025-09-15 04:35:11.000,2025-09-15 04:36:17,2078726327434772716,,,,,55.0
2025-09-15 04:35:22.000,2025-09-15 04:36:17,2078726327434789100,,,,,36.0
2025-09-15 04:35:26.000,2025-09-15 04:36:17,2078726327434805484,28.739343280633634,,,,
2025-09-15 04:35:32.000,2025-09-15 04:36:17,2078726327434821868,,,,,48.0
2025-09-15 04:35:42.000,2025-09-15 04:36:17,2078726327434838252,,,,,60.99999999999999
2025-09-15 04:35:47.000,2025-09-15 04:35:52,2078726221910294764,,32.0,,,
2025-09-15 04:35:53.000,2025-09-15 04:36:17,2078726327434871020,,,,,75.0
2025-09-15 04:35:54.000,2025-09-15 04:36:17,2078726327434887404,,,34.0,577780.0,
2025-09-15 04:36:03.000,2025-09-15 04:37:17,2078726581777334508,,,,,82.0
2025-09-15 04:36:14.000,2025-09-15 04:37:17,2078726581777350892,,,,,84.0
2025-09-15 04:36:24.000,2025-09-15 04:37:17,2078726581777367276,,,,,81.0
2025-09-15 04:36:34.000,2025-09-15 04:37:17,2078726581777400044,,,,,77.0
2025-09-15 04:36:45.000,2025-09-15 04:37:17,2078726581777416428,,,,,72.0
2025-09-15 04:36:48.000,2025-09-15 04:36:50,2078726464584286444,,41.0,,,
2025-09-15 04:36:54.000,2025-09-15 04:37:17,2078726581777465580,,,34.0,577800.0,
2025-09-15 04:36:55.000,2025-09-15 04:37:17,2078726581777481964,,,,,71.0
2025-09-15 04:36:56.000,2025-09-15 04:37:17,2078726581777498348,70.5075098619025,,,,
2025-09-15 04:37:06.000,2025-09-15 04:38:18,2078726836396753132,,,,,73.0
2025-09-15 04:37:16.000,2025-09-15 04:38:18,2078726836396769516,,,,,71.0
2025-09-15 04:37:37.000,2025-09-15 04:38:18,2078726836396835052,,,,,73.0
2025-09-15 04:37:47.000,2025-09-15 04:38:18,2078726836396851436,,,,,78.0
2025-09-15 04:37:49.000,2025-09-15 04:37:50,2078726717572120812,,32.0,,,
2025-09-15 04:37:54.000,2025-09-15 04:38:18,2078726836396900588,,,34.0,577810.0,
2025-09-15 04:37:57.000,2025-09-15 04:38:18,2078726836396933356,,,,,80.0
2025-09-15 04:38:08.000,2025-09-15 04:39:19,2078727091150389484,72.61508639582189,,,,72.0
2025-09-15 04:38:18.000,2025-09-15 04:39:19,2078727091150405868,,,,,71.0
2025-09-15 04:38:29.000,2025-09-15 04:39:19,2078727091150438636,,,,,65.0
2025-09-15 04:38:39.000,2025-09-15 04:39:19,2078727091154583788,,,,,41.0
2025-09-15 04:38:50.000,2025-09-15 04:38:51,2078726975421153516,,20.0,,,
2025-09-15 04:38:50.000,2025-09-15 04:39:19,2078727091154616556,,,,,4.0
2025-09-15 04:38:55.000,2025-09-15 04:39:19,2078727091154682092,,,35.0,577830.0,
2025-09-15 04:39:00.000,2025-09-15 04:40:20,2078727347107791084,,,,,42.0
2025-09-15 04:39:10.000,2025-09-15 04:40:20,2078727347107807468,,,,,45.0
2025-09-15 04:39:21.000,2025-09-15 04:40:20,2078727347107823852,,,,,31.0
2025-09-15 04:39:31.000,2025-09-15 04:40:20,2078727347107873004,,,,,0.0
2025-09-15 04:39:37.000,2025-09-15 04:40:20,2078727347108036844,26.69658676313531,,,,
2025-09-15 04:39:51.000,2025-09-15 04:40:20,2078727347112083692,,,,,40.0
2025-09-15 04:39:52.000,2025-09-15 04:39:52,2078727232011911404,,35.0,,,
2025-09-15 04:39:55.000,2025-09-15 04:40:20,2078727347112132844,,,35.0,577880.0,
2025-09-15 04:40:02.000,2025-09-15 04:41:21,2078727601790124268,,,,,39.0
2025-09-15 04:40:10.000,2025-09-15 04:41:21,2078727601790140652,18.479260681412708,,,,
2025-09-15 04:40:12.000,2025-09-15 04:41:21,2078727601790157036,,,,,21.0
2025-09-15 04:40:20.000,2025-09-15 04:41:21,2078727601790173420,28.074475112200364,,,,
2025-09-15 04:40:23.000,2025-09-15 04:41:21,2078727601790189804,,,,,40.0
2025-09-15 04:40:33.000,2025-09-15 04:41:21,2078727601790222572,,,,,62.0
2025-09-15 04:40:43.000,2025-09-15 04:41:21,2078727601790238956,,,,,67.0
2025-09-15 04:40:53.000,2025-09-15 04:40:53,2078727487570837740,,37.0,,,
2025-09-15 04:40:54.000,2025-09-15 04:41:21,2078727601790255340,,,,,62.0
2025-09-15 04:40:55.000,2025-09-15 04:41:21,2078727601790271724,,,35.0,577940.0,
2025-09-15 04:41:04.000,2025-09-15 04:42:21,2078727856711532780,,,,,38.0
2025-09-15 04:41:05.000,2025-09-15 04:42:21,2078727856711565548,35.84917308179051,,,,
2025-09-15 04:41:11.000,2025-09-15 04:42:21,2078727856711598316,40.26249019983085,,,,
2025-09-15 04:41:15.000,2025-09-15 04:42:21,2078727856711614700,,,,,45.0
2025-09-15 04:41:19.000,2025-09-15 04:42:21,2078727856711631084,38.18269367294907,,,,
2025-09-15 04:41:24.000,2025-09-15 04:42:21,2078727856711647468,42.75157883039997,,,,
2025-09-15 04:41:36.000,2025-09-15 04:42:21,2078727856711696620,,,,,89.0
2025-09-15 04:41:46.000,2025-09-15 04:42:21,2078727856711713004,,,,,101.0
2025-09-15 04:41:53.000,2025-09-15 04:41:54,2078727740697084140,,35.0,,,
2025-09-15 04:41:55.000,2025-09-15 04:42:21,2078727856711729388,,,34.0,577950.0,
2025-09-15 04:41:56.000,2025-09-15 04:42:21,2078727856711745772,,,,,107.0
2025-09-15 04:42:07.000,2025-09-15 04:43:23,2078728113038033132,,,,,102.0
2025-09-15 04:42:17.000,2025-09-15 04:43:23,2078728113038049516,,,,,104.0
2025-09-15 04:42:28.000,2025-09-15 04:43:23,2078728113038065900,,,,,99.0
2025-09-15 04:42:38.000,2025-09-15 04:43:23,2078728113038098668,,,,,92.0
2025-09-15 04:42:48.000,2025-09-15 04:43:23,2078728113038115052,,,,,89.0
2025-09-15 04:42:55.000,2025-09-15 04:42:55,2078727998999101676,,35.0,,,
2025-09-15 04:42:55.000,2025-09-15 04:43:23,2078728113038131436,89.37754264231081,,,,
2025-09-15 04:42:56.000,2025-09-15 04:43:23,2078728113038147820,,,34.0,578200.0,
2025-09-15 04:43:09.000,2025-09-15 04:44:23,2078728368143991020,,,,,92.0
2025-09-15 04:43:20.000,2025-09-15 04:44:23,2078728368144007404,,,,,90.0
2025-09-15 04:43:30.000,2025-09-15 04:44:23,2078728368144040172,,,,,89.0
2025-09-15 04:43:40.000,2025-09-15 04:44:23,2078728368144056556,,,,,92.0
2025-09-15 04:43:51.000,2025-09-15 04:44:23,2078728368144105708,,,,,91.0
2025-09-15 04:43:56.000,2025-09-15 04:43:57,2078728257913503980,,30.0,,,
2025-09-15 04:43:56.000,2025-09-15 04:44:23,2078728368144122092,,,34.0,578250.0,
2025-09-15 04:44:01.000,2025-09-15 04:44:23,2078728368144187628,,,,,86.0
2025-09-15 04:44:26.000,2025-09-15 04:45:24,2078728623224815852,84.79198948063734,,,,
2025-09-15 04:44:32.000,2025-09-15 04:45:24,2078728623224848620,,,,,91.0
2025-09-15 04:44:43.000,2025-09-15 04:45:24,2078728623224865004,,,,,95.0
2025-09-15 04:44:56.000,2025-09-15 04:45:24,2078728623229092076,,,34.0,578350.0,
2025-09-15 04:44:58.000,2025-09-15 04:44:58,2078728515108208876,,33.0,,,
2025-09-15 04:45:03.000,2025-09-15 04:45:24,2078728623229141228,,,,,92.0
2025-09-15 04:45:24.000,2025-09-15 04:46:25,2078728877881966828,,,,,95.0
2025-09-15 04:45:34.000,2025-09-15 04:46:25,2078728877881999596,,,,,98.0
2025-09-15 04:45:45.000,2025-09-15 04:46:25,2078728877882015980,,,,,99.0
2025-09-15 04:45:55.000,2025-09-15 04:46:25,2078728877882032364,98.49308895158255,,,,
2025-09-15 04:45:56.000,2025-09-15 04:46:25,2078728877882048748,,,34.0,578450.0,
2025-09-15 04:45:59.000,2025-09-15 04:46:00,2078728774882443500,,32.0,,,
2025-09-15 04:46:06.000,2025-09-15 04:47:26,2078729133885489388,,,,,101.0
2025-09-15 04:46:16.000,2025-09-15 04:47:26,2078729133885505772,,,,,92.0
2025-09-15 04:46:26.000,2025-09-15 04:47:26,2078729133885522156,,,,,87.0
2025-09-15 04:46:37.000,2025-09-15 04:47:26,2078729133885554924,,,,,82.0
2025-09-15 04:46:47.000,2025-09-15 04:47:26,2078729133885571308,,,,,80.0
2025-09-15 04:46:57.000,2025-09-15 04:47:26,2078729133885587692,,,34.0,578600.0,
2025-09-15 04:46:58.000,2025-09-15 04:47:26,2078729133885604076,,,,,86.0
2025-09-15 04:47:00.000,2025-09-15 04:47:01,2078729027668934892,,33.0,,,
2025-09-15 04:47:06.000,2025-09-15 04:48:27,2078729388546851052,87.14773407742597,,,,
2025-09-15 04:47:08.000,2025-09-15 04:48:27,2078729388546883820,,,,,88.0
2025-09-15 04:47:18.000,2025-09-15 04:48:27,2078729388546900204,,,,,95.0
2025-09-15 04:47:29.000,2025-09-15 04:48:27,2078729388546916588,,,,,98.0
2025-09-15 04:47:39.000,2025-09-15 04:48:27,2078729388546949356,,,,,99.0
2025-09-15 04:47:50.000,2025-09-15 04:48:27,2078729388546965740,,,,,90.0
2025-09-15 04:47:57.000,2025-09-15 04:48:27,2078729388546982124,,,34.0,578660.0,
2025-09-15 04:48:00.000,2025-09-15 04:48:27,2078729388546998508,,,,,86.0
2025-09-15 04:48:01.000,2025-09-15 04:48:02,2078729284700078316,,32.0,,,
2025-09-15 04:48:11.000,2025-09-15 04:49:27,2078729643208212716,,,,,89.0
2025-09-15 04:48:21.000,2025-09-15 04:49:27,2078729643208229100,,,,,88.0
2025-09-15 04:48:37.000,2025-09-15 04:49:27,2078729643208278252,87.01068604270714,,,,
2025-09-15 04:48:42.000,2025-09-15 04:49:27,2078729643208294636,,,,,87.0
2025-09-15 04:48:52.000,2025-09-15 04:49:27,2078729643208327404,,,,,85.0
2025-09-15 04:48:57.000,2025-09-15 04:49:27,2078729643208343788,,,34.0,578740.0,
2025-09-15 04:49:02.000,2025-09-15 04:49:03,2078729541437620460,,26.0,,,
2025-09-15 04:49:03.000,2025-09-15 04:49:27,2078729643208376556,,,,,77.0
2025-09-15 04:49:13.000,2025-09-15 04:50:28,2078729899501158636,,,,,76.0
2025-09-15 04:49:23.000,2025-09-15 04:50:28,2078729899505352940,,,,,83.0
2025-09-15 04:49:34.000,2025-09-15 04:50:28,2078729899505385708,,,,,84.0
2025-09-15 04:49:44.000,2025-09-15 04:50:28,2078729899505402092,,,,,85.0
2025-09-15 04:49:54.000,2025-09-15 04:50:28,2078729899505500396,,,,,87.0
2025-09-15 04:49:58.000,2025-09-15 04:50:28,2078729899505516780,,,34.0,578890.0,
2025-09-15 04:50:03.000,2025-09-15 04:50:04,2078729796908499180,,37.0,,,
2025-09-15 04:50:05.000,2025-09-15 04:50:28,2078729899505549548,,,,,85.0
2025-09-15 04:50:08.000,2025-09-15 04:50:28,2078729899505582316,86.32729786958214,,,,
2025-09-15 04:50:15.000,2025-09-15 04:51:32,2078730167294935276,,,,,86.0
2025-09-15 04:50:36.000,2025-09-15 04:51:32,2078730167295017196,,,,,93.0
2025-09-15 04:50:46.000,2025-09-15 04:51:32,2078730167295033580,,,,,90.0
2025-09-15 04:50:57.000,2025-09-15 04:51:32,2078730167295049964,,,,,89.0
2025-09-15 04:50:58.000,2025-09-15 04:51:32,2078730167295066348,,,33.0,578920.0,
2025-09-15 04:51:04.000,2025-09-15 04:51:07,2078730060675678444,,30.0,,,
2025-09-15 04:51:07.000,2025-09-15 04:51:32,2078730167295115500,,,,,91.0
2025-09-15 04:51:18.000,2025-09-15 04:52:30,2078730409234923756,,,,,88.0
2025-09-15 04:51:28.000,2025-09-15 04:52:30,2078730409234940140,,,,,86.0
2025-09-15 04:51:37.000,2025-09-15 04:52:30,2078730409234972908,86.59954193855063,,,,
2025-09-15 04:51:38.000,2025-09-15 04:52:30,2078730409234989292,,,,,88.0
2025-09-15 04:51:58.000,2025-09-15 04:52:30,2078730409235022060,,,33.0,579050.0,
2025-09-15 04:51:59.000,2025-09-15 04:52:30,2078730409235038444,,,,,91.0
2025-09-15 04:52:05.000,2025-09-15 04:52:06,2078730307900539116,,32.0,,,
2025-09-15 04:52:20.000,2025-09-15 04:53:31,2078730664231846124,,,,,92.0
2025-09-15 04:52:41.000,2025-09-15 04:53:31,2078730664231895276,,,,,89.0
2025-09-15 04:52:51.000,2025-09-15 04:53:31,2078730664231911660,,,,,93.0
2025-09-15 04:52:59.000,2025-09-15 04:53:31,2078730664231928044,,,33.0,579160.0,
2025-09-15 04:53:06.000,2025-09-15 04:53:07,2078730563358818540,,32.0,,,
2025-09-15 04:53:09.000,2025-09-15 04:53:31,2078730664231977196,86.64213794934162,,,,
2025-09-15 04:53:12.000,2025-09-15 04:54:37,2078730942834278636,,,,,90.0
2025-09-15 04:53:23.000,2025-09-15 04:54:37,2078730942834295020,,,,,87.0
2025-09-15 04:53:33.000,2025-09-15 04:54:37,2078730942834327788,,,,,86.0
2025-09-15 04:53:43.000,2025-09-15 04:54:37,2078730942834344172,,,,,90.0
2025-09-15 04:53:54.000,2025-09-15 04:54:37,2078730942834409708,,,,,94.0
2025-09-15 04:53:59.000,2025-09-15 04:54:37,2078730942834426092,,,33.0,579310.0,
2025-09-15 04:54:04.000,2025-09-15 04:54:37,2078730942834458860,,,,,90.0
2025-09-15 04:54:08.000,2025-09-15 04:54:09,2078730822755549420,,35.0,,,
2025-09-15 04:54:14.000,2025-09-15 04:57:01,2078731547229290732,,,,,86.0
2025-09-15 04:54:35.000,2025-09-15 04:57:01,2078731547229339884,,,,,85.0
2025-09-15 04:54:38.000,2025-09-15 04:57:01,2078731547229356268,85.89948576120307,,,,
2025-09-15 04:54:46.000,2025-09-15 04:57:01,2078731547229372652,,,,,88.0
2025-09-15 04:54:56.000,2025-09-15 04:57:01,2078731547229454572,,,,,85.0
2025-09-15 04:54:59.000,2025-09-15 04:57:01,2078731547229487340,,,33.0,579380.0,
2025-09-15 04:55:06.000,2025-09-15 04:57:01,2078731547229520108,,,,,81.0
2025-09-15 04:55:09.000,2025-09-15 04:55:10,2078731079753187564,,33.0,,,
2025-09-15 04:55:17.000,2025-09-15 04:57:01,2078731547229552876,,,,,79.0
2025-09-15 04:55:27.000,2025-09-15 04:57:01,2078731547229569260,,,,,83.0
2025-09-15 04:55:38.000,2025-09-15 04:57:01,2078731547229602028,,,,,85.0
2025-09-15 04:55:48.000,2025-09-15 04:57:01,2078731547229618412,,,,,78.0
2025-09-15 04:55:58.000,2025-09-15 04:57:01,2078731547229634796,,,,,79.0
2025-09-15 04:55:59.000,2025-09-15 04:57:01,2078731547229651180,,,33.0,579410.0,
2025-09-15 04:56:02.000,2025-09-15 04:57:01,2078731547229667564,80.8324124775445,,,,
2025-09-15 04:56:09.000,2025-09-15 04:57:01,2078731547229683948,,,,,81.0
2025-09-15 04:56:10.000,2025-09-15 04:56:24,2078731389435379948,,36.0,,,
2025-09-15 04:56:19.000,2025-09-15 04:57:01,2078731547233501420,,,,,79.0
2025-09-15 04:56:29.000,2025-09-15 04:57:01,2078731547233517804,,,,,76.0
2025-09-15 04:56:40.000,2025-09-15 04:57:01,2078731547233550572,,,,,73.0
2025-09-15 04:56:50.000,2025-09-15 04:58:02,2078731802347831532,,,,,76.0
2025-09-15 04:57:00.000,2025-09-15 04:58:02,2078731802347847916,,,33.0,579450.0,
2025-09-15 04:57:01.000,2025-09-15 04:58:02,2078731802347864300,,,,,73.0
2025-09-15 04:57:11.000,2025-09-15 04:57:12,2078731593752510700,,33.0,,,
2025-09-15 04:57:11.000,2025-09-15 04:58:02,2078731802347897068,,,,,66.0
2025-09-15 04:57:32.000,2025-09-15 04:58:02,2078731802347962604,,,,,59.0
2025-09-15 04:57:33.000,2025-09-15 04:58:02,2078731802347978988,58.38246279022391,,,,
2025-09-15 04:57:42.000,2025-09-15 04:59:03,2078732057403490540,,,,,27.0
2025-09-15 04:57:53.000,2025-09-15 04:59:03,2078732057403539692,,,,,30.000000000000004
2025-09-15 04:57:56.000,2025-09-15 04:59:03,2078732057403556076,29.82091155463093,,,,
2025-09-15 04:58:00.000,2025-09-15 04:59:03,2078732057403572460,,,33.0,579480.0,
2025-09-15 04:58:03.000,2025-09-15 04:59:03,2078732057403588844,,,,,48.0
2025-09-15 04:58:13.000,2025-09-15 04:58:13,2078731849479225580,,32.0,,,
2025-09-15 04:58:13.000,2025-09-15 04:59:03,2078732057403605228,,,,,80.0
2025-09-15 04:58:23.000,2025-09-15 04:59:03,2078732057403654380,83.75486921790021,,,,
2025-09-15 04:58:24.000,2025-09-15 04:59:03,2078732057403670764,,,,,85.0
2025-09-15 04:58:34.000,2025-09-15 04:59:03,2078732057403703532,,,,,81.0
2025-09-15 04:58:45.000,2025-09-15 05:00:03,2078732311012049132,,,,,78.0
2025-09-15 04:58:55.000,2025-09-15 05:00:03,2078732311012081900,,,,,76.0
2025-09-15 04:59:00.000,2025-09-15 05:00:03,2078732311012098284,,,33.0,579660.0,
2025-09-15 04:59:05.000,2025-09-15 05:00:03,2078732311012131052,,,,,65.0
2025-09-15 04:59:14.000,2025-09-15 04:59:15,2078732106153853164,,33.0,,,
2025-09-15 04:59:16.000,2025-09-15 05:00:03,2078732311012163820,,,,,31.0
2025-09-15 04:59:26.000,2025-09-15 05:00:03,2078732311012180204,31.39325995295919,,,,32.0
2025-09-15 04:59:37.000,2025-09-15 05:00:03,2078732311012212972,,,,,60.00000000000001
2025-09-15 04:59:47.000,2025-09-15 05:01:04,2078732566101246188,,,,,77.0
2025-09-15 04:59:57.000,2025-09-15 05:01:04,2078732566101262572,,,,,84.0
2025-09-15 05:00:00.000,2025-09-15 05:01:04,2078732566101328108,,,33.0,579690.0,
2025-09-15 05:00:15.000,2025-09-15 05:00:16,2078732361779904748,,30.0,,,
2025-09-15 05:00:18.000,2025-09-15 05:01:04,2078732566101426412,,,,,83.0
2025-09-15 05:00:28.000,2025-09-15 05:01:04,2078732566101442796,,,,,72.0
2025-09-15 05:00:39.000,2025-09-15 05:01:04,2078732566101475564,,,,,71.0
2025-09-15 05:00:49.000,2025-09-15 05:04:00,2078733304600723692,,,,,55.0
2025-09-15 05:00:58.000,2025-09-15 05:04:00,2078733304642683116,30.51911573150932,,,,
2025-09-15 05:01:00.000,2025-09-15 05:04:00,2078733304642699500,,,,,30.000000000000004
2025-09-15 05:01:01.000,2025-09-15 05:04:00,2078733304642715884,,,33.0,579730.0,
2025-09-15 05:01:04.000,2025-09-15 05:04:00,2078733304642732268,39.13647391457339,,,,
2025-09-15 05:01:10.000,2025-09-15 05:04:00,2078733304642748652,,,,,67.0
2025-09-15 05:01:16.000,2025-09-15 05:01:17,2078732617548562668,,28.000000000000004,,,
2025-09-15 05:01:20.000,2025-09-15 05:04:00,2078733304642797804,,,,,75.0
2025-09-15 05:01:31.000,2025-09-15 05:04:00,2078733304642814188,,,,,71.0
2025-09-15 05:01:41.000,2025-09-15 05:04:00,2078733304642846956,,,,,70.0
2025-09-15 05:01:52.000,2025-09-15 05:04:00,2078733304642863340,,,,,71.0
2025-09-15 05:01:59.000,2025-09-15 05:04:00,2078733304642879724,63.91253619117584,,,,
2025-09-15 05:02:01.000,2025-09-15 05:04:00,2078733304642896108,,,33.0,579840.0,
2025-09-15 05:02:02.000,2025-09-15 05:04:00,2078733304642912492,,,,,59.0
2025-09-15 05:02:12.000,2025-09-15 05:04:00,2078733304642945260,,,,,47.0
2025-09-15 05:02:16.000,2025-09-15 05:02:55,2078733029617959148,,45.0,,,
2025-09-15 05:02:23.000,2025-09-15 05:04:00,2078733304642994412,,,,,6.0
2025-09-15 05:02:26.000,2025-09-15 05:04:00,2078733304643010796,18.899664787915082,,,,
2025-09-15 05:02:32.000,2025-09-15 05:04:00,2078733304643027180,35.31394494619939,,,,
2025-09-15 05:02:33.000,2025-09-15 05:04:00,2078733304643043564,,,,,36.0
2025-09-15 05:02:44.000,2025-09-15 05:04:00,2078733304643076332,,,,,47.0
2025-09-15 05:02:54.000,2025-09-15 05:04:00,2078733304643092716,,,,,52.0
2025-09-15 05:03:01.000,2025-09-15 05:04:00,2078733304643109100,,,32.0,579890.0,
2025-09-15 05:03:04.000,2025-09-15 05:04:00,2078733304643125484,,,,,64.0
2025-09-15 05:03:15.000,2025-09-15 05:04:41,2078733474549727468,,,,,69.0
2025-09-15 05:03:17.000,2025-09-15 05:04:01,2078733306932756716,,32.0,,,
2025-09-15 05:03:25.000,2025-09-15 05:04:41,2078733474591703276,,,,,66.0
2025-09-15 05:03:36.000,2025-09-15 05:04:41,2078733474591736044,,,,,71.0
2025-09-15 05:03:57.000,2025-09-15 05:04:41,2078733474591801580,,,,,67.0
2025-09-15 05:04:02.000,2025-09-15 05:04:41,2078733474591817964,,,32.0,579930.0,
2025-09-15 05:04:04.000,2025-09-15 05:04:41,2078733474591834348,65.08670448863181,,,,
2025-09-15 05:04:07.000,2025-09-15 05:04:41,2078733474591867116,,,,,66.0
2025-09-15 05:04:17.000,2025-09-15 05:05:36,2078733704821211372,,,,,67.0
2025-09-15 05:04:18.000,2025-09-15 05:04:19,2078733381733974252,,30.0,,,
2025-09-15 05:04:24.000,2025-09-15 05:05:36,2078733704863187180,61.02526745973443,,,,
2025-09-15 05:04:28.000,2025-09-15 05:05:36,2078733704863203564,,,,,50.0
2025-09-15 05:04:34.000,2025-09-15 05:05:36,2078733704863219948,31.778476050547262,,,,
2025-09-15 05:04:38.000,2025-09-15 05:05:36,2078733704863252716,,,,,27.0
2025-09-15 05:04:42.000,2025-09-15 05:05:36,2078733704863269100,26.159506627075015,,,,
2025-09-15 05:04:49.000,2025-09-15 05:05:36,2078733704863285484,,,,,29.0
2025-09-15 05:04:51.000,2025-09-15 05:05:36,2078733704863301868,37.98638162321668,,,,
2025-09-15 05:04:59.000,2025-09-15 05:05:36,2078733704863318252,,,,,56.0
2025-09-15 05:05:02.000,2025-09-15 05:05:36,2078733704863367404,,,32.0,579960.0,
2025-09-15 05:05:09.000,2025-09-15 05:05:36,2078733704863416556,,,,,58.0
2025-09-15 05:05:19.000,2025-09-15 05:05:20,2078733638005948652,,37.0,,,
2025-09-15 05:05:20.000,2025-09-15 05:06:37,2078733960325628140,,,,,50.0
2025-09-15 05:05:30.000,2025-09-15 05:06:37,2078733960367603948,,,,,27.0
2025-09-15 05:05:34.000,2025-09-15 05:06:37,2078733960367620332,24.983486329149873,,,,
2025-09-15 05:05:40.000,2025-09-15 05:06:37,2078733960367653100,,,,,30.000000000000004
2025-09-15 05:05:41.000,2025-09-15 05:06:37,2078733960367669484,28.100403118768792,,,,
2025-09-15 05:05:49.000,2025-09-15 05:06:37,2078733960367685868,37.4826374956015,,,,
2025-09-15 05:05:51.000,2025-09-15 05:06:37,2078733960367702252,,,,,36.0
2025-09-15 05:05:55.000,2025-09-15 05:06:37,2078733960367718636,42.577490786297666,,,,
2025-09-15 05:06:01.000,2025-09-15 05:06:37,2078733960367751404,,,,,56.0
2025-09-15 05:06:02.000,2025-09-15 05:06:37,2078733960367767788,,,32.0,580000.0,
2025-09-15 05:06:12.000,2025-09-15 05:06:37,2078733960367800556,,,,,68.0
2025-09-15 05:06:20.000,2025-09-15 05:06:21,2078733893044797676,,33.0,,,
2025-09-15 05:06:20.000,2025-09-15 05:07:38,2078734215700021484,66.66275688789841,,,,
2025-09-15 05:06:22.000,2025-09-15 05:07:38,2078734215700037868,,,,,64.0
2025-09-15 05:06:32.000,2025-09-15 05:07:38,2078734215700054252,,,,,30.000000000000004
2025-09-15 05:06:34.000,2025-09-15 05:07:38,2078734215700070636,27.426274947989654,,,,
2025-09-15 05:06:43.000,2025-09-15 05:07:38,2078734215700103404,,,,,23.0
2025-09-15 05:06:44.000,2025-09-15 05:07:38,2078734215700119788,23.031477834641052,,,,
2025-09-15 05:06:53.000,2025-09-15 05:07:38,2078734215700136172,,,,,44.0
2025-09-15 05:07:03.000,2025-09-15 05:07:38,2078734215700152556,,,32.0,580070.0,
2025-09-15 05:07:04.000,2025-09-15 05:07:38,2078734215700168940,,,,,49.0
2025-09-15 05:07:14.000,2025-09-15 05:07:38,2078734215700201708,,,,,25.0
2025-09-15 05:07:20.000,2025-09-15 05:07:28,2078734176927891692,,21.0,,,
2025-09-15 05:07:24.000,2025-09-15 05:08:57,2078734550397108460,,,,,56.0
2025-09-15 05:07:35.000,2025-09-15 05:08:57,2078734550397124844,,,,,69.0
2025-09-15 05:07:45.000,2025-09-15 05:08:57,2078734550397157612,,,,,76.0
2025-09-15 05:07:56.000,2025-09-15 05:08:57,2078734550397173996,,,,,70.0
2025-09-15 05:08:03.000,2025-09-15 05:08:57,2078734550397190380,,,32.0,580160.0,
2025-09-15 05:08:06.000,2025-09-15 05:08:57,2078734550397206764,,,,,72.0
2025-09-15 05:08:13.000,2025-09-15 05:08:57,2078734550397223148,67.22020902911963,,,,
2025-09-15 05:08:16.000,2025-09-15 05:08:57,2078734550397239532,,,,,67.0
2025-09-15 05:08:22.000,2025-09-15 05:09:01,2078734565966348524,,24.0,,,
2025-09-15 05:08:27.000,2025-09-15 05:09:39,2078734725920342252,,,,,69.0
2025-09-15 05:08:37.000,2025-09-15 05:09:39,2078734725920375020,,,,,67.0
2025-09-15 05:08:48.000,2025-09-15 05:09:39,2078734725920391404,,,,,66.0
2025-09-15 05:09:03.000,2025-09-15 05:09:39,2078734725920440556,,,32.0,580200.0,
2025-09-15 05:09:08.000,2025-09-15 05:09:39,2078734725920473324,,,,,70.0
2025-09-15 05:09:23.000,2025-09-15 05:09:24,2078734661088968940,,33.0,,,
2025-09-15 05:09:29.000,2025-09-15 05:10:40,2078734981374443756,,,,,63.0
2025-09-15 05:09:39.000,2025-09-15 05:10:40,2078734981374476524,,,,,34.0
2025-09-15 05:09:45.000,2025-09-15 05:10:40,2078734981374492908,26.991054837733895,,,,
2025-09-15 05:09:50.000,2025-09-15 05:10:40,2078734981374509292,,,,,35.0
2025-09-15 05:10:00.000,2025-09-15 05:10:40,2078734981374542060,,,,,60.00000000000001
2025-09-15 05:10:03.000,2025-09-15 05:10:40,2078734981374574828,,,32.0,580230.0,
2025-09-15 05:10:10.000,2025-09-15 05:10:40,2078734981378621676,,,,,70.0
2025-09-15 05:10:21.000,2025-09-15 05:11:41,2078735236845273324,,,,,69.0
2025-09-15 05:10:23.000,2025-09-15 05:10:24,2078734912852066540,,35.0,,,
2025-09-15 05:10:31.000,2025-09-15 05:11:41,2078735236887249132,,,,,70.0
2025-09-15 05:10:42.000,2025-09-15 05:11:41,2078735236887281900,,,,,68.0
2025-09-15 05:10:52.000,2025-09-15 05:11:41,2078735236887298284,,,,,66.0
2025-09-15 05:11:02.000,2025-09-15 05:11:41,2078735236887314668,,,,,60.00000000000001
2025-09-15 05:11:03.000,2025-09-15 05:11:41,2078735236887331052,,,32.0,580310.0,
2025-09-15 05:11:13.000,2025-09-15 05:11:41,2078735236887363820,,,,,62.0
2025-09-15 05:11:15.000,2025-09-15 05:11:41,2078735236887380204,59.762203139758135,,,,
2025-09-15 05:11:23.000,2025-09-15 05:13:02,2078735577062047980,,,,,49.0
2025-09-15 05:11:25.000,2025-09-15 05:11:25,2078735170357166316,,35.0,,,
2025-09-15 05:11:33.000,2025-09-15 05:13:02,2078735577104023788,,,,,24.0
2025-09-15 05:11:44.000,2025-09-15 05:13:02,2078735577104056556,,,,,52.0
2025-09-15 05:11:54.000,2025-09-15 05:13:02,2078735577104072940,,,,,71.0
2025-09-15 05:12:04.000,2025-09-15 05:13:02,2078735577104089324,,,32.0,580370.0,
2025-09-15 05:12:05.000,2025-09-15 05:13:02,2078735577104105708,,,,,73.0
2025-09-15 05:12:15.000,2025-09-15 05:13:02,2078735577104138476,,,,,68.0
2025-09-15 05:12:26.000,2025-09-15 05:13:03,2078735578890764524,,27.0,,,
2025-09-15 05:12:36.000,2025-09-15 05:13:43,2078735748114186476,,,,,70.0
2025-09-15 05:12:45.000,2025-09-15 05:13:43,2078735748114219244,61.058603468179555,,,,
2025-09-15 05:12:46.000,2025-09-15 05:13:43,2078735748114235628,,,,,57.0
2025-09-15 05:12:57.000,2025-09-15 05:13:43,2078735748114252012,,,,,29.0
2025-09-15 05:13:04.000,2025-09-15 05:13:43,2078735748114268396,,,31.0,580430.0,
2025-09-15 05:13:07.000,2025-09-15 05:13:43,2078735748114284780,,,,,51.0
2025-09-15 05:13:17.000,2025-09-15 05:13:43,2078735748114317548,,,,,73.0
2025-09-15 05:13:27.000,2025-09-15 05:13:27,2078735681126924524,,33.0,,,
2025-09-15 05:13:38.000,2025-09-15 05:14:44,2078736003375317228,,,,,69.0
2025-09-15 05:13:44.000,2025-09-15 05:14:44,2078736003375333612,71.8113181922006,,,,
2025-09-15 05:13:49.000,2025-09-15 05:14:44,2078736003375366380,,,,,74.0
2025-09-15 05:13:59.000,2025-09-15 05:14:44,2078736003375399148,,,,,70.0
2025-09-15 05:14:04.000,2025-09-15 05:14:44,2078736003375415532,,,31.0,580510.0,
2025-09-15 05:14:17.000,2025-09-15 05:14:44,2078736003375464684,34.27312068252391,,,,
2025-09-15 05:14:20.000,2025-09-15 05:14:44,2078736003375481068,,,,,34.0
2025-09-15 05:14:28.000,2025-09-15 05:14:29,2078735940347494636,,23.0,,,
2025-09-15 05:14:30.000,2025-09-15 05:15:45,2078736258565144812,,,,,63.0
2025-09-15 05:14:41.000,2025-09-15 05:15:45,2078736258565177580,,,,,72.0
2025-09-15 05:14:51.000,2025-09-15 05:15:45,2078736258565193964,,,,,74.0
2025-09-15 05:15:01.000,2025-09-15 05:15:45,2078736258565210348,,,,,78.0
2025-09-15 05:15:05.000,2025-09-15 05:15:45,2078736258565226732,,,31.0,580590.0,
2025-09-15 05:15:12.000,2025-09-15 05:15:45,2078736258565357804,,,,,74.0
2025-09-15 05:15:22.000,2025-09-15 05:15:45,2078736258565374188,,,,,73.0
2025-09-15 05:15:29.000,2025-09-15 05:15:31,2078736199794573548,,32.0,,,
2025-09-15 05:15:32.000,2025-09-15 05:16:48,2078736523825512684,,,,,72.0
2025-09-15 05:15:43.000,2025-09-15 05:16:48,2078736523825545452,,,,,76.0
2025-09-15 05:15:48.000,2025-09-15 05:16:48,2078736523825561836,73.57442263885373,,,,
2025-09-15 05:15:53.000,2025-09-15 05:16:48,2078736523825578220,,,,,75.0
2025-09-15 05:16:05.000,2025-09-15 05:16:48,2078736523825610988,,,31.0,580630.0,
2025-09-15 05:16:14.000,2025-09-15 05:16:48,2078736523825643756,,,,,77.0
2025-09-15 05:16:24.000,2025-09-15 05:16:48,2078736523825660140,,,,,76.0
2025-09-15 05:16:30.000,2025-09-15 05:16:31,2078736454581747948,,41.0,,,
2025-09-15 05:16:35.000,2025-09-15 05:17:45,2078736765690085612,,,,,54.0
2025-09-15 05:16:44.000,2025-09-15 05:17:45,2078736765690118380,5.518961398136888,,,,
2025-09-15 05:16:45.000,2025-09-15 05:17:45,2078736765690134764,,,,,2.0
2025-09-15 05:16:56.000,2025-09-15 05:17:45,2078736765690183916,27.09106286306926,,,,28.0
2025-09-15 05:17:05.000,2025-09-15 05:17:45,2078736765690200300,,,31.0,580660.0,
2025-09-15 05:17:06.000,2025-09-15 05:17:45,2078736765690216684,,,,,50.0
2025-09-15 05:17:16.000,2025-09-15 05:17:45,2078736765690249452,,,,,57.0
2025-09-15 05:17:27.000,2025-09-15 05:18:46,2078737021438394604,,,,,43.0
2025-09-15 05:17:31.000,2025-09-15 05:17:32,2078736708286808300,,30.0,,,
2025-09-15 05:17:37.000,2025-09-15 05:18:46,2078737021438443756,,,,,34.0
2025-09-15 05:17:45.000,2025-09-15 05:18:46,2078737021438476524,23.46114194348929,,,,
2025-09-15 05:17:48.000,2025-09-15 05:18:46,2078737021438492908,,,,,28.0
2025-09-15 05:17:53.000,2025-09-15 05:18:46,2078737021438509292,28.25597115817936,,,,
2025-09-15 05:17:58.000,2025-09-15 05:18:46,2078737021438525676,,,,,45.0
2025-09-15 05:17:59.000,2025-09-15 05:18:46,2078737021438542060,47.488996030545664,,,,
2025-09-15 05:18:05.000,2025-09-15 05:18:46,2078737021438558444,,,32.0,580690.0,
2025-09-15 05:18:08.000,2025-09-15 05:18:46,2078737021438574828,,,,,67.0
2025-09-15 05:18:19.000,2025-09-15 05:18:46,2078737021438607596,,,,,68.0
2025-09-15 05:18:32.000,2025-09-15 05:18:32,2078736962021228780,,28.000000000000004,,,
2025-09-15 05:18:40.000,2025-09-15 05:19:47,2078737275788755180,,,,,69.0
2025-09-15 05:18:50.000,2025-09-15 05:19:47,2078737275788771564,,,,,65.0
2025-09-15 05:19:01.000,2025-09-15 05:19:47,2078737275788787948,,,,,64.0
2025-09-15 05:19:06.000,2025-09-15 05:19:47,2078737275788804332,,,31.0,580760.0,
2025-09-15 05:19:11.000,2025-09-15 05:19:47,2078737275788837100,,,,,59.0
2025-09-15 05:19:21.000,2025-09-15 05:19:47,2078737275788853484,,,,,37.0
2025-09-15 05:19:30.000,2025-09-15 05:20:48,2078737531943272684,26.03542259564039,,,,
2025-09-15 05:19:32.000,2025-09-15 05:20:48,2078737531943289068,,,,,30.000000000000004
2025-09-15 05:19:33.000,2025-09-15 05:19:34,2078737219853484268,,25.0,,,
2025-09-15 05:19:42.000,2025-09-15 05:20:48,2078737531943420140,,,,,57.0
2025-09-15 05:19:53.000,2025-09-15 05:20:48,2078737531943452908,,,,,69.0
2025-09-15 05:20:03.000,2025-09-15 05:20:48,2078737531943469292,,,,,70.0
2025-09-15 05:20:06.000,2025-09-15 05:20:48,2078737531943485676,,,31.0,580890.0,
2025-09-15 05:20:13.000,2025-09-15 05:20:48,2078737531943616748,,,,,69.0
2025-09-15 05:20:24.000,2025-09-15 05:20:48,2078737531943649516,,,,,22.0
2025-09-15 05:20:27.000,2025-09-15 05:20:48,2078737531943665900,20.24236512806583,,,,
2025-09-15 05:20:34.000,2025-09-15 05:20:37,2078737483297718508,,26.0,,,
2025-09-15 05:20:34.000,2025-09-15 05:21:49,2078737785732202732,,,,,46.0
2025-09-15 05:20:45.000,2025-09-15 05:21:49,2078737785732268268,,,,,65.0
2025-09-15 05:20:55.000,2025-09-15 05:21:49,2078737785732284652,,,,,70.0
2025-09-15 05:21:05.000,2025-09-15 05:21:49,2078737785732301036,,,,,78.0
2025-09-15 05:21:06.000,2025-09-15 05:21:49,2078737785732317420,,,31.0,580960.0,
2025-09-15 05:21:16.000,2025-09-15 05:21:49,2078737785732350188,,,,,69.0
2025-09-15 05:21:26.000,2025-09-15 05:21:49,2078737785732366572,,,,,30.000000000000004
2025-09-15 05:21:29.000,2025-09-15 05:22:49,2078738039483498732,25.80947853840123,,,,
2025-09-15 05:21:36.000,2025-09-15 05:21:37,2078737735434109164,,33.0,,,
2025-09-15 05:21:37.000,2025-09-15 05:22:49,2078738039483515116,,,,,29.0
2025-09-15 05:21:43.000,2025-09-15 05:22:49,2078738039483564268,35.147264903973785,,,,
2025-09-15 05:21:47.000,2025-09-15 05:22:49,2078738039483580652,,,,,45.0
2025-09-15 05:21:57.000,2025-09-15 05:22:49,2078738039483597036,,,,,59.0
2025-09-15 05:22:07.000,2025-09-15 05:22:49,2078738039483613420,,,31.0,581000.0,
2025-09-15 05:22:08.000,2025-09-15 05:22:49,2078738039483629804,,,,,60.00000000000001
2025-09-15 05:22:29.000,2025-09-15 05:22:49,2078738039483695340,,,,,56.0
2025-09-15 05:22:37.000,2025-09-15 05:22:37,2078737989793480940,,26.0,,,
2025-09-15 05:22:39.000,2025-09-15 05:23:58,2078738330136101100,,,,,73.0
2025-09-15 05:22:49.000,2025-09-15 05:23:58,2078738330136133868,,,,,80.0
2025-09-15 05:23:00.000,2025-09-15 05:23:58,2078738330136150252,,,,,74.0
2025-09-15 05:23:07.000,2025-09-15 05:23:58,2078738330136166636,,,31.0,581120.0,
2025-09-15 05:23:10.000,2025-09-15 05:23:58,2078738330136183020,,,,,76.0
2025-09-15 05:23:12.000,2025-09-15 05:23:58,2078738330136215788,74.61709890299839,,,,
2025-09-15 05:23:21.000,2025-09-15 05:23:58,2078738330136232172,,,,,71.0
2025-09-15 05:23:31.000,2025-09-15 05:24:50,2078738547556221164,,,,,80.0
2025-09-15 05:23:38.000,2025-09-15 05:23:39,2078738248569454828,,30.0,,,
2025-09-15 05:23:41.000,2025-09-15 05:24:50,2078738547598196972,,,,,78.0
2025-09-15 05:23:52.000,2025-09-15 05:24:50,2078738547598246124,,,,,77.0
2025-09-15 05:24:02.000,2025-09-15 05:24:50,2078738547598262508,,,,,80.0
2025-09-15 05:24:07.000,2025-09-15 05:24:50,2078738547598278892,,,31.0,581210.0,
2025-09-15 05:24:13.000,2025-09-15 05:24:50,2078738547598311660,,,,,78.0
2025-09-15 05:24:23.000,2025-09-15 05:24:50,2078738547598328044,,,,,81.0
2025-09-15 05:24:33.000,2025-09-15 05:25:51,2078738802448269548,,,,,77.0
2025-09-15 05:24:39.000,2025-09-15 05:24:41,2078738507953602796,,33.0,,,
2025-09-15 05:24:44.000,2025-09-15 05:25:51,2078738802490261740,75.40790310333546,,,,76.0
2025-09-15 05:24:54.000,2025-09-15 05:25:51,2078738802490278124,,,,,80.0
2025-09-15 05:25:05.000,2025-09-15 05:25:51,2078738802490294508,,,,,81.0
2025-09-15 05:25:08.000,2025-09-15 05:25:51,2078738802490310892,,,31.0,581300.0,
2025-09-15 05:25:15.001,2025-09-15 05:25:51,2078738802490376428,,,,,78.0
2025-09-15 05:25:25.000,2025-09-15 05:25:51,2078738802490441964,,,,,79.0
2025-09-15 05:25:36.000,2025-09-15 05:26:52,2078739057227104492,,,,,77.0
2025-09-15 05:25:40.000,2025-09-15 05:25:40,2078738757565038828,,33.0,,,
2025-09-15 05:25:46.000,2025-09-15 05:26:52,2078739057227153644,,,,,76.0
2025-09-15 05:25:56.000,2025-09-15 05:26:52,2078739057227170028,,,,,73.0
2025-09-15 05:26:07.000,2025-09-15 05:26:52,2078739057227186412,,,,,72.0
2025-09-15 05:26:08.000,2025-09-15 05:26:52,2078739057227202796,,,31.0,581350.0,
2025-09-15 05:26:13.000,2025-09-15 05:26:52,2078739057227219180,77.66734367572705,,,,
2025-09-15 05:26:17.000,2025-09-15 05:26:52,2078739057227235564,,,,,81.0
2025-09-15 05:26:28.000,2025-09-15 05:26:52,2078739057227251948,,,,,78.0
2025-09-15 05:26:38.000,2025-09-15 05:27:53,2078739311909421292,,,,,75.0
2025-09-15 05:26:41.000,2025-09-15 05:26:41,2078739013576949996,,33.0,,,
2025-09-15 05:26:48.000,2025-09-15 05:27:53,2078739311909470444,,,,,74.0
2025-09-15 05:26:59.000,2025-09-15 05:27:53,2078739311909486828,,,,,78.0
2025-09-15 05:27:08.000,2025-09-15 05:27:53,2078739311909503212,,,30.0,581420.0,
2025-09-15 05:27:20.000,2025-09-15 05:27:53,2078739311909552364,,,,,76.0
2025-09-15 05:27:30.000,2025-09-15 05:27:53,2078739311909568748,,,,,80.0
2025-09-15 05:27:40.000,2025-09-15 05:28:53,2078739567279603948,,,,,78.0
2025-09-15 05:27:41.000,2025-09-15 05:27:43,2078739271237239020,,28.000000000000004,,,
2025-09-15 05:27:45.000,2025-09-15 05:28:53,2078739567321579756,78.11552778926705,,,,
2025-09-15 05:27:51.000,2025-09-15 05:28:53,2078739567321596140,,,,,79.0
2025-09-15 05:28:01.000,2025-09-15 05:28:53,2078739567321612524,,,,,75.0
2025-09-15 05:28:09.000,2025-09-15 05:28:53,2078739567321628908,,,30.0,581460.0,
2025-09-15 05:28:12.000,2025-09-15 05:28:53,2078739567321645292,,,,,77.0
2025-09-15 05:28:22.000,2025-09-15 05:28:53,2078739567321678060,,,,,75.0
2025-09-15 05:28:32.000,2025-09-15 05:28:53,2078739567321710828,,,,,68.0
2025-09-15 05:28:43.000,2025-09-15 05:28:44,2078739525990875372,,33.0,,,
2025-09-15 05:28:43.000,2025-09-15 05:29:54,2078739821395706092,,,,,72.0
2025-09-15 05:28:53.000,2025-09-15 05:29:54,2078739821437698284,,,,,78.0
2025-09-15 05:29:04.000,2025-09-15 05:29:54,2078739821437714668,,,,,74.0
2025-09-15 05:29:09.000,2025-09-15 05:29:54,2078739821437731052,,,30.0,581510.0,
2025-09-15 05:29:14.000,2025-09-15 05:29:54,2078739821437747436,70.71493391444993,,,,72.0
2025-09-15 05:29:24.000,2025-09-15 05:29:54,2078739821437763820,,,,,48.0
2025-09-15 05:29:27.000,2025-09-15 05:29:54,2078739821437780204,47.46121602350806,,,,
2025-09-15 05:29:35.000,2025-09-15 05:30:55,2078740077353107692,,,,,53.0
2025-09-15 05:29:44.000,2025-09-15 05:29:45,2078739782900383980,,35.0,,,
2025-09-15 05:29:53.000,2025-09-15 05:30:55,2078740077395099884,37.669689542988024,,,,
2025-09-15 05:29:56.000,2025-09-15 05:30:55,2078740077395116268,,,,,38.0
2025-09-15 05:30:00.000,2025-09-15 05:30:55,2078740077395132652,38.95127386765605,,,,
2025-09-15 05:30:06.000,2025-09-15 05:30:55,2078740077395149036,34.25460067783217,,,,35.0
2025-09-15 05:30:09.000,2025-09-15 05:30:55,2078740077395165420,,,31.0,581540.0,
2025-09-15 05:30:11.000,2025-09-15 05:30:55,2078740077395181804,37.76414156691586,,,,
2025-09-15 05:30:16.000,2025-09-15 05:30:55,2078740077395214572,,,,,52.0
2025-09-15 05:30:27.000,2025-09-15 05:30:55,2078740077395329260,,,,,21.0
2025-09-15 05:30:28.000,2025-09-15 05:30:55,2078740077395345644,24.496410205757254,,,,
2025-09-15 05:30:37.000,2025-09-15 05:31:56,2078740334254227692,,,,,60.99999999999999
2025-09-15 05:30:45.000,2025-09-15 05:30:46,2078740037872124140,,28.999999999999996,,,
2025-09-15 05:30:47.000,2025-09-15 05:31:56,2078740334296203500,,,,,66.0
2025-09-15 05:30:58.000,2025-09-15 05:31:56,2078740334296236268,,,,,64.0
2025-09-15 05:31:08.000,2025-09-15 05:31:56,2078740334296252652,,,,,43.0
2025-09-15 05:31:09.000,2025-09-15 05:31:56,2078740334296269036,,,30.0,581600.0,
2025-09-15 05:31:19.000,2025-09-15 05:31:56,2078740334296301804,,,,,36.0
2025-09-15 05:31:29.000,2025-09-15 05:31:56,2078740334296318188,,,,,41.0
2025-09-15 05:31:39.000,2025-09-15 05:32:56,2078740585623060716,,,,,38.0
2025-09-15 05:31:46.000,2025-09-15 05:31:47,2078740294785827052,,26.0,,,
2025-09-15 05:31:50.000,2025-09-15 05:32:56,2078740585665052908,,,,,49.0
2025-09-15 05:31:57.000,2025-09-15 05:32:56,2078740585665069292,44.77581534320656,,,,
2025-09-15 05:32:00.000,2025-09-15 05:32:56,2078740585665085676,,,,,43.0
2025-09-15 05:32:10.000,2025-09-15 05:32:56,2078740585665102060,,,30.0,581670.0,
2025-09-15 05:32:11.000,2025-09-15 05:32:56,2078740585665118444,,,,,11.0
2025-09-15 05:32:21.000,2025-09-15 05:32:56,2078740585665151212,,,,,32.0
2025-09-15 05:32:27.000,2025-09-15 05:32:56,2078740585665167596,35.795465068184484,,,,
2025-09-15 05:32:31.000,2025-09-15 05:32:56,2078740585665183980,,,,,44.0
2025-09-15 05:32:42.000,2025-09-15 05:33:57,2078740839793688812,,,,,26.0
2025-09-15 05:32:45.000,2025-09-15 05:33:57,2078740839835631852,11.747238975967209,,,,
2025-09-15 05:32:47.000,2025-09-15 05:32:48,2078740551754055916,,17.0,,,
2025-09-15 05:32:52.000,2025-09-15 05:33:57,2078740839835664620,,,,,28.0
2025-09-15 05:33:03.000,2025-09-15 05:33:57,2078740839835713772,,,,,41.0
2025-09-15 05:33:10.000,2025-09-15 05:33:57,2078740839835730156,,,30.0,581740.0,
2025-09-15 05:33:13.000,2025-09-15 05:33:57,2078740839835746540,,,,,22.0
2025-09-15 05:33:23.000,2025-09-15 05:33:57,2078740839835779308,,,,,33.0
2025-09-15 05:33:34.000,2025-09-15 05:33:57,2078740839835795692,,,,,26.0
2025-09-15 05:33:44.001,2025-09-15 05:34:58,2078741095067451628,,,,,0.0
2025-09-15 05:33:53.000,2025-09-15 05:33:53,2078740824895521004,,27.0,,,
2025-09-15 05:33:54.000,2025-09-15 05:34:58,2078741095067730156,,,,,36.0
2025-09-15 05:34:02.000,2025-09-15 05:34:58,2078741095067746540,30.789507800008643,,,,
2025-09-15 05:34:05.000,2025-09-15 05:34:58,2078741095067762924,,,,,29.0
2025-09-15 05:34:11.000,2025-09-15 05:34:58,2078741095067779308,26.000234586726098,,30.0,581760.0,
2025-09-15 05:34:15.000,2025-09-15 05:34:58,2078741095067795692,,,,,19.0
2025-09-15 05:34:22.000,2025-09-15 05:34:58,2078741095067828460,29.404211449066903,,,,
2025-09-15 05:34:25.000,2025-09-15 05:34:58,2078741095067844844,,,,,30.000000000000004
2025-09-15 05:34:36.000,2025-09-15 05:34:58,2078741095067861228,,,,,21.0
2025-09-15 05:34:46.000,2025-09-15 05:35:58,2078741349993021676,,,,,17.0
2025-09-15 05:34:49.000,2025-09-15 05:35:58,2078741350034964716,12.964003284214165,,,,
2025-09-15 05:34:54.000,2025-09-15 05:34:54,2078741081150718188,,28.999999999999996,,,
2025-09-15 05:34:57.000,2025-09-15 05:35:58,2078741350034997484,,,,,9.0
2025-09-15 05:35:07.000,2025-09-15 05:35:58,2078741350035013868,,,,,7.0
2025-09-15 05:35:11.000,2025-09-15 05:35:58,2078741350035030252,,,31.0,581770.0,
2025-09-15 05:35:17.000,2025-09-15 05:35:58,2078741350035112172,,,,,0.0
2025-09-15 05:36:12.000,2025-09-15 05:36:59,2078741605900140780,,,31.0,,
2025-09-15 05:36:19.000,2025-09-15 05:36:59,2078741605900173548,0.14445603659552927,,,,
2025-09-15 05:37:12.000,2025-09-15 05:37:51,2078741822405918956,,,31.0,,
2025-09-15 05:38:12.000,2025-09-15 05:38:51,2078742074265534700,,,31.0,,
2025-09-15 05:38:25.000,2025-09-15 05:38:51,2078742074265682156,,,,,12.0
2025-09-15 05:38:27.000,2025-09-15 05:38:51,2078742074265731308,13.80295949674974,,,,
2025-09-15 05:38:29.000,2025-09-15 05:38:30,2078741985492992236,,22.0,,,
2025-09-15 05:38:35.000,2025-09-15 05:39:52,2078742330143146220,,,,,10.0
2025-09-15 05:38:45.000,2025-09-15 05:39:52,2078742330185089260,,,,,2.0
2025-09-15 05:38:56.000,2025-09-15 05:39:52,2078742330185138412,,,,,1.0
2025-09-15 05:39:06.000,2025-09-15 05:39:52,2078742330185154796,,,,,0.0
2025-09-15 05:39:13.001,2025-09-15 05:39:52,2078742330185384172,,,31.0,581790.0,
2025-09-15 05:39:31.000,2025-09-15 05:39:32,2078742244956831980,,30.0,,,
2025-09-15 05:39:36.000,2025-09-15 05:40:02,2078742370379120876,,,,581800.0,
2025-09-15 05:40:14.000,2025-09-15 05:41:03,2078742625283784940,,,31.0,,
2025-09-15 05:41:14.000,2025-09-15 05:42:03,2078742880024821996,,,31.0,,
2025-09-15 05:42:14.000,2025-09-15 05:43:04,2078743134623465708,,,31.0,,
2025-09-15 05:43:15.000,2025-09-15 05:44:05,2078743389360144620,,,31.0,,
2025-09-15 05:43:26.000,2025-09-15 05:44:05,2078743389360193772,0.0,,,,
2025-09-15 05:44:15.000,2025-09-15 05:46:05,2078743895885316332,,,31.0,,
2025-09-15 05:45:16.000,2025-09-15 05:46:05,2078743895885463788,,,31.0,,
2025-09-15 05:46:31.000,2025-09-16 05:47:31,2079106641239785708,,,31.0,,
2025-09-16 05:46:41.000,2025-09-16 05:47:33,2079106651301871852,,,31.0,,
2025-09-16 05:47:41.000,2025-09-17 05:48:37,2079469307565195500,,,31.0,,
2025-09-17 05:47:49.000,2025-09-17 05:48:39,2079469313651196140,,,31.0,,
2025-09-17 05:48:49.000,2025-09-18 05:49:54,2079832019608568044,,,31.0,,
2025-09-18 05:48:57.000,2025-09-18 05:49:56,2079832025753190636,,,31.0,,
2025-09-18 05:49:57.000,2025-09-18 16:29:00,2079992854276473068,,,31.0,,
2025-09-18 16:28:11.000,2025-09-18 16:29:02,2079992860710535404,,,31.0,,
2025-09-18 16:29:12.000,2025-09-18 16:29:39,2079993014859759852,,,31.0,,
2025-09-18 16:29:28.000,2025-09-18 16:29:29,2079992974619476204,,28.999999999999996,,,
2025-09-18 16:30:13.000,2025-09-18 16:31:05,2079993376924877036,,,31.0,581820.0,
2025-09-18 16:30:29.000,2025-09-18 16:31:05,2079993378983903468,,28.999999999999996,,,
2025-09-18 16:30:46.000,2025-09-18 16:31:40,2079993524861862124,,,,,3.0
2025-09-18 16:30:56.000,2025-09-18 16:31:40,2079993524861894892,,,,,7.0
2025-09-18 16:31:07.000,2025-09-18 16:31:40,2079993524861911276,,,,,8.0
2025-09-18 16:31:11.000,2025-09-18 16:31:40,2079993524861927660,8.919234259539346,,,,
2025-09-18 16:31:13.000,2025-09-18 16:31:40,2079993524861944044,,,31.0,,
2025-09-18 16:31:17.000,2025-09-18 16:31:40,2079993524861976812,,,,,20.0
2025-09-18 16:31:27.000,2025-09-18 16:32:41,2079993780630520044,,,,,11.0
2025-09-18 16:31:30.000,2025-09-18 16:31:31,2079993486009958636,,23.0,,,
2025-09-18 16:31:38.000,2025-09-18 16:32:41,2079993780630569196,,,,,8.0
2025-09-18 16:31:48.000,2025-09-18 16:32:41,2079993780630601964,,,,,24.0
2025-09-18 16:31:55.000,2025-09-18 16:32:41,2079993780630618348,14.004827547889647,,,,
2025-09-18 16:31:58.000,2025-09-18 16:32:41,2079993780630634732,,,,,14.0
2025-09-18 16:32:09.000,2025-09-18 16:32:41,2079993780630651116,,,,,22.0
2025-09-18 16:32:10.000,2025-09-18 16:32:41,2079993780630667500,22.877761795699655,,,,
2025-09-18 16:32:13.000,2025-09-18 16:32:41,2079993780630683884,,,30.0,581900.0,
2025-09-18 16:32:19.000,2025-09-18 16:32:41,2079993780630716652,,,,,25.0
2025-09-18 16:32:30.000,2025-09-18 16:33:42,2079994036357185772,,,,,22.0
2025-09-18 16:32:31.000,2025-09-18 16:32:33,2079993744211312876,,35.0,,,
2025-09-18 16:32:34.000,2025-09-18 16:33:42,2079994036357218540,15.530875934488568,,,,
2025-09-18 16:32:47.000,2025-09-18 16:33:42,2079994036357284076,1.7612524461839532,,,,
2025-09-18 16:32:50.000,2025-09-18 16:33:42,2079994036357316844,,,,,14.0
2025-09-18 16:33:01.000,2025-09-18 16:33:42,2079994036357349612,,,,,30.000000000000004
2025-09-18 16:33:11.000,2025-09-18 16:33:42,2079994036357365996,,,,,26.0
2025-09-18 16:33:13.000,2025-09-18 16:33:42,2079994036357382380,27.58554698833857,,30.0,581940.0,
2025-09-18 16:33:22.000,2025-09-18 16:33:42,2079994036357415148,,,,,31.0
2025-09-18 16:33:32.000,2025-09-18 16:34:43,2079994292394295532,,,,,27.0
2025-09-18 16:33:33.000,2025-09-18 16:33:34,2079994000571384044,,32.0,,,
2025-09-18 16:33:36.000,2025-09-18 16:34:43,2079994292394328300,14.421527653453673,,,,
2025-09-18 16:33:42.000,2025-09-18 16:34:43,2079994292394344684,,,,,16.0
2025-09-18 16:33:53.000,2025-09-18 16:34:43,2079994292394410220,,,,,35.0
2025-09-18 16:34:03.000,2025-09-18 16:34:43,2079994292394459372,,,,,21.0
2025-09-18 16:34:07.000,2025-09-18 16:34:43,2079994292394475756,14.458567662837142,,,,
2025-09-18 16:34:13.000,2025-09-18 16:34:43,2079994292394492140,,,28.999999999999996,581980.0,38.0
2025-09-18 16:34:24.000,2025-09-18 16:35:44,2079994547873562860,,,,,35.0
2025-09-18 16:34:33.000,2025-09-18 16:34:35,2079994256109338860,,48.0,,,
2025-09-18 16:34:34.000,2025-09-18 16:35:44,2079994547873595628,,,,,31.0
2025-09-18 16:34:44.000,2025-09-18 16:35:44,2079994547873644780,,,,,20.0
2025-09-18 16:34:46.000,2025-09-18 16:35:44,2079994547873661164,30.102415625945294,,,,
2025-09-18 16:34:55.000,2025-09-18 16:35:44,2079994547873710316,,,,,41.0
2025-09-18 16:35:05.000,2025-09-18 16:35:44,2079994547873743084,,,,,50.0
2025-09-18 16:35:14.000,2025-09-18 16:35:44,2079994547873775852,,,28.999999999999996,582030.0,
2025-09-18 16:35:15.000,2025-09-18 16:35:44,2079994547873792236,,,,,36.0
2025-09-18 16:35:25.000,2025-09-18 16:36:45,2079994802467766508,15.177143844876442,,,,
2025-09-18 16:35:26.000,2025-09-18 16:36:45,2079994802505515244,,,,,16.0
2025-09-18 16:35:34.000,2025-09-18 16:35:36,2079994512263872748,,32.0,,,
2025-09-18 16:35:36.000,2025-09-18 16:36:45,2079994802505548012,,,,,49.0
2025-09-18 16:35:46.000,2025-09-18 16:36:45,2079994802505597164,,,,,20.0
2025-09-18 16:35:57.000,2025-09-18 16:36:45,2079994802505646316,,,,,53.0
2025-09-18 16:36:07.000,2025-09-18 16:36:45,2079994802505662700,,,,,62.0
2025-09-18 16:36:15.000,2025-09-18 16:36:45,2079994802505679084,,,28.999999999999996,582100.0,
2025-09-18 16:36:17.000,2025-09-18 16:36:45,2079994802505695468,,,,,68.0
2025-09-18 16:36:28.000,2025-09-18 16:37:46,2079995059725418732,,,,,49.0
2025-09-18 16:36:35.000,2025-09-18 16:36:39,2079994779445231852,,31.0,,,
2025-09-18 16:36:36.000,2025-09-18 16:37:46,2079995059725451500,20.712773247235887,,,,
2025-09-18 16:36:38.000,2025-09-18 16:37:46,2079995059725484268,,,,,25.0
2025-09-18 16:36:48.000,2025-09-18 16:37:46,2079995059725517036,,,,,42.0
2025-09-18 16:36:54.000,2025-09-18 16:37:46,2079995059725549804,31.461783970318606,,,,
2025-09-18 16:36:59.000,2025-09-18 16:37:46,2079995059725566188,40.50139826035423,,,,41.0
2025-09-18 16:37:05.000,2025-09-18 16:37:46,2079995059725582572,33.91753659244261,,,,
2025-09-18 16:37:09.000,2025-09-18 16:37:46,2079995059725598956,,,,,44.0
2025-09-18 16:37:10.000,2025-09-18 16:37:46,2079995059725615340,42.110786668065955,,,,
2025-09-18 16:37:15.000,2025-09-18 16:37:46,2079995059725631724,,,28.999999999999996,582170.0,
2025-09-18 16:37:20.000,2025-09-18 16:37:46,2079995059725648108,,,,,60.00000000000001
2025-09-18 16:37:30.000,2025-09-18 16:38:47,2079995314726519020,,,,,63.0
2025-09-18 16:37:33.000,2025-09-18 16:38:47,2079995314726535404,66.55534086068636,,,,
2025-09-18 16:37:36.000,2025-09-18 16:37:37,2079995020261196012,,23.0,,,
2025-09-18 16:37:40.000,2025-09-18 16:38:47,2079995314726584556,,,,,76.0
2025-09-18 16:37:51.000,2025-09-18 16:38:47,2079995314726617324,,,,,81.0
2025-09-18 16:38:01.000,2025-09-18 16:38:47,2079995314726633708,,,,,85.0
2025-09-18 16:38:12.000,2025-09-18 16:38:47,2079995314726650092,,,,,88.0
2025-09-18 16:38:16.000,2025-09-18 16:38:47,2079995314726666476,,,28.999999999999996,582270.0,
2025-09-18 16:38:22.000,2025-09-18 16:38:47,2079995314726699244,,,,,86.0
2025-09-18 16:38:37.000,2025-09-18 16:38:39,2079995279519514860,,28.000000000000004,,,
2025-09-18 16:38:43.000,2025-09-18 16:39:53,2079995593626829036,,,,,89.0
2025-09-18 16:38:53.000,2025-09-18 16:39:53,2079995593626861804,,,,,90.0
2025-09-18 16:39:03.000,2025-09-18 16:39:53,2079995593626878188,86.26618185409941,,,,88.0
2025-09-18 16:39:14.000,2025-09-18 16:39:53,2079995593626894572,,,,,92.0
2025-09-18 16:39:16.000,2025-09-18 16:39:53,2079995593626910956,,,28.999999999999996,582390.0,
2025-09-18 16:39:24.000,2025-09-18 16:39:53,2079995593627042028,,,,,95.0
2025-09-18 16:39:35.000,2025-09-18 16:40:48,2079995823050981612,,,,,96.0
2025-09-18 16:39:37.000,2025-09-18 16:39:39,2079995532859670764,,28.000000000000004,,,
2025-09-18 16:39:45.000,2025-09-18 16:40:48,2079995823051030764,,,,,78.0
2025-09-18 16:39:55.000,2025-09-18 16:40:48,2079995823051079916,,,,,87.0
2025-09-18 16:40:06.000,2025-09-18 16:40:48,2079995823051096300,,,,,99.0
2025-09-18 16:40:16.000,2025-09-18 16:40:48,2079995823051112684,,,28.999999999999996,582490.0,
2025-09-18 16:40:26.000,2025-09-18 16:40:48,2079995823051145452,,,,,90.0
2025-09-18 16:40:34.000,2025-09-18 16:41:49,2079996077691371756,87.40701414311025,,,,
2025-09-18 16:40:37.000,2025-09-18 16:41:49,2079996077729120492,,,,,89.0
2025-09-18 16:40:38.000,2025-09-18 16:40:39,2079995786183049452,,22.0,,,
2025-09-18 16:40:47.000,2025-09-18 16:41:49,2079996077729169644,,,,,90.0
2025-09-18 16:40:58.000,2025-09-18 16:41:49,2079996077729202412,,,,,93.0
2025-09-18 16:41:08.000,2025-09-18 16:41:49,2079996077729218796,,,,,88.0
2025-09-18 16:41:16.000,2025-09-18 16:41:49,2079996077729235180,,,28.999999999999996,582670.0,
2025-09-18 16:41:18.000,2025-09-18 16:41:49,2079996077729251564,,,,,87.0
2025-09-18 16:41:39.000,2025-09-18 16:42:58,2079996366653767916,,,,,88.0
2025-09-18 16:41:40.000,2025-09-18 16:41:41,2079996043176444140,,26.0,,,
2025-09-18 16:41:41.000,2025-09-18 16:42:58,2079996366653784300,87.57554618580504,,,,
2025-09-18 16:41:49.000,2025-09-18 16:42:58,2079996366653849836,,,,,93.0
2025-09-18 16:42:00.000,2025-09-18 16:42:58,2079996366653882604,,,,,92.0
2025-09-18 16:42:10.000,2025-09-18 16:42:58,2079996366653898988,,,,,95.0
2025-09-18 16:42:16.000,2025-09-18 16:42:58,2079996366653915372,,,28.999999999999996,582780.0,
2025-09-18 16:42:21.000,2025-09-18 16:42:58,2079996366653931756,,,,,89.0
2025-09-18 16:42:31.000,2025-09-18 16:43:51,2079996588142362860,,,,,86.0
2025-09-18 16:42:41.000,2025-09-18 16:42:43,2079996304229941484,,32.0,,,
2025-09-18 16:42:41.000,2025-09-18 16:43:51,2079996588142412012,,,,,73.0
2025-09-18 16:42:52.000,2025-09-18 16:43:51,2079996588142461164,,,,,89.0
2025-09-18 16:43:02.000,2025-09-18 16:43:51,2079996588142493932,,,,,90.0
2025-09-18 16:43:11.000,2025-09-18 16:43:51,2079996588142510316,87.6477742041028,,,,
2025-09-18 16:43:12.000,2025-09-18 16:43:51,2079996588142526700,,,,,89.0
2025-09-18 16:43:17.000,2025-09-18 16:43:51,2079996588142543084,,,28.999999999999996,582860.0,
2025-09-18 16:43:23.000,2025-09-18 16:43:51,2079996588142559468,,,,,88.0
2025-09-18 16:43:33.000,2025-09-18 16:44:52,2079996844376621292,,,,,75.0
2025-09-18 16:43:41.000,2025-09-18 16:43:43,2079996554248356076,,35.0,,,
2025-09-18 16:43:44.000,2025-09-18 16:44:52,2079996844414370028,,,,,67.0
2025-09-18 16:43:54.000,2025-09-18 16:44:52,2079996844414419180,,,,,73.0
2025-09-18 16:44:00.000,2025-09-18 16:44:52,2079996844414435564,54.654385845777746,,,,
2025-09-18 16:44:04.000,2025-09-18 16:44:52,2079996844414451948,,,,,51.0
2025-09-18 16:44:13.000,2025-09-18 16:44:52,2079996844414484716,36.68812929432609,,,,
2025-09-18 16:44:15.000,2025-09-18 16:44:52,2079996844414501100,,,,,34.0
2025-09-18 16:44:17.000,2025-09-18 16:44:52,2079996844414517484,,,28.999999999999996,582880.0,
2025-09-18 16:44:21.000,2025-09-18 16:44:52,2079996844414533868,19.70528499200553,,,,
2025-09-18 16:44:25.000,2025-09-18 16:44:52,2079996844414615788,,,,,27.0
2025-09-18 16:44:35.000,2025-09-18 16:45:52,2079997098765336812,,,,,72.0
2025-09-18 16:44:42.000,2025-09-18 16:44:43,2079996809819717868,,20.0,,,
2025-09-18 16:44:46.000,2025-09-18 16:45:52,2079997098765369580,,,,,68.0
2025-09-18 16:44:56.000,2025-09-18 16:45:52,2079997098765402348,,,,,58.0
2025-09-18 16:45:07.000,2025-09-18 16:45:52,2079997098765418732,,,,,51.0
2025-09-18 16:45:17.000,2025-09-18 16:45:52,2079997098765451500,,,28.999999999999996,583010.0,
2025-09-18 16:45:28.000,2025-09-18 16:45:52,2079997098765484268,,,,,28.0
2025-09-18 16:45:38.000,2025-09-18 16:46:54,2079997355481891052,,,,,42.0
2025-09-18 16:45:43.000,2025-09-18 16:45:53,2079997099549688044,,28.000000000000004,,,
2025-09-18 16:45:52.000,2025-09-18 16:46:54,2079997355519688940,43.640539055603234,,,,
2025-09-18 16:45:59.000,2025-09-18 16:46:54,2079997355519721708,,,,,45.0
2025-09-18 16:46:09.000,2025-09-18 16:46:54,2079997355519738092,,,,,54.0
2025-09-18 16:46:18.000,2025-09-18 16:46:54,2079997355519754476,,,28.999999999999996,583040.0,
2025-09-18 16:46:20.000,2025-09-18 16:46:54,2079997355519770860,,,,,56.0
2025-09-18 16:46:30.000,2025-09-18 16:46:54,2079997355519820012,,,,,45.0
2025-09-18 16:46:40.000,2025-09-18 16:47:54,2079997610508189932,,,,,25.0
2025-09-18 16:46:44.000,2025-09-18 16:46:46,2079997322300768492,,33.0,,,
2025-09-18 16:46:47.000,2025-09-18 16:47:54,2079997610508206316,32.32111218801509,,,,
2025-09-18 16:46:51.000,2025-09-18 16:47:54,2079997610508222700,,,,,42.0
2025-09-18 16:47:01.000,2025-09-18 16:47:54,2079997610508255468,,,,,70.0
2025-09-18 16:47:12.000,2025-09-18 16:47:54,2079997610508288236,,,,,81.0
2025-09-18 16:47:18.000,2025-09-18 16:47:54,2079997610508304620,79.82307222184497,,28.000000000000004,583090.0,
2025-09-18 16:47:22.000,2025-09-18 16:47:54,2079997610508321004,,,,,79.0
2025-09-18 16:47:32.000,2025-09-18 16:47:54,2079997610508353772,,,,,69.0
2025-09-18 16:47:43.000,2025-09-18 16:48:55,2079997865530245356,,,,,63.0
2025-09-18 16:47:45.000,2025-09-18 16:47:46,2079997576601403628,,27.0,,,
2025-09-18 16:47:53.000,2025-09-18 16:48:55,2079997865530310892,,,,,60.00000000000001
2025-09-18 16:48:04.000,2025-09-18 16:48:55,2079997865530343660,,,,,44.0
2025-09-18 16:48:14.000,2025-09-18 16:48:55,2079997865530409196,,,,,23.0
2025-09-18 16:48:18.000,2025-09-18 16:48:55,2079997865530425580,,,28.000000000000004,583100.0,
2025-09-18 16:48:25.000,2025-09-18 16:48:55,2079997865530441964,,,,,27.0
2025-09-18 16:48:35.000,2025-09-18 16:48:55,2079997865530474732,,,,,39.0
2025-09-18 16:48:45.000,2025-09-18 16:49:56,2079998121202843884,,,,,36.0
2025-09-18 16:48:46.000,2025-09-18 16:48:48,2079997834198778092,,28.999999999999996,,,
2025-09-18 16:48:48.000,2025-09-18 16:49:56,2079998121202860268,36.35847321081322,,,,
2025-09-18 16:48:56.000,2025-09-18 16:49:56,2079998121202893036,,,,,48.0
2025-09-18 16:49:06.000,2025-09-18 16:49:56,2079998121202909420,,,,,60.99999999999999
2025-09-18 16:49:16.000,2025-09-18 16:49:56,2079998121202942188,,,,,33.0
2025-09-18 16:49:19.000,2025-09-18 16:49:56,2079998121202974956,,,28.999999999999996,583150.0,
2025-09-18 16:49:27.000,2025-09-18 16:49:56,2079998121203024108,,,,,53.0
2025-09-18 16:49:37.000,2025-09-18 16:50:57,2079998375922532588,,,,,82.0
2025-09-18 16:49:48.000,2025-09-18 16:49:49,2079998091607408876,,28.000000000000004,,,
2025-09-18 16:49:48.000,2025-09-18 16:50:57,2079998375922548972,,,,,89.0
2025-09-18 16:49:58.000,2025-09-18 16:50:57,2079998375922614508,,,,,91.0
2025-09-18 16:50:08.000,2025-09-18 16:50:57,2079998375922630892,,,,,89.0
2025-09-18 16:50:19.000,2025-09-18 16:50:57,2079998375922647276,,,28.000000000000004,583320.0,92.0
2025-09-18 16:50:20.000,2025-09-18 16:50:57,2079998375922663660,89.99611079901474,,,,
2025-09-18 16:50:29.000,2025-09-18 16:50:57,2079998375922696428,,,,,94.0
2025-09-18 16:50:49.000,2025-09-18 16:50:50,2079998348860850412,,23.0,,,
2025-09-18 16:50:50.000,2025-09-18 16:51:58,2079998630944571628,,,,,93.0
2025-09-18 16:51:00.000,2025-09-18 16:51:58,2079998630944620780,,,,,83.0
2025-09-18 16:51:11.000,2025-09-18 16:51:58,2079998630944669932,,,,,77.0
2025-09-18 16:51:19.000,2025-09-18 16:51:58,2079998630944686316,,,28.000000000000004,583430.0,
2025-09-18 16:51:21.000,2025-09-18 16:51:58,2079998630944702700,,,,,29.0
2025-09-18 16:51:27.000,2025-09-18 16:51:58,2079998630944719084,27.576286985992706,,,,
2025-09-18 16:51:31.000,2025-09-18 16:51:58,2079998630944735468,,,,,49.0
2025-09-18 16:51:42.000,2025-09-18 16:53:03,2079998904002150636,,,,,80.0
2025-09-18 16:51:50.000,2025-09-18 16:51:51,2079998604277186796,,28.999999999999996,,,
2025-09-18 16:51:52.000,2025-09-18 16:53:03,2079998904044142828,,,,,66.0
2025-09-18 16:52:02.000,2025-09-18 16:53:03,2079998904044175596,,,,,64.0
2025-09-18 16:52:09.000,2025-09-18 16:53:03,2079998904044191980,69.1407335156525,,,,
2025-09-18 16:52:13.000,2025-09-18 16:53:03,2079998904044208364,,,,,71.0
2025-09-18 16:52:19.000,2025-09-18 16:53:03,2079998904044224748,,,28.000000000000004,583510.0,
2025-09-18 16:52:23.000,2025-09-18 16:53:03,2079998904044241132,,,,,62.0
2025-09-18 16:52:44.000,2025-09-18 16:54:07,2079999173943394540,,,,,38.0
2025-09-18 16:52:48.000,2025-09-18 16:54:07,2079999173943410924,27.357750930630235,,,,
2025-09-18 16:52:51.000,2025-09-18 16:52:53,2079998862331740396,,30.0,,,
2025-09-18 16:52:54.000,2025-09-18 16:54:07,2079999173943460076,,,,,27.0
2025-09-18 16:52:55.000,2025-09-18 16:54:07,2079999173943476460,27.781859038070955,,,,
2025-09-18 16:53:05.000,2025-09-18 16:54:07,2079999173943509228,,,,,59.0
2025-09-18 16:53:13.000,2025-09-18 16:54:07,2079999173943525612,75.50976312914,,,,
2025-09-18 16:53:15.000,2025-09-18 16:54:07,2079999173943558380,,,,,75.0
2025-09-18 16:53:19.000,2025-09-18 16:54:07,2079999173943591148,,,28.000000000000004,583560.0,
2025-09-18 16:53:26.000,2025-09-18 16:54:07,2079999173943607532,,,,,65.0
2025-09-18 16:53:36.000,2025-09-18 16:54:07,2079999173943640300,,,,,67.0
2025-09-18 16:53:46.000,2025-09-18 16:55:00,2079999395591373036,,,,,77.0
2025-09-18 16:53:52.000,2025-09-18 16:54:07,2079999175591723244,,30.0,,,
2025-09-18 16:53:57.000,2025-09-18 16:55:00,2079999395629138156,,,,,70.0
2025-09-18 16:54:07.000,2025-09-18 16:55:00,2079999395629170924,,,,,55.0
2025-09-18 16:54:12.000,2025-09-18 16:55:00,2079999395629203692,34.560180755245796,,,,
2025-09-18 16:54:17.000,2025-09-18 16:55:00,2079999395629220076,,,,,45.0
2025-09-18 16:54:20.000,2025-09-18 16:55:00,2079999395629236460,,,28.000000000000004,583590.0,
2025-09-18 16:54:28.000,2025-09-18 16:55:00,2079999395629252844,,,,,76.0
2025-09-18 16:54:38.000,2025-09-18 16:55:00,2079999395629367532,,,,,79.0
2025-09-18 16:54:49.000,2025-09-18 16:56:01,2079999653041963244,,,,,68.0
2025-09-18 16:54:53.000,2025-09-18 16:54:54,2079999370912088300,,28.999999999999996,,,
2025-09-18 16:54:59.000,2025-09-18 16:56:01,2079999653042028780,,,,,70.0
2025-09-18 16:55:09.000,2025-09-18 16:56:01,2079999653042061548,,,,,60.99999999999999
2025-09-18 16:55:20.000,2025-09-18 16:56:01,2079999653042094316,,,28.000000000000004,583660.0,65.0
2025-09-18 16:55:30.000,2025-09-18 16:56:01,2079999653042127084,,,,,69.0
2025-09-18 16:55:40.000,2025-09-18 16:56:01,2079999653042159852,,,,,60.99999999999999
2025-09-18 16:55:42.000,2025-09-18 16:57:01,2079999904486260972,58.87139091408571,,,,
2025-09-18 16:55:51.000,2025-09-18 16:57:01,2079999904524026092,,,,,31.0
2025-09-18 16:55:52.000,2025-09-18 16:57:01,2079999904524042476,30.97470784692599,,,,
2025-09-18 16:55:54.000,2025-09-18 16:55:55,2079999626504569068,,34.0,,,
2025-09-18 16:56:00.000,2025-09-18 16:57:01,2079999904524108012,34.106440640298295,,,,
2025-09-18 16:56:01.000,2025-09-18 16:57:01,2079999904524124396,,,,,40.0
2025-09-18 16:56:11.000,2025-09-18 16:57:01,2079999904524157164,,,,,80.0
2025-09-18 16:56:20.000,2025-09-18 16:57:01,2079999904524189932,,,28.000000000000004,583710.0,
2025-09-18 16:56:22.000,2025-09-18 16:57:01,2079999904524206316,,,,,76.0
2025-09-18 16:56:32.000,2025-09-18 16:57:01,2079999904524255468,,,,,69.0
2025-09-18 16:56:43.000,2025-09-18 16:58:02,2080000158870798572,,,,,71.0
2025-09-18 16:56:53.000,2025-09-18 16:58:02,2080000158908547308,,,,,77.0
2025-09-18 16:56:54.000,2025-09-18 16:56:56,2079999880520007916,,28.999999999999996,,,
2025-09-18 16:57:03.000,2025-09-18 16:58:02,2080000158908612844,,,,,81.0
2025-09-18 16:57:14.000,2025-09-18 16:58:02,2080000158908629228,,,,,74.0
2025-09-18 16:57:20.000,2025-09-18 16:58:02,2080000158908645612,,,28.000000000000004,583800.0,
2025-09-18 16:57:22.000,2025-09-18 16:58:02,2080000158908661996,78.7803959577003,,,,
2025-09-18 16:57:24.000,2025-09-18 16:58:02,2080000158908678380,,,,,80.0
2025-09-18 16:57:35.000,2025-09-18 16:58:02,2080000158908727532,,,,,73.0
2025-09-18 16:57:45.000,2025-09-18 16:59:03,2080000414668816620,,,,,72.0
2025-09-18 16:57:55.000,2025-09-18 16:58:02,2080000158719803628,,32.0,,,
2025-09-18 16:57:55.000,2025-09-18 16:59:03,2080000414668833004,,,,,64.0
2025-09-18 16:58:06.000,2025-09-18 16:59:03,2080000414668914924,,,,,58.0
2025-09-18 16:58:16.000,2025-09-18 16:59:03,2080000414668980460,,,,,14.0
2025-09-18 16:58:21.000,2025-09-18 16:59:03,2080000414669013228,,,28.000000000000004,583830.0,
2025-09-18 16:58:22.000,2025-09-18 16:59:03,2080000414669029612,22.87405779476131,,,,
2025-09-18 16:58:26.000,2025-09-18 16:59:03,2080000414669045996,,,,,39.0
2025-09-18 16:58:37.000,2025-09-18 16:59:03,2080000414669095148,,,,,45.0
2025-09-18 16:58:47.000,2025-09-18 17:00:04,2080000670001266924,,,,,24.0
2025-09-18 16:58:50.000,2025-09-18 17:00:04,2080000670001283308,20.699809243951677,,,,
2025-09-18 16:58:56.000,2025-09-18 16:58:57,2080000389909856492,,13.0,,,
2025-09-18 16:58:57.000,2025-09-18 17:00:04,2080000670001299692,38.07342564526783,,,,
2025-09-18 16:58:58.000,2025-09-18 17:00:04,2080000670001316076,,,,,39.0
2025-09-18 16:59:08.000,2025-09-18 17:00:04,2080000670001365228,,,,,67.0
2025-09-18 16:59:21.000,2025-09-18 17:00:04,2080000670001397996,,,28.000000000000004,583900.0,
2025-09-18 16:59:29.000,2025-09-18 17:00:04,2080000670001414380,,,,,56.0
2025-09-18 16:59:34.000,2025-09-18 17:00:04,2080000670001479916,47.31305598597419,,,,
2025-09-18 16:59:39.000,2025-09-18 17:00:04,2080000670001545452,,,,,29.0
2025-09-18 16:59:49.000,2025-09-18 17:01:13,2080000961895465196,,,,,40.0
2025-09-18 16:59:57.000,2025-09-18 16:59:58,2080000647389774060,,28.999999999999996,,,
2025-09-18 17:00:00.000,2025-09-18 17:01:13,2080000961933246700,,,,,43.0
2025-09-18 17:00:10.000,2025-09-18 17:01:13,2080000961933279468,,,,,53.0
2025-09-18 17:00:22.000,2025-09-18 17:01:13,2080000961933312236,,,28.000000000000004,583940.0,
2025-09-18 17:00:31.000,2025-09-18 17:01:13,2080000961933345004,46.05925166834376,,,,34.0
2025-09-18 17:00:40.000,2025-09-18 17:01:13,2080000961933394156,37.23261743226308,,,,
2025-09-18 17:00:41.000,2025-09-18 17:01:13,2080000961933410540,,,,,40.0
2025-09-18 17:00:52.000,2025-09-18 17:02:05,2080001180217458924,,,,,67.0
2025-09-18 17:00:58.000,2025-09-18 17:00:59,2080000900893507820,,25.0,,,
2025-09-18 17:01:02.000,2025-09-18 17:02:05,2080001180259352812,,,,,78.0
2025-09-18 17:01:05.000,2025-09-18 17:02:05,2080001180259369196,79.58231216085241,,,,
2025-09-18 17:01:12.000,2025-09-18 17:02:05,2080001180259385580,,,,,80.0
2025-09-18 17:01:22.000,2025-09-18 17:02:05,2080001180259401964,,,27.0,584050.0,
2025-09-18 17:01:23.000,2025-09-18 17:02:05,2080001180259418348,,,,,81.0
2025-09-18 17:01:31.000,2025-09-18 17:02:05,2080001180259434732,77.86365572545947,,,,
2025-09-18 17:01:33.000,2025-09-18 17:02:05,2080001180259467500,,,,,80.0
2025-09-18 17:01:44.000,2025-09-18 17:02:05,2080001180259500268,,,,,77.0
2025-09-18 17:01:58.000,2025-09-18 17:03:06,2080001436334276844,71.463142103996,,,,
2025-09-18 17:01:59.000,2025-09-18 17:02:01,2080001159795310828,,32.0,,,
2025-09-18 17:02:04.000,2025-09-18 17:03:06,2080001436334342380,,,,,65.0
2025-09-18 17:02:15.000,2025-09-18 17:03:06,2080001436334391532,,,,,53.0
2025-09-18 17:02:22.000,2025-09-18 17:03:06,2080001436334407916,,,27.0,584100.0,
2025-09-18 17:02:25.000,2025-09-18 17:03:06,2080001436334440684,38.31788970719873,,,,39.0
2025-09-18 17:02:29.000,2025-09-18 17:03:06,2080001436334457068,42.26635470747652,,,,
2025-09-18 17:02:35.000,2025-09-18 17:03:06,2080001436334489836,,,,,45.0
2025-09-18 17:02:46.000,2025-09-18 17:03:06,2080001436334522604,,,,,96.0
2025-09-18 17:02:55.000,2025-09-18 17:04:08,2080001692958507244,103.43793020427564,,,,
2025-09-18 17:02:56.000,2025-09-18 17:04:08,2080001692958523628,,,,,105.0
2025-09-18 17:03:00.000,2025-09-18 17:03:07,2080001437697310956,,27.0,,,
2025-09-18 17:03:06.000,2025-09-18 17:04:08,2080001692958605548,,,,,119.00000000000001
2025-09-18 17:03:17.000,2025-09-18 17:04:08,2080001692958638316,,,,,96.0
2025-09-18 17:03:22.000,2025-09-18 17:04:08,2080001692958654700,,,27.0,584240.0,
2025-09-18 17:03:27.000,2025-09-18 17:04:08,2080001692958671084,38.67347379728003,,,,38.0
2025-09-18 17:03:34.000,2025-09-18 17:04:08,2080001692958703852,32.930420342373154,,,,
2025-09-18 17:03:41.000,2025-09-18 17:04:08,2080001692958736620,38.619765783674005,,,,
2025-09-18 17:03:48.000,2025-09-18 17:05:09,2080001949343695084,,,,,77.0
2025-09-18 17:03:58.000,2025-09-18 17:05:09,2080001949343711468,,,,,112.0
2025-09-18 17:04:01.000,2025-09-18 17:04:02,2080001671127122156,,20.0,,,
2025-09-18 17:04:09.000,2025-09-18 17:05:09,2080001949343744236,,,,,103.0
2025-09-18 17:04:19.000,2025-09-18 17:05:09,2080001949343760620,,,,,106.0
2025-09-18 17:04:22.000,2025-09-18 17:05:09,2080001949343777004,,,27.0,584380.0,
2025-09-18 17:04:24.000,2025-09-18 17:05:09,2080001949343793388,107.38639520455347,,,,
2025-09-18 17:04:30.000,2025-09-18 17:05:09,2080001949343809772,,,,,114.0
2025-09-18 17:04:40.000,2025-09-18 17:05:09,2080001949343940844,,,,,88.0
2025-09-18 17:04:50.000,2025-09-18 17:06:10,2080002204046983404,19.338588899109187,,,,24.0
2025-09-18 17:04:59.000,2025-09-18 17:06:10,2080002204084748524,32.684104279973084,,,,
2025-09-18 17:05:00.000,2025-09-18 17:06:10,2080002204084764908,,,,,33.0
2025-09-18 17:05:03.000,2025-09-18 17:05:04,2080001927868858604,,20.0,,,
2025-09-18 17:05:11.000,2025-09-18 17:06:10,2080002204084830444,,,,,78.0
2025-09-18 17:05:21.000,2025-09-18 17:06:10,2080002204084863212,,,,,111.0
2025-09-18 17:05:22.000,2025-09-18 17:06:10,2080002204084879596,109.7828838116639,,,,
2025-09-18 17:05:23.000,2025-09-18 17:06:10,2080002204084895980,,,27.0,584490.0,
2025-09-18 17:05:31.000,2025-09-18 17:06:10,2080002204084928748,,,,,110.0
2025-09-18 17:05:42.000,2025-09-18 17:06:10,2080002204084961516,,,,,92.0
2025-09-18 17:05:52.000,2025-09-18 17:07:10,2080002458544783596,,,,,81.0
2025-09-18 17:06:03.000,2025-09-18 17:07:10,2080002458544799980,,,,,51.0
2025-09-18 17:06:04.000,2025-09-18 17:06:05,2080002185294250220,,26.0,,,
2025-09-18 17:06:13.000,2025-09-18 17:07:10,2080002458544865516,,,,,22.0
2025-09-18 17:06:14.000,2025-09-18 17:07:10,2080002458544881900,24.659386247044516,,,,
2025-09-18 17:06:20.000,2025-09-18 17:07:10,2080002458544914668,35.10466889318278,,,,
2025-09-18 17:06:23.000,2025-09-18 17:07:10,2080002458544931052,,,27.0,584570.0,37.0
2025-09-18 17:06:34.000,2025-09-18 17:07:10,2080002458544963820,,,,,76.0
2025-09-18 17:06:44.000,2025-09-18 17:07:10,2080002458544996588,,,,,94.0
2025-09-18 17:06:55.000,2025-09-18 17:08:13,2080002723951935724,,,,,108.0
2025-09-18 17:07:05.000,2025-09-18 17:08:13,2080002723951952108,,,,,112.0
2025-09-18 17:07:06.000,2025-09-18 17:07:07,2080002444997165292,,27.0,,,
2025-09-18 17:07:15.000,2025-09-18 17:08:13,2080002723952017644,,,,,104.0
2025-09-18 17:07:24.000,2025-09-18 17:08:13,2080002723952050412,,,27.0,584740.0,
2025-09-18 17:07:26.000,2025-09-18 17:08:13,2080002723952066796,,,,,102.0
2025-09-18 17:07:36.000,2025-09-18 17:08:13,2080002723952083180,,,,,101.0
2025-09-18 17:07:46.000,2025-09-18 17:08:13,2080002723952099564,102.4434059523295,,,,104.0
2025-09-18 17:07:57.000,2025-09-18 17:09:11,2080002965447377132,,,,,117.0
2025-09-18 17:08:07.000,2025-09-18 17:08:14,2080002725394776300,,20.0,,,
2025-09-18 17:08:07.000,2025-09-18 17:09:11,2080002965485142252,,,,,123.0
2025-09-18 17:08:14.000,2025-09-18 17:09:11,2080002965485224172,125.81009587189097,,,,127.0
2025-09-18 17:08:18.000,2025-09-18 17:09:11,2080002965485256940,,,,,129.0
2025-09-18 17:08:24.000,2025-09-18 17:09:11,2080002965485273324,,,26.0,585010.0,
2025-09-18 17:08:28.000,2025-09-18 17:09:11,2080002965485289708,,,,,120.99999999999999
2025-09-18 17:08:30.000,2025-09-18 17:09:11,2080002965485306092,120.90044262811215,,,,123.0
2025-09-18 17:08:38.000,2025-09-18 17:09:11,2080002965485338860,,,,,121.99999999999999
2025-09-18 17:08:49.000,2025-09-18 17:09:11,2080002965485355244,,,,,118.0
2025-09-18 17:08:59.000,2025-09-18 17:10:12,2080003219844497644,,,,,123.0
2025-09-18 17:09:04.000,2025-09-18 17:10:12,2080003219844514028,129.30852475815962,,,,131.0
2025-09-18 17:09:07.000,2025-09-18 17:09:15,2080002980525900012,,32.0,,,
2025-09-18 17:09:09.000,2025-09-18 17:10:12,2080003219844546796,,,,,125.0
2025-09-18 17:09:15.000,2025-09-18 17:10:12,2080003219844579564,115.29443720792409,,,,117.0
2025-09-18 17:09:18.000,2025-09-18 17:10:12,2080003219844595948,113.79802082883195,,,,
2025-09-18 17:09:20.000,2025-09-18 17:10:12,2080003219844612332,,,,,115.0
2025-09-18 17:09:24.000,2025-09-18 17:10:12,2080003219844628716,,,26.0,585170.0,
2025-09-18 17:09:41.000,2025-09-18 17:10:12,2080003219844727020,,,,,117.0
2025-09-18 17:09:51.000,2025-09-18 17:10:12,2080003219844776172,,,,,120.99999999999999
2025-09-18 17:10:01.000,2025-09-18 17:11:12,2080003473772249324,,,,,106.0
2025-09-18 17:10:09.000,2025-09-18 17:10:10,2080003212521259244,,26.0,,,
2025-09-18 17:10:12.000,2025-09-18 17:11:12,2080003473772314860,,,,,109.0
2025-09-18 17:10:22.000,2025-09-18 17:11:12,2080003473772331244,,,,,112.0
2025-09-18 17:10:24.000,2025-09-18 17:11:12,2080003473772347628,,,26.0,585310.0,
2025-09-18 17:10:33.000,2025-09-18 17:11:12,2080003473772364012,,,,,111.0
2025-09-18 17:10:43.000,2025-09-18 17:11:12,2080003473772396780,,,,,107.0
2025-09-18 17:10:47.000,2025-09-18 17:11:12,2080003473772413164,103.43978220474483,,,,
2025-09-18 17:10:53.000,2025-09-18 17:12:13,2080003728361914604,,,,,102.0
2025-09-18 17:11:04.000,2025-09-18 17:12:13,2080003728399696108,,,,,94.0
2025-09-18 17:11:10.000,2025-09-18 17:11:11,2080003467929190636,,26.0,,,
2025-09-18 17:11:24.000,2025-09-18 17:12:13,2080003728399794412,,,26.0,585380.0,99.0
2025-09-18 17:11:35.000,2025-09-18 17:12:13,2080003728399810796,,,,,101.0
2025-09-18 17:11:45.000,2025-09-18 17:12:13,2080003728399843564,,,,,108.0
2025-09-18 17:11:56.000,2025-09-18 17:13:14,2080003982494810348,,,,,90.0
2025-09-18 17:12:06.000,2025-09-18 17:13:14,2080003982532542700,,,,,80.0
2025-09-18 17:12:10.000,2025-09-18 17:12:11,2080003720891859180,,28.999999999999996,,,
2025-09-18 17:12:16.000,2025-09-18 17:13:14,2080003982532591852,,,,,79.0
2025-09-18 17:12:18.000,2025-09-18 17:13:14,2080003982532608236,78.13034379302043,,,,
2025-09-18 17:12:25.000,2025-09-18 17:13:14,2080003982532641004,,,26.0,585460.0,
2025-09-18 17:12:27.000,2025-09-18 17:13:14,2080003982532657388,,,,,64.0
2025-09-18 17:12:37.000,2025-09-18 17:13:14,2080003982532690156,,,,,63.0
2025-09-18 17:12:48.000,2025-09-18 17:13:14,2080003982532722924,,,,,59.0
2025-09-18 17:12:58.000,2025-09-18 17:14:14,2080004236774473964,,,,,72.0
2025-09-18 17:13:08.000,2025-09-18 17:14:14,2080004236812222700,,,,,86.0
2025-09-18 17:13:11.000,2025-09-18 17:13:12,2080003977188999404,,28.999999999999996,,,
2025-09-18 17:13:19.000,2025-09-18 17:14:14,2080004236812304620,,,,,87.0
2025-09-18 17:13:25.000,2025-09-18 17:14:14,2080004236812321004,,,26.0,585520.0,
2025-09-18 17:13:27.000,2025-09-18 17:14:14,2080004236812337388,91.31658713353542,,,,
2025-09-18 17:13:29.000,2025-09-18 17:14:14,2080004236812353772,,,,,94.0
2025-09-18 17:13:39.000,2025-09-18 17:14:14,2080004236812386540,,,,,98.0
2025-09-18 17:13:50.000,2025-09-18 17:14:14,2080004236812435692,,,,,104.0
2025-09-18 17:14:00.000,2025-09-18 17:15:15,2080004491112874220,,,,,115.0
2025-09-18 17:14:10.000,2025-09-18 17:15:15,2080004491154850028,,,,,116.0
2025-09-18 17:14:12.000,2025-09-18 17:14:14,2080004236627673324,,17.0,,,
2025-09-18 17:14:21.000,2025-09-18 17:15:15,2080004491154882796,,,,,124.0
2025-09-18 17:14:25.000,2025-09-18 17:15:15,2080004491154899180,,,26.0,585600.0,
2025-09-18 17:14:26.000,2025-09-18 17:15:15,2080004491154915564,121.34862674165211,,,,120.99999999999999
2025-09-18 17:14:31.000,2025-09-18 17:15:15,2080004491154931948,,,,,118.0
2025-09-18 17:14:33.000,2025-09-18 17:15:15,2080004491154948332,116.80196558983128,,,,
2025-09-18 17:14:42.000,2025-09-18 17:15:15,2080004491154981100,,,,,115.0
2025-09-18 17:14:52.000,2025-09-18 17:15:15,2080004491155079404,,,,,110.0
2025-09-18 17:14:58.000,2025-09-18 17:16:37,2080004836970987756,107.81791131387087,,,,
2025-09-18 17:15:02.000,2025-09-18 17:16:37,2080004836971004140,,,,,109.0
2025-09-18 17:15:13.000,2025-09-18 17:15:14,2080004489053470956,,19.0,,,
2025-09-18 17:15:13.000,2025-09-18 17:16:37,2080004836971036908,,,,,119.00000000000001
2025-09-18 17:15:19.000,2025-09-18 17:16:37,2080004836971069676,124.97484366029371,,,,126.0
2025-09-18 17:15:23.000,2025-09-18 17:16:37,2080004836971086060,,,,,120.99999999999999
2025-09-18 17:15:25.000,2025-09-18 17:16:37,2080004836971102444,,,26.0,585860.0,
2025-09-18 17:15:27.000,2025-09-18 17:16:37,2080004836971118828,119.11511417582894,,,,120.00000000000001
2025-09-18 17:15:33.000,2025-09-18 17:16:37,2080004836971135212,,,,,118.0
2025-09-18 17:15:44.000,2025-09-18 17:16:37,2080004836971167980,,,,,119.00000000000001
2025-09-18 17:15:47.000,2025-09-18 17:16:37,2080004836971184364,118.68359806651152,,,,
2025-09-18 17:15:54.000,2025-09-18 17:16:37,2080004836971200748,,,,,117.0
2025-09-18 17:16:04.000,2025-09-18 17:17:16,2080004999496089836,,,,,110.0
2025-09-18 17:16:14.000,2025-09-18 17:16:38,2080004838430605548,,22.0,,,
2025-09-18 17:16:15.000,2025-09-18 17:17:16,2080004999533871340,,,,,115.0
2025-09-18 17:16:25.000,2025-09-18 17:17:16,2080004999533904108,,,26.0,586000.0,113.0
2025-09-18 17:16:36.000,2025-09-18 17:17:16,2080004999533920492,,,,,106.0
2025-09-18 17:16:46.000,2025-09-18 17:17:16,2080004999533953260,,,,,118.0
2025-09-18 17:16:56.000,2025-09-18 17:17:16,2080004999533969644,,,,,119.00000000000001
2025-09-18 17:17:07.000,2025-09-18 17:18:17,2080005255122141420,,,,,115.0
2025-09-18 17:17:15.000,2025-09-18 17:17:16,2080005000288829676,,28.999999999999996,,,
2025-09-18 17:17:16.000,2025-09-18 17:18:17,2080005255122174188,109.1143116422923,,,,
2025-09-18 17:17:17.000,2025-09-18 17:18:17,2080005255122190572,,,,,110.0
2025-09-18 17:17:25.000,2025-09-18 17:18:17,2080005255122223340,,,25.0,586200.0,
2025-09-18 17:17:27.000,2025-09-18 17:18:17,2080005255122239724,,,,,108.0
2025-09-18 17:17:38.000,2025-09-18 17:18:17,2080005255122288876,,,,,112.0
2025-09-18 17:17:48.000,2025-09-18 17:18:17,2080005255122321644,,,,,117.0
2025-09-18 17:17:59.000,2025-09-18 17:19:18,2080005509343084780,,,,,113.0
2025-09-18 17:18:09.000,2025-09-18 17:19:18,2080005509380849900,,,,,110.0
2025-09-18 17:18:16.000,2025-09-18 17:18:19,2080005262319550700,,21.0,,,
2025-09-18 17:18:19.000,2025-09-18 17:19:18,2080005509380931820,,,,,105.0
2025-09-18 17:18:26.000,2025-09-18 17:19:18,2080005509380948204,,,25.0,586360.0,
2025-09-18 17:18:40.000,2025-09-18 17:19:18,2080005509380980972,,,,,99.0
2025-09-18 17:18:46.000,2025-09-18 17:19:18,2080005509380997356,99.78948928000396,,,,
2025-09-18 17:18:51.000,2025-09-18 17:19:18,2080005509381013740,,,,,102.0
2025-09-18 17:19:01.000,2025-09-18 17:20:19,2080005765313069292,,,,,104.0
2025-09-18 17:19:17.000,2025-09-18 17:19:18,2080005512769831148,,27.0,,,
2025-09-18 17:19:22.000,2025-09-18 17:20:19,2080005765350883564,,,,,103.0
2025-09-18 17:19:26.000,2025-09-18 17:20:19,2080005765350899948,,,25.0,586440.0,
2025-09-18 17:19:32.000,2025-09-18 17:20:19,2080005765350916332,,,,,104.0
2025-09-18 17:19:42.000,2025-09-18 17:20:19,2080005765350949100,,,,,75.0
2025-09-18 17:19:48.000,2025-09-18 17:20:19,2080005765355077868,55.29703000858094,,,,
2025-09-18 17:19:53.000,2025-09-18 17:20:19,2080005765355127020,,,,,26.0
2025-09-18 17:19:57.000,2025-09-18 17:20:19,2080005765355159788,12.739911227444178,,,,
2025-09-18 17:20:03.000,2025-09-18 17:21:20,2080006021299896556,,,,,4.0
2025-09-18 17:20:10.000,2025-09-18 17:21:20,2080006021299929324,39.942094118663846,,,,
2025-09-18 17:20:14.000,2025-09-18 17:21:20,2080006021299962092,,,,,47.0
2025-09-18 17:20:18.000,2025-09-18 17:20:20,2080005770904076524,,33.0,,,
2025-09-18 17:20:24.000,2025-09-18 17:21:20,2080006021300027628,,,,,20.0
2025-09-18 17:20:26.000,2025-09-18 17:21:20,2080006021300060396,,,26.0,586490.0,
2025-09-18 17:20:27.000,2025-09-18 17:21:20,2080006021300076780,14.816003753387617,,,,
2025-09-18 17:20:34.000,2025-09-18 17:21:20,2080006021300093164,,,,,18.0
2025-09-18 17:20:42.000,2025-09-18 17:21:20,2080006021300125932,9.634106440640299,,,,
2025-09-18 17:20:45.000,2025-09-18 17:21:20,2080006021300142316,,,,,4.0
2025-09-18 17:20:55.000,2025-09-18 17:21:20,2080006021300207852,,,,,1.0
2025-09-18 17:21:05.000,2025-09-18 17:22:21,2080006276988879084,,,,,0.0
2025-09-18 17:21:15.000,2025-09-18 17:22:21,2080006276989108460,,,,,2.0
2025-09-18 17:21:19.000,2025-09-18 17:21:21,2080006028614697196,,19.0,,,
2025-09-18 17:21:26.000,2025-09-18 17:22:21,2080006276989157612,,,,,0.0
2025-09-18 17:21:27.000,2025-09-18 17:22:21,2080006276989173996,,,25.0,586500.0,
2025-09-18 17:22:12.000,2025-09-18 17:23:21,2080006531864084716,0.0,,,,
2025-09-18 17:22:20.000,2025-09-18 17:22:21,2080006280231010540,,22.0,,,
2025-09-18 17:22:27.000,2025-09-18 17:23:21,2080006531864133868,,,25.0,586510.0,
2025-09-18 17:23:21.000,2025-09-18 17:23:22,2080006535685079276,,20.0,,,
2025-09-18 17:23:27.000,2025-09-18 17:24:22,2080006786525577452,,,25.0,586520.0,
2025-09-18 17:24:22.000,2025-09-18 17:24:23,2080006790145130732,,21.0,,,
2025-09-18 17:24:28.000,2025-09-18 17:25:23,2080007041304346860,,,24.0,586530.0,
2025-09-18 17:25:23.000,2025-09-18 17:25:24,2080007046001852652,,21.0,,,
2025-09-18 17:25:28.000,2025-09-18 17:26:23,2080007295172968684,,,24.0,586540.0,
2025-09-18 17:26:25.000,2025-09-18 17:26:26,2080007304878489836,,21.0,,,
2025-09-18 17:26:28.000,2025-09-18 17:27:24,2080007550979604716,,,24.0,586550.0,
2025-09-18 17:27:13.000,2025-09-18 17:28:34,2080007841187381484,0.23520405958502846,,,,
2025-09-18 17:27:28.000,2025-09-18 17:28:34,2080007841187430636,,,24.0,,
2025-09-18 17:28:29.000,2025-09-18 17:29:34,2080008096142393580,,,24.0,,
2025-09-18 17:29:29.000,2025-09-18 17:30:35,2080008351143461100,,,24.0,,
2025-09-18 17:30:30.000,2025-09-18 17:31:27,2080008569008177388,,,24.0,,
2025-09-18 17:31:18.000,2025-09-18 17:32:28,2080008824781062380,,,,,6.0
2025-09-18 17:31:28.000,2025-09-18 17:32:28,2080008824781160684,16.48280417564373,,,,17.0
2025-09-18 17:31:30.000,2025-09-18 17:32:28,2080008824781177068,,,97.0,586580.0,
2025-09-18 17:31:39.000,2025-09-18 17:32:28,2080008824781209836,,,,,16.0
2025-09-18 17:31:45.000,2025-09-18 17:32:28,2080008824781242604,31.891448079166846,,,,
2025-09-18 17:31:49.000,2025-09-18 17:32:28,2080008824781291756,,,,,34.0
2025-09-18 17:31:59.000,2025-09-18 17:32:28,2080008824781324524,,,,,28.0
2025-09-18 17:32:07.000,2025-09-18 17:32:28,2080008824781340908,24.25379814429553,,,,
2025-09-18 17:32:10.000,2025-09-18 17:33:29,2080009080063181036,,,,,24.0
2025-09-18 17:32:19.000,2025-09-18 17:33:29,2080009080063230188,39.57354602529833,,,,
2025-09-18 17:32:20.000,2025-09-18 17:33:29,2080009080063246572,,,,,49.0
2025-09-18 17:32:30.000,2025-09-18 17:33:29,2080009080063262956,,,97.0,586650.0,71.0
2025-09-18 17:32:41.000,2025-09-18 17:33:29,2080009080063295724,,,,,60.00000000000001
2025-09-18 17:32:51.000,2025-09-18 17:33:29,2080009080063344876,,,,,63.0
2025-09-18 17:33:01.000,2025-09-18 17:33:29,2080009080063361260,,,,,57.0
2025-09-18 17:33:12.000,2025-09-18 17:34:30,2080009337538920684,,,,,45.0
2025-09-18 17:33:18.000,2025-09-18 17:34:30,2080009337538953452,23.23334588578096,,,,
2025-09-18 17:33:22.000,2025-09-18 17:34:30,2080009337538986220,,,,,24.0
2025-09-18 17:33:31.000,2025-09-18 17:34:30,2080009337539018988,,,97.0,586680.0,
2025-09-18 17:33:32.000,2025-09-18 17:34:30,2080009337539035372,,,,,39.0
2025-09-18 17:33:36.000,2025-09-18 17:34:30,2080009337539068140,51.754153111052126,,,,
2025-09-18 17:33:43.000,2025-09-18 17:34:30,2080009337539084524,,,,,62.0
2025-09-18 17:33:53.000,2025-09-18 17:34:30,2080009337539133676,,,,,46.0
2025-09-18 17:34:04.000,2025-09-18 17:34:30,2080009337539166444,,,,,0.0
2025-09-18 17:34:14.000,2025-09-18 17:34:15,2080009275089879276,,85.0,,,
2025-09-18 17:34:14.000,2025-09-18 17:35:30,2080009588815511788,,,,,46.0
2025-09-18 17:34:24.000,2025-09-18 17:35:30,2080009588815560940,,,,,65.0
2025-09-18 17:34:32.000,2025-09-18 17:35:30,2080009588815593708,,,97.0,586760.0,
2025-09-18 17:34:34.000,2025-09-18 17:35:30,2080009588815610092,,,,,1.0
2025-09-18 17:34:45.000,2025-09-18 17:35:30,2080009588815675628,,,,,48.0
2025-09-18 17:34:55.000,2025-09-18 17:35:30,2080009588815708396,,,,,66.0
2025-09-18 17:35:05.000,2025-09-18 17:35:30,2080009588815724780,81.03983653009193,,,,82.0
2025-09-18 17:35:16.000,2025-09-18 17:36:32,2080009846429614316,,,,,93.0
2025-09-18 17:35:26.000,2025-09-18 17:36:32,2080009846429663468,,,,,104.0
2025-09-18 17:35:32.000,2025-09-18 17:36:32,2080009846429679852,,,97.0,586950.0,
2025-09-18 17:35:36.000,2025-09-18 17:36:32,2080009846429696236,,,,,94.0
2025-09-18 17:35:41.000,2025-09-18 17:36:32,2080009846429712620,95.09096408971091,,,,
2025-09-18 17:35:47.000,2025-09-18 17:36:32,2080009846429729004,,,,,101.0
2025-09-18 17:35:55.000,2025-09-18 17:36:32,2080009846429761772,88.9182465259558,,,,
2025-09-18 17:35:57.000,2025-09-18 17:36:32,2080009846429778156,,,,,93.0
2025-09-18 17:36:08.000,2025-09-18 17:36:32,2080009846429860076,,,,,89.0
2025-09-18 17:36:12.000,2025-09-18 17:37:31,2080010097391567084,95.76509226049005,,,,
2025-09-18 17:36:18.000,2025-09-18 17:37:31,2080010097391583468,,,,,102.0
2025-09-18 17:36:28.000,2025-09-18 17:37:31,2080010097391616236,,,,,103.0
2025-09-18 17:36:32.000,2025-09-18 17:37:31,2080010097391632620,,,97.0,587180.0,
2025-09-18 17:36:39.000,2025-09-18 17:37:31,2080010097391649004,,,,,108.0
2025-09-18 17:36:49.000,2025-09-18 17:37:31,2080010097391665388,,,,,110.0
2025-09-18 17:36:59.000,2025-09-18 17:37:31,2080010097391714540,,,,,95.0
2025-09-18 17:37:08.000,2025-09-18 17:37:31,2080010097391747308,66.44422083253595,,,,
2025-09-18 17:37:10.000,2025-09-18 17:37:31,2080010097391763692,,,,,64.0
2025-09-18 17:37:20.000,2025-09-18 17:38:32,2080010350438121708,,,,,20.0
2025-09-18 17:37:25.000,2025-09-18 17:38:32,2080010350438154476,15.451239914314113,,,,
2025-09-18 17:37:31.000,2025-09-18 17:38:32,2080010350438170860,,,,,45.0
2025-09-18 17:37:33.000,2025-09-18 17:38:32,2080010350438187244,,,97.0,587350.0,
2025-09-18 17:37:41.000,2025-09-18 17:38:32,2080010350438203628,,,,,85.0
2025-09-18 17:37:51.000,2025-09-18 17:38:32,2080010350438220012,,,,,104.0
2025-09-18 17:38:02.000,2025-09-18 17:38:32,2080010350438236396,,,,,114.0
2025-09-18 17:38:12.000,2025-09-18 17:39:34,2080010611227361516,,,,,81.0
2025-09-18 17:38:19.000,2025-09-18 17:38:21,2080010305953333484,,92.0,,,
2025-09-18 17:38:22.000,2025-09-18 17:39:34,2080010611265208556,,,,,96.0
2025-09-18 17:38:33.000,2025-09-18 17:39:34,2080010611265241324,,,97.0,587590.0,94.0
2025-09-18 17:38:43.000,2025-09-18 17:39:34,2080010611265274092,,,,,99.0
2025-09-18 17:38:53.000,2025-09-18 17:39:34,2080010611265306860,,,,,102.0
2025-09-18 17:38:56.000,2025-09-18 17:39:34,2080010611265323244,101.24701364924346,,,,
2025-09-18 17:39:04.000,2025-09-18 17:39:34,2080010611265339628,,,,,118.0
2025-09-18 17:39:14.000,2025-09-18 17:40:34,2080010862449443052,,,,,97.0
2025-09-18 17:39:25.000,2025-09-18 17:40:34,2080010862449492204,,,,,99.0
2025-09-18 17:39:33.000,2025-09-18 17:40:34,2080010862449508588,,,97.0,587770.0,
2025-09-18 17:39:35.000,2025-09-18 17:40:34,2080010862449524972,,,,,87.0
2025-09-18 17:39:45.000,2025-09-18 17:40:34,2080010862449557740,,,,,95.0
2025-09-18 17:39:56.000,2025-09-18 17:40:34,2080010862449606892,,,,,90.0
2025-09-18 17:40:06.000,2025-09-18 17:40:34,2080010862449639660,,,,,103.0
2025-09-18 17:40:16.000,2025-09-18 17:41:35,2080011120269066476,,,,,91.0
2025-09-18 17:40:19.000,2025-09-18 17:41:35,2080011120269082860,76.98765950354041,,,,
2025-09-18 17:40:21.000,2025-09-18 17:40:23,2080010815083249900,,94.0,,,
2025-09-18 17:40:27.000,2025-09-18 17:41:35,2080011120269148396,,,,,78.0
2025-09-18 17:40:33.000,2025-09-18 17:41:35,2080011120269164780,,,98.0,587890.0,
2025-09-18 17:40:37.000,2025-09-18 17:41:35,2080011120269213932,,,,,84.0
2025-09-18 17:40:47.000,2025-09-18 17:41:35,2080011120269246700,,,,,99.0
2025-09-18 17:40:58.000,2025-09-18 17:41:35,2080011120269279468,,,,,108.0
2025-09-18 17:41:08.000,2025-09-18 17:41:35,2080011120269295852,,,,,102.0
2025-09-18 17:41:12.000,2025-09-18 17:41:35,2080011120269377772,98.61717298301717,,,,
2025-09-18 17:41:18.000,2025-09-18 17:42:47,2080011420560261356,,,,,101.0
2025-09-18 17:41:29.000,2025-09-18 17:42:47,2080011420598075628,,,,,88.0
2025-09-18 17:41:34.000,2025-09-18 17:42:47,2080011420598092012,,,98.0,587940.0,
2025-09-18 17:41:39.000,2025-09-18 17:42:47,2080011420598108396,85.9809737818467,,,,93.0
2025-09-18 17:41:50.000,2025-09-18 17:42:47,2080011420598141164,,,,,108.0
2025-09-18 17:42:00.000,2025-09-18 17:42:47,2080011420598173932,,,,,91.0
2025-09-18 17:42:08.000,2025-09-18 17:42:47,2080011420598206700,66.43125682925172,,,,
2025-09-18 17:42:10.000,2025-09-18 17:42:47,2080011420598223084,,,,,60.00000000000001
2025-09-18 17:42:21.000,2025-09-18 17:43:36,2080011625926000876,,,,,77.0
2025-09-18 17:42:28.000,2025-09-18 17:43:36,2080011625926066412,69.22222153629613,,,,
2025-09-18 17:42:31.000,2025-09-18 17:43:36,2080011625926082796,,,,,71.0
2025-09-18 17:42:34.000,2025-09-18 17:43:36,2080011625926099180,,,98.0,588010.0,
2025-09-18 17:42:42.000,2025-09-18 17:43:36,2080011625926115564,,,,,82.0
2025-09-18 17:42:52.000,2025-09-18 17:43:36,2080011625926131948,,,,,85.0
2025-09-18 17:43:02.000,2025-09-18 17:43:36,2080011625926181100,,,,,69.0
2025-09-18 17:43:09.000,2025-09-18 17:43:36,2080011625926213868,72.05022625272399,,,,
2025-09-18 17:43:13.000,2025-09-18 17:43:36,2080011625926246636,,,,,70.0
2025-09-18 17:43:23.000,2025-09-18 17:44:51,2080011942315016428,,,,,64.0
2025-09-18 17:43:34.000,2025-09-18 17:44:51,2080011942315065580,,,,,59.0
2025-09-18 17:43:35.000,2025-09-18 17:44:51,2080011942315081964,,,98.0,588100.0,
2025-09-18 17:43:44.000,2025-09-18 17:44:51,2080011942315098348,,,,,57.0
2025-09-18 17:43:48.000,2025-09-18 17:44:51,2080011942315114732,50.95964490977671,,,,
2025-09-18 17:43:54.000,2025-09-18 17:44:51,2080011942315147500,,,,,60.00000000000001
2025-09-18 17:44:05.000,2025-09-18 17:44:51,2080011942315213036,,,,,63.0
2025-09-18 17:44:15.000,2025-09-18 17:44:51,2080011942315245804,,,,,69.0
2025-09-18 17:44:25.000,2025-09-18 17:45:37,2080012135571669228,,,,,68.0
2025-09-18 17:44:35.000,2025-09-18 17:45:37,2080012135571718380,,,98.0,588120.0,
2025-09-18 17:44:36.000,2025-09-18 17:45:37,2080012135571734764,,,,,65.0
2025-09-18 17:44:46.000,2025-09-18 17:45:37,2080012135571751148,,,,,58.0
2025-09-18 17:44:52.000,2025-09-18 17:45:37,2080012135571767532,50.51331279670591,,,,
2025-09-18 17:44:56.000,2025-09-18 17:45:37,2080012135571800300,,,,,56.0
2025-09-18 17:45:07.000,2025-09-18 17:45:37,2080012135571816684,,,,,63.0
2025-09-18 17:45:17.000,2025-09-18 17:45:37,2080012135571833068,,,,,62.0
2025-09-18 17:45:27.000,2025-09-18 17:45:28,2080012095998394604,,91.0,,,
2025-09-18 17:45:28.000,2025-09-18 17:46:38,2080012390954516716,,,,,65.0
2025-09-18 17:45:35.000,2025-09-18 17:46:38,2080012390954549484,,,98.0,588190.0,
2025-09-18 17:45:38.000,2025-09-18 17:46:38,2080012390954565868,,,,,70.0
2025-09-18 17:45:59.000,2025-09-18 17:46:38,2080012390954615020,,,,,62.0
2025-09-18 17:46:06.000,2025-09-18 17:46:38,2080012390954631404,52.66348534141629,,,,
2025-09-18 17:46:09.000,2025-09-18 17:46:38,2080012390954647788,,,,,53.0
2025-09-18 17:46:20.000,2025-09-18 17:47:40,2080012650116284652,,,,,64.0
2025-09-18 17:46:28.000,2025-09-18 17:47:40,2080012650116317420,64.16811225592178,,,,
2025-09-18 17:46:30.000,2025-09-18 17:47:40,2080012650116350188,,,,,65.0
2025-09-18 17:46:35.000,2025-09-18 17:47:40,2080012650116366572,,,98.0,588270.0,
2025-09-18 17:46:40.000,2025-09-18 17:47:40,2080012650116399340,,,,,67.0
2025-09-18 17:46:50.000,2025-09-18 17:47:40,2080012650116415724,54.50992980918222,,,,
2025-09-18 17:46:51.000,2025-09-18 17:47:40,2080012650116432108,,,,,55.0
2025-09-18 17:47:00.000,2025-09-18 17:47:40,2080012650116464876,48.38351225715644,,,,
2025-09-18 17:47:01.000,2025-09-18 17:47:40,2080012650116481260,,,,,49.0
2025-09-18 17:47:12.000,2025-09-18 17:47:40,2080012650116497644,,,,,56.0
2025-09-18 17:47:22.000,2025-09-18 17:48:40,2080012901321818348,,,,,60.99999999999999
2025-09-18 17:47:32.000,2025-09-18 17:48:40,2080012901321883884,,,,,62.0
2025-09-18 17:47:35.000,2025-09-18 17:48:40,2080012901321900268,,,98.0,588360.0,
2025-09-18 17:47:53.000,2025-09-18 17:48:40,2080012901321949420,,,,,48.0
2025-09-18 17:48:03.000,2025-09-18 17:48:40,2080012901322014956,,,,,50.0
2025-09-18 17:48:09.000,2025-09-18 17:48:40,2080012901322031340,45.38882749850296,,,,
2025-09-18 17:48:13.000,2025-09-18 17:48:40,2080012901322047724,51.0929889435572,,,,
2025-09-18 17:48:14.000,2025-09-18 17:48:40,2080012901322064108,,,,,52.0
2025-09-18 17:48:21.000,2025-09-18 17:49:41,2080013157086036204,36.33254520424479,,,,
2025-09-18 17:48:24.000,2025-09-18 17:49:41,2080013157086068972,,,,,40.0
2025-09-18 17:48:26.000,2025-09-18 17:49:41,2080013157086085356,48.73354034583022,,,,
2025-09-18 17:48:30.000,2025-09-18 17:48:31,2080012862830412012,,95.0,,,
2025-09-18 17:48:32.000,2025-09-18 17:49:41,2080013157086134508,47.86680412625705,,,,
2025-09-18 17:48:35.000,2025-09-18 17:49:41,2080013157086150892,,,,,50.0
2025-09-18 17:48:36.000,2025-09-18 17:49:41,2080013157086167276,,,98.0,588400.0,
2025-09-18 17:48:38.000,2025-09-18 17:49:41,2080013157086183660,51.198552970300085,,,,
2025-09-18 17:48:43.000,2025-09-18 17:49:41,2080013157086200044,53.558001568027066,,,,
2025-09-18 17:48:45.000,2025-09-18 17:49:41,2080013157086216428,,,,,57.0
2025-09-18 17:48:55.000,2025-09-18 17:49:41,2080013157086232812,,,,,47.0
2025-09-18 17:49:02.000,2025-09-18 17:49:41,2080013157086265580,35.30468494385352,,,,
2025-09-18 17:49:06.000,2025-09-18 17:49:41,2080013157086281964,,,,,29.0
2025-09-18 17:49:10.000,2025-09-18 17:49:41,2080013157086298348,28.718971275472725,,,,
2025-09-18 17:49:16.000,2025-09-18 17:49:41,2080013157086314732,,,,,27.0
2025-09-18 17:49:26.000,2025-09-18 17:50:42,2080013412770775276,12.87510726169384,,,,
2025-09-18 17:49:27.000,2025-09-18 17:50:42,2080013412770791660,,,,,13.0
2025-09-18 17:49:36.000,2025-09-18 17:50:42,2080013412770873580,,,98.0,588460.0,
2025-09-18 17:49:37.000,2025-09-18 17:50:42,2080013412770889964,,,,,0.0
2025-09-18 17:49:47.000,2025-09-18 17:50:42,2080013412771168492,,,,,9.0
2025-09-18 17:49:57.000,2025-09-18 17:50:42,2080013412771217644,,,,,18.0
2025-09-18 17:50:02.000,2025-09-18 17:50:42,2080013412771266796,30.015371603894142,,,,
2025-09-18 17:50:08.000,2025-09-18 17:50:42,2080013412771299564,,,,,17.0
2025-09-18 17:50:16.000,2025-09-18 17:50:42,2080013412771332332,36.43810923098768,,,,
2025-09-18 17:50:18.000,2025-09-18 17:50:42,2080013412771365100,,,,,22.0
2025-09-18 17:50:28.000,2025-09-18 17:51:43,2080013668442996972,,,,,18.0
2025-09-18 17:50:30.000,2025-09-18 17:51:43,2080013668443029740,29.030107354293868,,,,
2025-09-18 17:50:37.000,2025-09-18 17:51:43,2080013668443078892,,,98.0,588500.0,
2025-09-18 17:50:39.000,2025-09-18 17:51:43,2080013668443095276,,,,,13.0
2025-09-18 17:50:41.000,2025-09-18 17:51:43,2080013668443111660,12.701019217591536,,,,
2025-09-18 17:50:49.000,2025-09-18 17:51:43,2080013668443128044,,,,,12.0
2025-09-18 17:50:53.000,2025-09-18 17:51:43,2080013668443144428,29.072703365084855,,,,
2025-09-18 17:51:00.000,2025-09-18 17:51:43,2080013668443160812,,,,,18.0
2025-09-18 17:51:04.000,2025-09-18 17:51:43,2080013668443177196,22.346237661046878,,,,
2025-09-18 17:51:10.000,2025-09-18 17:51:43,2080013668443193580,,,,,39.0
2025-09-18 17:51:20.000,2025-09-18 17:51:43,2080013668443308268,,,,,59.0
2025-09-18 17:51:30.000,2025-09-18 17:52:44,2080013923729277164,,,,,43.0
2025-09-18 17:51:37.000,2025-09-18 17:52:44,2080013923729309932,,,97.0,588550.0,
2025-09-18 17:51:41.000,2025-09-18 17:52:44,2080013923729326316,,,,,57.0
2025-09-18 17:51:50.000,2025-09-18 17:52:44,2080013923729359084,55.113681962132766,,,,
2025-09-18 17:51:51.000,2025-09-18 17:52:44,2080013923729375468,,,,,58.0
2025-09-18 17:52:02.000,2025-09-18 17:52:44,2080013923729441004,,,,,36.0
2025-09-18 17:52:06.000,2025-09-18 17:52:44,2080013923729473772,24.974226326804004,,,,
2025-09-18 17:52:12.000,2025-09-18 17:52:44,2080013923729490156,38.21602968139419,,,,39.0
2025-09-18 17:52:22.000,2025-09-18 17:52:44,2080013923729522924,,,,,37.0
2025-09-18 17:52:33.000,2025-09-18 17:53:52,2080014210703556844,,,,,55.0
2025-09-18 17:52:34.000,2025-09-18 17:52:36,2080013890896265452,,87.0,,,
2025-09-18 17:52:37.000,2025-09-18 17:53:52,2080014210703589612,,,98.0,588570.0,
2025-09-18 17:52:43.000,2025-09-18 17:53:52,2080014210703605996,,,,,45.0
2025-09-18 17:52:53.000,2025-09-18 17:53:52,2080014210703638764,,,,,36.0
2025-09-18 17:52:55.000,2025-09-18 17:53:52,2080014210703655148,33.0878403822529,,,,
2025-09-18 17:53:04.000,2025-09-18 17:53:52,2080014210703687916,,,,,34.0
2025-09-18 17:53:05.000,2025-09-18 17:53:52,2080014210703704300,30.70801977936501,,,,
2025-09-18 17:53:14.000,2025-09-18 17:53:52,2080014210703720684,,,,,39.0
2025-09-18 17:53:24.000,2025-09-18 17:53:52,2080014210703769836,,,,,44.0
2025-09-18 17:53:35.000,2025-09-18 17:53:43,2080014170903806188,,96.0,,,
2025-09-18 17:53:35.000,2025-09-18 17:54:45,2080014432397705452,,,,,43.0
2025-09-18 17:53:37.000,2025-09-18 17:54:45,2080014432397721836,,,97.0,588620.0,
2025-09-18 17:53:45.000,2025-09-18 17:54:45,2080014432397754604,,,,,39.0
2025-09-18 17:53:47.000,2025-09-18 17:54:45,2080014432397770988,42.43488675017131,,,,
2025-09-18 17:53:56.000,2025-09-18 17:54:45,2080014432397787372,,,,,51.0
2025-09-18 17:54:06.000,2025-09-18 17:54:45,2080014432397836524,,,,,42.0
2025-09-18 17:54:16.000,2025-09-18 17:54:45,2080014432397869292,,,,,33.0
2025-09-18 17:54:27.000,2025-09-18 17:56:13,2080014801525801196,,,,,46.0
2025-09-18 17:54:34.000,2025-09-18 17:56:13,2080014801563730156,42.74231882805411,,,,
2025-09-18 17:54:37.000,2025-09-18 17:56:13,2080014801563746540,,,97.0,588720.0,33.0
2025-09-18 17:54:41.000,2025-09-18 17:56:13,2080014801563795692,26.161358627544185,,,,
2025-09-18 17:54:48.000,2025-09-18 17:56:13,2080014801563812076,,,,,17.0
2025-09-18 17:54:53.000,2025-09-18 17:56:13,2080014801563828460,26.09839061159229,,,,
2025-09-18 17:54:58.000,2025-09-18 17:56:13,2080014801563844844,,,,,38.0
2025-09-18 17:55:05.000,2025-09-18 17:56:13,2080014801563893996,13.434411403384223,,,,
2025-09-18 17:55:08.000,2025-09-18 17:56:13,2080014801563926764,,,,,12.0
2025-09-18 17:55:19.000,2025-09-18 17:56:13,2080014801563959532,,,,,0.0
2025-09-18 17:55:38.000,2025-09-18 17:56:19,2080014825404170476,,,97.0,588770.0,
2025-09-18 17:56:35.000,2025-09-18 17:57:20,2080015080807809260,0.0,,,,
2025-09-18 17:56:38.000,2025-09-18 17:57:20,2080015080807825644,,,97.0,,
2025-09-18 17:57:39.000,2025-09-18 17:58:20,2080015334659653868,,,97.0,,
2025-09-18 17:58:39.000,2025-09-18 17:59:22,2080015594568171756,,,97.0,,
2025-09-18 17:59:40.000,2025-09-18 18:00:22,2080015844510892268,,,97.0,,
2025-09-18 18:00:40.000,2025-09-18 18:01:22,2080016098626961644,,,97.0,,
2025-09-18 18:01:41.000,2025-09-18 18:02:23,2080016354076885228,,,97.0,,
2025-09-18 18:02:56.000,2025-09-19 16:46:00,2080359518369218796,,,97.0,,
2025-09-19 16:45:10.000,2025-09-19 16:46:01,2080359524543234284,,,97.0,,
2025-09-19 16:45:41.000,2025-09-19 16:46:01,2080359524547657964,,,,,10.0
2025-09-19 16:45:43.000,2025-09-19 16:45:49,2080359472848437484,,92.0,,,
2025-09-19 16:45:51.000,2025-09-19 16:47:10,2080359812939383020,25.30388241031688,,,,25.0
2025-09-19 16:46:02.000,2025-09-19 16:47:10,2080359812939448556,,,,,18.0
2025-09-19 16:46:03.000,2025-09-19 16:47:10,2080359812939464940,19.240432874242995,,,,
2025-09-19 16:46:11.000,2025-09-19 16:47:10,2080359812939497708,,,97.0,588790.0,
2025-09-19 16:46:12.000,2025-09-19 16:47:10,2080359812939514092,,,,,37.0
2025-09-19 16:46:23.000,2025-09-19 16:47:10,2080359812939546860,,,,,53.0
2025-09-19 16:46:33.000,2025-09-19 16:47:10,2080359812939563244,,,,,30.000000000000004
2025-09-19 16:46:43.000,2025-09-19 16:47:10,2080359812939596012,,,,,38.0
2025-09-19 16:46:45.000,2025-09-19 16:46:46,2080359711072321772,,92.0,,,
2025-09-19 16:46:54.000,2025-09-19 16:48:07,2080360051813400812,,,,,48.0
2025-09-19 16:47:04.000,2025-09-19 16:48:07,2080360051817578732,,,,,35.0
2025-09-19 16:47:06.000,2025-09-19 16:48:07,2080360051817595116,36.493669245062875,,,,
2025-09-19 16:47:11.000,2025-09-19 16:48:07,2080360051817611500,,,97.0,588820.0,
2025-09-19 16:47:15.000,2025-09-19 16:48:07,2080360051817644268,,,,,44.0
2025-09-19 16:47:25.000,2025-09-19 16:48:07,2080360051817660652,,,,,56.0
2025-09-19 16:47:35.000,2025-09-19 16:48:07,2080360051817693420,,,,,55.0
2025-09-19 16:47:43.000,2025-09-19 16:48:07,2080360051817726188,44.67025131646367,,,,
2025-09-19 16:47:46.000,2025-09-19 16:47:47,2080359967772180716,,88.0,,,
2025-09-19 16:47:46.000,2025-09-19 16:48:07,2080360051817742572,,,,,47.0
2025-09-19 16:47:54.000,2025-09-19 16:49:08,2080360308043448556,53.1653774685623,,,,
2025-09-19 16:47:56.000,2025-09-19 16:49:08,2080360308043464940,,,,,54.0
2025-09-19 16:48:06.000,2025-09-19 16:49:08,2080360308043497708,,,,,56.0
2025-09-19 16:48:12.000,2025-09-19 16:49:08,2080360308043514092,,,97.0,588880.0,
2025-09-19 16:48:17.000,2025-09-19 16:49:08,2080360308043546860,,,,,40.0
2025-09-19 16:48:27.000,2025-09-19 16:49:08,2080360308043579628,,,,,30.000000000000004
2025-09-19 16:48:34.000,2025-09-19 16:49:08,2080360308047610092,0.23890806052337535,,,,
2025-09-19 16:48:38.000,2025-09-19 16:49:08,2080360308047642860,,,,,0.0
2025-09-19 16:48:48.000,2025-09-19 16:50:09,2080360563371671788,,,,,5.0
2025-09-19 16:48:49.000,2025-09-19 16:48:50,2080360229798674668,,90.0,,,
2025-09-19 16:48:58.000,2025-09-19 16:50:09,2080360563371753708,24.80939828504757,,,,25.0
2025-09-19 16:49:08.000,2025-09-19 16:50:09,2080360563371786476,,,,,11.0
2025-09-19 16:49:10.000,2025-09-19 16:50:09,2080360563371802860,8.659954193855064,,,,
2025-09-19 16:49:12.000,2025-09-19 16:50:09,2080360563371819244,,,97.0,588920.0,
2025-09-19 16:49:18.000,2025-09-19 16:50:09,2080360563371868396,,,,,1.0
2025-09-19 16:49:29.000,2025-09-19 16:50:09,2080360563371884780,,,,,0.0
2025-09-19 16:49:50.000,2025-09-19 16:51:10,2080360819366985964,,,,,11.0
2025-09-19 16:49:58.000,2025-09-19 16:51:10,2080360819367018732,10.752714724021065,,,,
2025-09-19 16:50:00.000,2025-09-19 16:51:10,2080360819367035116,,,,,10.0
2025-09-19 16:50:10.000,2025-09-19 16:51:10,2080360819367051500,,,,,8.0
2025-09-19 16:50:12.000,2025-09-19 16:51:10,2080360819367067884,,,97.0,588930.0,
2025-09-19 16:50:21.000,2025-09-19 16:51:10,2080360819367100652,,,,,3.0
2025-09-19 16:50:42.000,2025-09-19 16:51:10,2080360819367133420,,,,,0.0
2025-09-19 16:50:50.000,2025-09-19 16:51:17,2080360847107948780,,,,588940.0,
2025-09-19 16:51:12.000,2025-09-19 16:52:17,2080361102113407212,,,97.0,,
2025-09-19 16:51:28.000,2025-09-19 16:52:17,2080361102117454060,0.0,,,,
2025-09-19 16:52:13.000,2025-09-19 16:53:17,2080361353238823148,,,97.0,,
2025-09-19 16:53:13.000,2025-09-19 16:54:18,2080361608143454444,,,97.0,,
2025-09-19 16:54:14.000,2025-09-19 16:55:23,2080361879892426988,,,97.0,,
2025-09-19 16:55:15.000,2025-09-19 16:56:20,2080362117491343596,,,97.0,,
2025-09-19 16:56:15.000,2025-09-19 16:57:20,2080362372186259692,,,97.0,,
2025-09-19 16:57:24.000,2025-09-19 18:51:59,2080391223444521196,,,97.0,,
2025-09-19 18:51:00.000,2025-09-19 18:51:59,2080391223452909804,,,97.0,,
2025-09-19 18:51:18.000,2025-09-19 18:51:59,2080391223453008108,21.460981436781964,,,,
2025-09-19 18:51:29.000,2025-09-19 18:51:59,2080391223453040876,10.328606616580343,,,,
2025-09-19 18:51:41.001,2025-09-19 18:52:12,2080391276422758636,25.17053837653639,,,,
2025-09-19 18:51:51.000,2025-09-19 18:52:12,2080391276422938860,,,,,31.0
2025-09-19 18:51:55.000,2025-09-19 18:53:13,2080391535345582316,31.90811608338941,,,,
2025-09-19 18:52:01.000,2025-09-19 18:53:13,2080391535353938156,,,97.0,588980.0,
2025-09-19 18:52:02.000,2025-09-19 18:53:13,2080391535353954540,,,,,29.0
2025-09-19 18:52:04.000,2025-09-19 18:53:13,2080391535353970924,30.024631606240007,,,,
2025-09-19 18:52:12.000,2025-09-19 18:53:13,2080391535354003692,,,,,44.0
2025-09-19 18:52:23.000,2025-09-19 18:53:13,2080391535354020076,,,,,35.0
2025-09-19 18:52:46.000,2025-09-19 18:53:13,2080391535354085612,38.988313877039516,,,,
2025-09-19 18:52:54.000,2025-09-19 18:54:13,2080391786131374316,,,,,49.0
2025-09-19 18:53:01.000,2025-09-19 18:54:13,2080391786139746540,,,97.0,589020.0,
2025-09-19 18:53:04.000,2025-09-19 18:54:13,2080391786139795692,,,,,52.0
2025-09-19 18:53:15.000,2025-09-19 18:54:13,2080391786139812076,,,,,39.0
2025-09-19 18:53:16.000,2025-09-19 18:54:13,2080391786139828460,37.414113478242086,,,,
2025-09-19 18:53:25.000,2025-09-19 18:54:13,2080391786139844844,,,,,34.0
2025-09-19 18:53:27.000,2025-09-19 18:54:13,2080391786139861228,32.71188428701069,,,,
2025-09-19 18:53:35.000,2025-09-19 18:54:13,2080391786139893996,,,,,51.0
2025-09-19 18:53:46.000,2025-09-19 18:54:13,2080391786139910380,,,,,54.0
2025-09-19 18:53:56.000,2025-09-19 18:55:14,2080392040067137772,,,,,47.0
2025-09-19 18:54:01.000,2025-09-19 18:55:14,2080392040067154156,,,96.0,589110.0,
2025-09-19 18:54:07.000,2025-09-19 18:55:14,2080392040067186924,,,,,45.0
2025-09-19 18:54:17.000,2025-09-19 18:55:14,2080392040067203308,,,,,40.0
2025-09-19 18:54:19.000,2025-09-19 18:55:14,2080392040067219692,34.63796477495108,,,,
2025-09-19 18:54:27.000,2025-09-19 18:55:14,2080392040067236076,,,,,31.0
2025-09-19 18:54:28.000,2025-09-19 18:55:14,2080392040067252460,32.9970923592634,,,,
2025-09-19 18:54:38.000,2025-09-19 18:55:14,2080392040067301612,,,,,21.0
2025-09-19 18:54:40.000,2025-09-19 18:55:14,2080392040067317996,11.541666923888956,,,,
2025-09-19 18:54:48.000,2025-09-19 18:55:14,2080392040067334380,,,,,9.0
2025-09-19 18:54:58.000,2025-09-19 18:56:04,2080392249614565612,,,,,1.0
2025-09-19 18:55:02.000,2025-09-19 18:56:04,2080392249614581996,,,96.0,589170.0,
2025-09-19 18:55:09.000,2025-09-19 18:56:04,2080392249614614764,,,,,0.0
2025-09-19 18:55:19.000,2025-09-19 18:56:04,2080392249614926060,,,,,1.0
2025-09-19 18:55:29.000,2025-09-19 18:56:04,2080392249614958828,,,,,0.0
2025-09-19 18:55:37.002,2025-09-19 18:56:04,2080392249615024364,,,,589180.0,
2025-09-19 18:56:02.000,2025-09-19 18:57:04,2080392503302848748,,,96.0,,
2025-09-19 18:56:09.000,2025-09-19 18:57:04,2080392503302881516,0.0,,,,
2025-09-19 18:57:03.000,2025-09-19 18:58:05,2080392757704360172,,,96.0,,
2025-09-19 18:58:03.000,2025-09-19 18:59:05,2080393011342098668,,,96.0,,
2025-09-19 18:59:03.000,2025-09-19 19:00:06,2080393265051418860,,,96.0,,
2025-09-19 19:00:04.000,2025-09-19 19:01:06,2080393519377170668,,,96.0,,
2025-09-19 19:01:04.000,2025-09-19 19:02:07,2080393774084702444,,,96.0,,
2025-09-19 19:02:05.000,2025-09-19 19:02:29,2080393865059107052,,,96.0,,
2025-09-20 19:02:40.000,2025-09-20 19:03:33,2080756522995941612,,,96.0,,
2025-09-20 19:04:49.000,2025-09-20 19:05:52,2080757104574005484,,,96.0,589180.0,0.0
2025-09-20 19:05:49.000,2025-09-20 19:06:54,2080757364939587820,,,96.0,,
2025-09-20 19:06:50.000,2025-09-20 19:07:54,2080757616560095468,,,96.0,,
2025-09-20 19:07:50.000,2025-09-20 19:08:55,2080757870869119212,,,96.0,,
2025-09-20 19:08:51.000,2025-09-20 19:09:55,2080758126147027180,,,96.0,,
2025-09-20 19:09:51.000,2025-09-20 19:11:01,2080758403445096684,,,96.0,,
2025-09-20 19:09:53.000,2025-09-20 19:11:01,2080758403445129452,0.0,,,,
2025-09-20 19:11:06.000,2025-09-21 19:12:15,2081121101684932844,,,96.0,,
